url,change,changeDescription,multipleCompulsory,department,id,grade,class,name,credit,yearSemester,compulsory,restrict,select,selected,remaining,teacher,room,classTime,description,tags,english
https://selcrs.nsysu.edu.tw/menu5/showoutline.asp?SYEAR=114&SEM=2&CrsDat=STP102&Crsname=教育社會學,,,False,中學學程,STP102,0,不分班,"教育社會學
SOCIOLOGY OF EDUCATION",2,期,False,50,12,0,50,周珮儀,"二3,4(社SS 2006)","['', '34', '', '', '', '', '']","《講授類》
本課程為教育學程課程","['環境教育學程', '社會情緒學習與內在永續發展微學程']",False
https://selcrs.nsysu.edu.tw/menu5/showoutline.asp?SYEAR=114&SEM=2&CrsDat=STP103&Crsname=教育哲學,,,False,中學學程,STP103,0,不分班,"教育哲學
EDUCATIONAL PHILOSOPHY",2,期,False,50,7,0,50,張至慶,"四8,9(社SS 2006)","['', '', '', '89', '', '', '']","《講授類》
本課程為教育學程課程",['社會情緒學習與內在永續發展微學程'],False
https://selcrs.nsysu.edu.tw/menu5/showoutline.asp?SYEAR=114&SEM=2&CrsDat=STP124&Crsname=情感教育,,,False,中學學程,STP124,0,不分班,"情感教育
AFFECTIVE EDUCATION",2,期,False,30,4,0,30,"宋呈澔,張宇慧,張至慶,林靜慧,馮雅群","四3,4(社SS 2001)","['', '', '', '34', '', '', '']","《講授類》
本課程為教育學程課程",['社會情緒學習與內在永續發展微學程'],False
https://selcrs.nsysu.edu.tw/menu5/showoutline.asp?SYEAR=114&SEM=2&CrsDat=STP150&Crsname=文化人類學,,,False,中學學程,STP150,0,不分班,"文化人類學
CULTURAL ANTHROPOLOGY",2,期,False,50,2,0,50,陳威霖,"四5,6(社SS 2002-1)","['', '', '', '56', '', '', '']","《講授類》
本課程為教育學程課程",[],False
https://selcrs.nsysu.edu.tw/menu5/showoutline.asp?SYEAR=114&SEM=2&CrsDat=STP152&Crsname=公民教育,,,False,中學學程,STP152,0,不分班,"公民教育
CIVIC EDUCATION",2,期,False,50,3,0,50,林靜慧,"三3,4(社SS 2005)","['', '', '34', '', '', '', '']","《講授類》
本課程為教育學程課程",['社會情緒學習與內在永續發展微學程'],False
https://selcrs.nsysu.edu.tw/menu5/showoutline.asp?SYEAR=114&SEM=2&CrsDat=STP166&Crsname=生命教育,異動,更換時間及教室1/6,False,中學學程,STP166,0,不分班,"生命教育
LIFE EDUCATION",2,期,False,50,1,0,50,楊淑晴,"二6,7(社SS 2006)","['', '67', '', '', '', '', '']","《講授類》
本課程為教育學程課程",[],False
https://selcrs.nsysu.edu.tw/menu5/showoutline.asp?SYEAR=114&SEM=2&CrsDat=STP169&Crsname=資訊媒體素養與倫理,,,False,中學學程,STP169,0,不分班,"資訊媒體素養與倫理
INFORMATION LITERACY AND CYBER ETHICS",2,期,False,50,1,0,50,張宇慧,"二8,9(社SS 3006)","['', '89', '', '', '', '', '']","《講授類》
本課程為教育學程課程",[],False
https://selcrs.nsysu.edu.tw/menu5/showoutline.asp?SYEAR=114&SEM=2&CrsDat=STP170&Crsname=心理學,,,False,中學學程,STP170,0,不分班,"心理學
INTRODUCTION TO PSYCHOLOGY",3,期,False,10,2,0,10,"鄭雯,馮雅群","一5,6,7(社SS 2001)","['567', '', '', '', '', '', '']","《講授類》
本課程為教育學程課程",['人力資源管理學程'],False
https://selcrs.nsysu.edu.tw/menu5/showoutline.asp?SYEAR=114&SEM=2&CrsDat=STP175&Crsname=教育議題專題,,,False,中學學程,STP175,0,不分班,"教育議題專題
SPECIAL TOPICS IN EDUCATION",2,期,False,50,1,0,50,王進焱,"五3,4(社SS 2005)","['', '', '', '', '34', '', '']","《講授類》
本課程為教育學程課程",[],False
https://selcrs.nsysu.edu.tw/menu5/showoutline.asp?SYEAR=114&SEM=2&CrsDat=STP176&Crsname=學習評量,,,False,中學學程,STP176,0,不分班,"學習評量
LEARNING ASSESSMENT AND EVALUATION",2,期,False,50,5,0,50,林靜慧,"一3,4(社SS 2005)","['34', '', '', '', '', '', '']","《講授類》
本課程為教育學程課程，雙語授課。如欲採計為雙語次專長學分，須於申請通過後始得採計。",[],False
https://selcrs.nsysu.edu.tw/menu5/showoutline.asp?SYEAR=114&SEM=2&CrsDat=STP180&Crsname=資訊教育,,,False,中學學程,STP180,0,不分班,"資訊教育
INFORMATION AND COMPUTER EDUCATION",2,期,False,50,1,0,50,陳菁徽,"五3,4(社SS 2002-2)","['', '', '', '', '34', '', '']","《講授類》
本課程為教育學程課程",[],False
https://selcrs.nsysu.edu.tw/menu5/showoutline.asp?SYEAR=114&SEM=2&CrsDat=STP254&Crsname=環境教育教材教法,,,False,中學學程,STP254,0,不分班,"環境教育教材教法
SUBJECT MATTER & TEACHING METHODS FOR ENVIRONMENTAL EDUCATION",2,期,False,30,0,0,30,謝百淇,"二3,4(社SS 2001)","['', '34', '', '', '', '', '']","《講授類》
本課程為教育學程課程",['永續發展與社會創新微學程'],False
https://selcrs.nsysu.edu.tw/menu5/showoutline.asp?SYEAR=114&SEM=2&CrsDat=STP259&Crsname=職業教育與生涯規劃,,,False,中學學程,STP259,0,不分班,"職業教育與生涯規劃
VOCATIONAL EDUCATION AND CAREER PLANNING",2,期,False,50,16,0,50,陳菁徽,"五5,6(社SS 2005)","['', '', '', '', '56', '', '']","《講授類》
本課程為教育學程課程",[],False
https://selcrs.nsysu.edu.tw/menu5/showoutline.asp?SYEAR=114&SEM=2&CrsDat=STP263&Crsname=自然領域-物理科/物理專長教學實習,,,False,中學學程,STP263,0,不分班,"自然領域-物理科/物理專長教學實習
TECHING PRACTICE FOR SCIENCE/PHYSICS",2,期,False,50,0,0,50,郭建成,"一3,4(社SS 2002-2)","['34', '', '', '', '', '', '']","《講授類》
本課程為教育學程課程，修畢「自然領域-物理科/物理專長教材教法」始得修習本課程",[],False
https://selcrs.nsysu.edu.tw/menu5/showoutline.asp?SYEAR=114&SEM=2&CrsDat=STP265&Crsname=自然領域-生物科/生物專長教學實習,,,False,中學學程,STP265,0,不分班,"自然領域-生物科/生物專長教學實習
TECHING PRACTICE FOR SCIENCE/BIOLOGY",2,期,False,50,1,0,50,王麗雅,"一8,9(社SS 2002-2)","['89', '', '', '', '', '', '']","《講授類》
本課程為教育學程課程，修畢「自然領域-生物科/生物專長教材教法」始得修習本課程",[],False
https://selcrs.nsysu.edu.tw/menu5/showoutline.asp?SYEAR=114&SEM=2&CrsDat=STP267&Crsname=語文領域-國語文專長教學實習,,,False,中學學程,STP267,0,不分班,"語文領域-國語文專長教學實習
TECHING PRACTICE FOR CHINESE",2,期,False,50,4,0,50,陳威霖,"五3,4(社SS 2006)","['', '', '', '', '34', '', '']","《講授類》
本課程為教育學程課程，修畢「語文領域-國語文專長教材教法」始得修習本課程",[],False
https://selcrs.nsysu.edu.tw/menu5/showoutline.asp?SYEAR=114&SEM=2&CrsDat=STP269&Crsname=語文領域-英語文專長教學實習,,,False,中學學程,STP269,0,不分班,"語文領域-英語文專長教學實習
TECHING PRACTICE FOR ENGLISH",2,期,False,50,2,0,50,張宇慧,"二3,4(社SS 2005)","['', '34', '', '', '', '', '']","《講授類》
本課程為教育學程課程，修畢「語文領域-英語文專長教材教法」始得修習本課程",[],True
https://selcrs.nsysu.edu.tw/menu5/showoutline.asp?SYEAR=114&SEM=2&CrsDat=STP271&Crsname=數學領域-數學專長教學實習,,,False,中學學程,STP271,0,不分班,"數學領域-數學專長教學實習
TECHING PRACTICE FOR MATHEMATICS",2,期,False,50,2,0,50,黃家杰,"三A,1(社SS 2002-2)","['', '', 'A1', '', '', '', '']","《講授類》
本課程為教育學程課程，修畢「數學領域-數學專長教材教法」始得修習本課程",[],False
https://selcrs.nsysu.edu.tw/menu5/showoutline.asp?SYEAR=114&SEM=2&CrsDat=STP273&Crsname=社會領域-公民與社會專長教學實習,,,False,中學學程,STP273,0,不分班,"社會領域-公民與社會專長教學實習
TECHING PRACTICE FOR SOCIAL STUDIES/CIVIC EDUCATION",2,期,False,50,1,0,50,張至慶,"四B,5(社SS 2002-2)","['', '', '', 'B5', '', '', '']","《講授類》
本課程為教育學程課程，修畢「社會領域-公民與社會專長教材教法」始得修習本課程",[],False
https://selcrs.nsysu.edu.tw/menu5/showoutline.asp?SYEAR=114&SEM=2&CrsDat=STP275&Crsname=藝術領域-音樂藝術專長教學實習,,,False,中學學程,STP275,0,不分班,"藝術領域-音樂藝術專長教學實習
SUBJECT MATTER AND PEDAGOGY FOR ARTS/ MUSIC",2,期,False,50,5,0,50,洪佳慧,"三3,4(社SS 2006)","['', '', '34', '', '', '', '']","《講授類》
This is a teacher education course. available only after completing the course "" SUBJECT MATTER AND PEDAGOGY FOR ARTS/MUSIC""",[],False
https://selcrs.nsysu.edu.tw/menu5/showoutline.asp?SYEAR=114&SEM=2&CrsDat=STP277&Crsname=藝術領域-表演藝術專長教學實習,,,False,中學學程,STP277,0,不分班,"藝術領域-表演藝術專長教學實習
TECHING PRACTICE FOR ARTS/PERFORMING ARTS AND LIFE/PERFORMING ARTS",2,期,False,50,0,0,50,鍾佳玲,"三A,1(社SS 2004-3)","['', '', 'A1', '', '', '', '']","《講授類》
本課程為教育學程課程，修畢「藝術領域-表演藝術專長教材教法」始得修習本課程",[],False
https://selcrs.nsysu.edu.tw/menu5/showoutline.asp?SYEAR=114&SEM=2&CrsDat=STP279&Crsname=藝術領域藝術生活科-表演藝術專長教學實習,,,False,中學學程,STP279,0,不分班,"藝術領域藝術生活科-表演藝術專長教學實習
TECHING PRACTICE FOR ARTS AND LIFE/PERFORMING ARTS",2,期,False,50,0,0,50,鍾佳玲,"三A,1(社SS 2004-3)","['', '', 'A1', '', '', '', '']","《講授類》
本課程為教育學程課程，修畢「藝術領域藝術生活科-表演藝術專長教材教法」始得修習本課程",[],False
https://selcrs.nsysu.edu.tw/menu5/showoutline.asp?SYEAR=114&SEM=2&CrsDat=STP280&Crsname=社會領域探究與實作專題,,,False,中學學程,STP280,0,不分班,"社會領域探究與實作專題
 SOCIAL FIELD INQUIRY AND PRACTICE TOPICS",2,期,False,50,1,0,50,張至慶,"五B,5(社SS 2002-1)","['', '', '', '', 'B5', '', '']","《講授類》
本課程為教育學程課程",['STREAM永續發展培力微學程'],False
https://selcrs.nsysu.edu.tw/menu5/showoutline.asp?SYEAR=114&SEM=2&CrsDat=STP281&Crsname=教育專業精進,,,False,中學學程,STP281,0,不分班,"教育專業精進
PROFESSIONALISM IN EDUCATION",2,期,False,50,13,0,50,馮雅群,"四8,9(社SS 2005)","['', '', '', '89', '', '', '']","《講授類》
本課程為中等教育學程課程，需修畢(含當學期修習)教育基礎必選課程至少4學分、教育方法必選課程至少4學分，選修至少4學分，共計12學分，始得修習本課程。",[],False
https://selcrs.nsysu.edu.tw/menu5/showoutline.asp?SYEAR=114&SEM=2&CrsDat=STP285&Crsname=雙語教學實習,,,False,中學學程,STP285,0,不分班,"雙語教學實習
TEACHING PRACTICUM FOR BILINGUAL EDUCATION",2,期,False,50,1,0,50,張宇慧,"一C,D(社SS 2002-2)","['CD', '', '', '', '', '', '']","《講授類》
本課程為教育學程課程，修畢「雙語教材教法」始得修習本課程。 雙語授課",[],False
https://selcrs.nsysu.edu.tw/menu5/showoutline.asp?SYEAR=114&SEM=2&CrsDat=STP288&Crsname=諮商理論與技術,,,False,中學學程,STP288,0,不分班,"諮商理論與技術
COUNSELING THEORIES AND PRACTICES",3,期,False,50,3,0,50,宋呈澔,"四5,6,7(社SS 2005)","['', '', '', '567', '', '', '']","《講授類》
本課程為教育學程課程",[],False
https://selcrs.nsysu.edu.tw/menu5/showoutline.asp?SYEAR=114&SEM=2&CrsDat=STP289&Crsname=青少年問題與輔導,,,False,中學學程,STP289,0,不分班,"青少年問題與輔導
THE PROBLEMS AND GUIDANCE ON ADOLESCENCE",2,期,False,50,4,0,50,宋呈澔,"三5,6(社SS 2006)","['', '', '56', '', '', '', '']","《講授類》
本課程為教育學程課程",['社會情緒學習與內在永續發展微學程'],False
https://selcrs.nsysu.edu.tw/menu5/showoutline.asp?SYEAR=114&SEM=2&CrsDat=STP295&Crsname=教育實踐與服務學習（一）,,,False,中學學程,STP295,0,不分班,"教育實踐與服務學習（一）
EDUCATIONAL PRACTICE AND SERVICE LEARNING I",2,期,False,50,1,0,50,林靜慧,"三D,E(社SS 2002-1)","['', '', 'DE', '', '', '', '']","《講授類》
本課程為教育學程課程，參加本學期史懷哲營隊之同學再加選課程。",[],False
https://selcrs.nsysu.edu.tw/menu5/showoutline.asp?SYEAR=114&SEM=2&CrsDat=STP296&Crsname=教育實踐與服務學習（二）,,,False,中學學程,STP296,0,不分班,"教育實踐與服務學習（二）
EDUCATIONAL PRACTICE AND SERVICE LEARNING II",2,期,False,50,2,0,50,張宇慧,"三D,E(社SS 2002-2)","['', '', 'DE', '', '', '', '']","《講授類》
本課程為教育學程課程，參加本學期雙語營隊之同學再加選課程。",[],False
https://selcrs.nsysu.edu.tw/menu5/showoutline.asp?SYEAR=114&SEM=2&CrsDat=GECE104&Crsname=中文思辨與表達（二）,,,True,中文思辨與表達,GECE104,0,不分班,"中文思辨與表達（二）
CRITICAL THINKING AND EXPRESSION IN CHINESE（II）",3,期,True,45,4,44,1,鍾志偉,"二2,3,4(理SC 0014)","['', '234', '', '', '', '', '']","《講授類》
1、適用111學年度(含)以後入學: 中文思辨與表達(一)、(二)課程，於畢業前僅修習其中1門即可。 2、本課程「加退選期間」額滿不予加簽。",['中文創意跨域應用整合學程'],False
https://selcrs.nsysu.edu.tw/menu5/showoutline.asp?SYEAR=114&SEM=2&CrsDat=GECE104A&Crsname=中文思辨與表達（二）,,,True,中文思辨與表達,GECE104A,0,不分班,"中文思辨與表達（二）
CRITICAL THINKING AND EXPRESSION IN CHINESE（II）",3,期,True,45,3,45,0,吳孟謙,"二2,3,4(西SW 1005)","['', '234', '', '', '', '', '']","《講授類》
1、適用111學年度(含)以後入學: 中文思辨與表達(一)、(二)課程，於畢業前僅修習其中1門即可。 2、本課程「加退選期間」額滿不予加簽。",['中文創意跨域應用整合學程'],False
https://selcrs.nsysu.edu.tw/menu5/showoutline.asp?SYEAR=114&SEM=2&CrsDat=GECE104B&Crsname=中文思辨與表達（二）,,,True,中文思辨與表達,GECE104B,0,不分班,"中文思辨與表達（二）
CRITICAL THINKING AND EXPRESSION IN CHINESE（II）",3,期,True,45,13,27,18,莫加南,"二2,3,4(醫IL 3017)","['', '234', '', '', '', '', '']","《講授類》
1、適用111學年度(含)以後入學: 中文思辨與表達(一)、(二)課程，於畢業前僅修習其中1門即可。 2、本課程「加退選期間」額滿不予加簽。",['中文創意跨域應用整合學程'],False
https://selcrs.nsysu.edu.tw/menu5/showoutline.asp?SYEAR=114&SEM=2&CrsDat=GECE104C&Crsname=中文思辨與表達（二）,異動,確認教師1/22,True,中文思辨與表達,GECE104C,0,不分班,"中文思辨與表達（二）
CRITICAL THINKING AND EXPRESSION IN CHINESE（II）",3,期,True,45,16,10,35,涂書瑋,"二2,3,4(工EC 2007)","['', '234', '', '', '', '', '']","《講授類》
1、適用111學年度(含)以後入學: 中文思辨與表達(一)、(二)課程，於畢業前僅修習其中1門即可。 2、本課程「加退選期間」額滿不予加簽。",['中文創意跨域應用整合學程'],False
https://selcrs.nsysu.edu.tw/menu5/showoutline.asp?SYEAR=114&SEM=2&CrsDat=GECE104D&Crsname=中文思辨與表達（二）,異動,確認教師1/22,True,中文思辨與表達,GECE104D,0,不分班,"中文思辨與表達（二）
CRITICAL THINKING AND EXPRESSION IN CHINESE（II）",3,期,True,45,4,2,43,歐瑞安,"二2,3,4(文LA 1001)","['', '234', '', '', '', '', '']","《講授類》
1、適用111學年度(含)以後入學: 中文思辨與表達(一)、(二)課程，於畢業前僅修習其中1門即可。 2、本課程「加退選期間」額滿不予加簽。",['中文創意跨域應用整合學程'],False
https://selcrs.nsysu.edu.tw/menu5/showoutline.asp?SYEAR=114&SEM=2&CrsDat=GECE104E&Crsname=中文思辨與表達（二）,,,True,中文思辨與表達,GECE104E,0,不分班,"中文思辨與表達（二）
CRITICAL THINKING AND EXPRESSION IN CHINESE（II）",3,期,True,45,11,45,0,陳明聖,"二2,3,4(管CM 0052)","['', '234', '', '', '', '', '']","《講授類》
1、適用111學年度(含)以後入學: 中文思辨與表達(一)、(二)課程，於畢業前僅修習其中1門即可。 2、本課程「加退選期間」額滿不予加簽。",['中文創意跨域應用整合學程'],False
https://selcrs.nsysu.edu.tw/menu5/showoutline.asp?SYEAR=114&SEM=2&CrsDat=GECE104F&Crsname=中文思辨與表達（二）,,,True,中文思辨與表達,GECE104F,0,不分班,"中文思辨與表達（二）
CRITICAL THINKING AND EXPRESSION IN CHINESE（II）",3,期,True,45,12,24,21,陳秋宏,"二5,6,7(文LA 1004)","['', '567', '', '', '', '', '']","《講授類》
1、適用111學年度(含)以後入學: 中文思辨與表達(一)、(二)課程，於畢業前僅修習其中1門即可。 2、本課程「加退選期間」額滿不予加簽。",['中文創意跨域應用整合學程'],False
https://selcrs.nsysu.edu.tw/menu5/showoutline.asp?SYEAR=114&SEM=2&CrsDat=GECE104G&Crsname=中文思辨與表達（二）,,,True,中文思辨與表達,GECE104G,0,不分班,"中文思辨與表達（二）
CRITICAL THINKING AND EXPRESSION IN CHINESE（II）",3,期,True,45,3,45,0,林孜曄,"二5,6,7(理SC 0014)","['', '567', '', '', '', '', '']","《講授類》
1、適用111學年度(含)以後入學: 中文思辨與表達(一)、(二)課程，於畢業前僅修習其中1門即可。 2、本課程「加退選期間」額滿不予加簽。",['中文創意跨域應用整合學程'],False
https://selcrs.nsysu.edu.tw/menu5/showoutline.asp?SYEAR=114&SEM=2&CrsDat=GECE104H&Crsname=中文思辨與表達（二）,,,True,中文思辨與表達,GECE104H,0,不分班,"中文思辨與表達（二）
CRITICAL THINKING AND EXPRESSION IN CHINESE（II）",3,期,True,45,4,6,39,蘇凰蘭,"二5,6,7(通GE 3011)","['', '567', '', '', '', '', '']","《講授類》
1、適用111學年度(含)以後入學: 中文思辨與表達(一)、(二)課程，於畢業前僅修習其中1門即可。 2、本課程「加退選期間」額滿不予加簽。",['中文創意跨域應用整合學程'],False
https://selcrs.nsysu.edu.tw/menu5/showoutline.asp?SYEAR=114&SEM=2&CrsDat=GECE104I&Crsname=中文思辨與表達（二）,,,True,中文思辨與表達,GECE104I,0,不分班,"中文思辨與表達（二）
CRITICAL THINKING AND EXPRESSION IN CHINESE（II）",3,期,True,45,5,2,43,何重誼,"二5,6,7(管CM 1032)","['', '567', '', '', '', '', '']","《講授類》
1、適用111學年度(含)以後入學: 中文思辨與表達(一)、(二)課程，於畢業前僅修習其中1門即可。 2、本課程「加退選期間」額滿不予加簽。",['中文創意跨域應用整合學程'],False
https://selcrs.nsysu.edu.tw/menu5/showoutline.asp?SYEAR=114&SEM=2&CrsDat=GECE104J&Crsname=中文思辨與表達（二）,,,True,中文思辨與表達,GECE104J,0,不分班,"中文思辨與表達（二）
CRITICAL THINKING AND EXPRESSION IN CHINESE（II）",3,期,True,45,6,45,0,陳明聖,"二5,6,7(管CM 0052)","['', '567', '', '', '', '', '']","《講授類》
1、適用111學年度(含)以後入學: 中文思辨與表達(一)、(二)課程，於畢業前僅修習其中1門即可。 2、本課程「加退選期間」額滿不予加簽。",['中文創意跨域應用整合學程'],False
https://selcrs.nsysu.edu.tw/menu5/showoutline.asp?SYEAR=114&SEM=2&CrsDat=GECE104K&Crsname=中文思辨與表達（二）,,,True,中文思辨與表達,GECE104K,0,不分班,"中文思辨與表達（二）
CRITICAL THINKING AND EXPRESSION IN CHINESE（II）",3,期,True,45,8,45,0,陳明聖,"五2,3,4(工EC 3015)","['', '', '', '', '234', '', '']","《講授類》
1、適用111學年度(含)以後入學: 中文思辨與表達(一)、(二)課程，於畢業前僅修習其中1門即可。 2、本課程「加退選期間」額滿不予加簽。",['中文創意跨域應用整合學程'],False
https://selcrs.nsysu.edu.tw/menu5/showoutline.asp?SYEAR=114&SEM=2&CrsDat=GECE104L&Crsname=中文思辨與表達（二）,,,True,中文思辨與表達,GECE104L,0,不分班,"中文思辨與表達（二）
CRITICAL THINKING AND EXPRESSION IN CHINESE（II）",3,期,True,45,6,45,0,陳明聖,"五5,6,7(工EC 3015)","['', '', '', '', '567', '', '']","《講授類》
1、適用111學年度(含)以後入學: 中文思辨與表達(一)、(二)課程，於畢業前僅修習其中1門即可。 2、本課程「加退選期間」額滿不予加簽。",['中文創意跨域應用整合學程'],False
https://selcrs.nsysu.edu.tw/menu5/showoutline.asp?SYEAR=114&SEM=2&CrsDat=GEEN004&Crsname=英文初級,,,False,英文初級,GEEN004,0,不分班,"英文初級
GENERAL ENGLISH:BASIC",0,期,True,35,0,23,12,陳瑞華,"二2,3,4(海ME 2005)","['', '234', '', '', '', '', '']","《講授類》
若未依「國立中山大學學士班學生英文能力培育辦法」選課，修習及格學分不計",[],True
https://selcrs.nsysu.edu.tw/menu5/showoutline.asp?SYEAR=114&SEM=2&CrsDat=GEEN116&Crsname=英文中級,,,False,英文中級,GEEN116,0,不分班,"英文中級
GENERAL ENGLISH: INTERMEDIATE",3,期,True,35,9,35,0,曾彩楣,"二2,3,4(管CM 3017)","['', '234', '', '', '', '', '']","《講授類》
若未依「國立中山大學學士班學生英文能力培育辦法」選課，修習及格學分不計",[],True
https://selcrs.nsysu.edu.tw/menu5/showoutline.asp?SYEAR=114&SEM=2&CrsDat=GEEN116A&Crsname=英文中級,,,False,英文中級,GEEN116A,0,不分班,"英文中級
GENERAL ENGLISH: INTERMEDIATE",3,期,True,35,6,35,0,曾彩楣,"五2,3,4(社SS 3006)","['', '', '', '', '234', '', '']","《講授類》
若未依「國立中山大學學士班學生英文能力培育辦法」選課，修習及格學分不計",[],True
https://selcrs.nsysu.edu.tw/menu5/showoutline.asp?SYEAR=114&SEM=2&CrsDat=GEEN116B&Crsname=英文中級,,,False,英文中級,GEEN116B,0,不分班,"英文中級
GENERAL ENGLISH: INTERMEDIATE",3,期,True,35,1,35,0,曾千紋,"二2,3,4(管CM 2025)","['', '234', '', '', '', '', '']","《講授類》
若未依「國立中山大學學士班學生英文能力培育辦法」選課，修習及格學分不計",[],True
https://selcrs.nsysu.edu.tw/menu5/showoutline.asp?SYEAR=114&SEM=2&CrsDat=GEEN116C&Crsname=英文中級,,,False,英文中級,GEEN116C,0,不分班,"英文中級
GENERAL ENGLISH: INTERMEDIATE",3,期,True,35,0,35,0,曾千紋,"二5,6,7(管CM 2025)","['', '567', '', '', '', '', '']","《講授類》
若未依「國立中山大學學士班學生英文能力培育辦法」選課，修習及格學分不計",[],True
https://selcrs.nsysu.edu.tw/menu5/showoutline.asp?SYEAR=114&SEM=2&CrsDat=GEEN116D&Crsname=英文中級,異動,更換授課方式1/20,False,英文中級,GEEN116D,0,不分班,"英文中級
GENERAL ENGLISH: INTERMEDIATE",3,期,True,35,2,2,33,戴藤懋,"二2,3,4(工EC 3001)","['', '234', '', '', '', '', '']","《講授類》
若未依「國立中山大學學士班學生英文能力培育辦法」選課，修習及格學分不計",[],True
https://selcrs.nsysu.edu.tw/menu5/showoutline.asp?SYEAR=114&SEM=2&CrsDat=GEEN116E&Crsname=英文中級,異動,更換教師1/27,False,英文中級,GEEN116E,0,不分班,"英文中級
GENERAL ENGLISH: INTERMEDIATE",3,期,True,35,1,4,31,戴藤懋,"二5,6,7(工EC 3001)","['', '567', '', '', '', '', '']","《講授類》
若未依「國立中山大學學士班學生英文能力培育辦法」選課，修習及格學分不計",[],True
https://selcrs.nsysu.edu.tw/menu5/showoutline.asp?SYEAR=114&SEM=2&CrsDat=GEEN117&Crsname=英文中高級,,,False,英文中高級,GEEN117,0,不分班,"英文中高級
GENERAL ENGLISH: HIGHER-INTERMEDIATE",3,期,True,35,4,11,24,溫惠珍,"五2,3,4(理SC 1003)","['', '', '', '', '234', '', '']","《講授類》
若未依「國立中山大學學士班學生英文能力培育辦法」選課，修習及格學分不計",[],True
https://selcrs.nsysu.edu.tw/menu5/showoutline.asp?SYEAR=114&SEM=2&CrsDat=GEEN117A&Crsname=英文中高級,,,False,英文中高級,GEEN117A,0,不分班,"英文中高級
GENERAL ENGLISH: HIGHER-INTERMEDIATE",3,期,True,35,5,8,27,溫惠珍,"五5,6,7(理SC 1003)","['', '', '', '', '567', '', '']","《講授類》
若未依「國立中山大學學士班學生英文能力培育辦法」選課，修習及格學分不計",[],True
https://selcrs.nsysu.edu.tw/menu5/showoutline.asp?SYEAR=114&SEM=2&CrsDat=GEEN117B&Crsname=英文中高級,,,False,英文中高級,GEEN117B,0,不分班,"英文中高級
GENERAL ENGLISH: HIGHER-INTERMEDIATE",3,期,True,35,0,12,23,陳美淑,"二5,6,7(社SS 3006)","['', '567', '', '', '', '', '']","《講授類》
若未依「國立中山大學學士班學生英文能力培育辦法」選課，修習及格學分不計",[],True
https://selcrs.nsysu.edu.tw/menu5/showoutline.asp?SYEAR=114&SEM=2&CrsDat=GEEN117C&Crsname=英文中高級,,,False,英文中高級,GEEN117C,0,不分班,"英文中高級
GENERAL ENGLISH: HIGHER-INTERMEDIATE",3,期,True,35,1,0,35,洪敏秀,"二5,6,7(文LA 3004)","['', '567', '', '', '', '', '']","《講授類》
若未依「國立中山大學學士班學生英文能力培育辦法」選課，修習及格學分不計",[],True
https://selcrs.nsysu.edu.tw/menu5/showoutline.asp?SYEAR=114&SEM=2&CrsDat=GEEN117D&Crsname=英文中高級,,,False,英文中高級,GEEN117D,0,不分班,"英文中高級
GENERAL ENGLISH: HIGHER-INTERMEDIATE",3,期,True,35,5,35,0,莊家雄,"二2,3,4(海ME 3004)","['', '234', '', '', '', '', '']","《講授類》
若未依「國立中山大學學士班學生英文能力培育辦法」選課，修習及格學分不計",[],True
https://selcrs.nsysu.edu.tw/menu5/showoutline.asp?SYEAR=114&SEM=2&CrsDat=GEEN117E&Crsname=英文中高級,,,False,英文中高級,GEEN117E,0,不分班,"英文中高級
GENERAL ENGLISH: HIGHER-INTERMEDIATE",3,期,True,35,2,35,0,莊家雄,"二5,6,7(海ME 3004)","['', '567', '', '', '', '', '']","《講授類》
若未依「國立中山大學學士班學生英文能力培育辦法」選課，修習及格學分不計",[],True
https://selcrs.nsysu.edu.tw/menu5/showoutline.asp?SYEAR=114&SEM=2&CrsDat=GEEN118&Crsname=英文高級,,,False,英文高級,GEEN118,0,不分班,"英文高級
GENERAL ENGLISH: ADVANCED",3,期,True,35,1,14,21,陳瑞華,"五2,3,4(通GE 3011)","['', '', '', '', '234', '', '']","《講授類》
若未依「國立中山大學學士班學生英文能力培育辦法」選課，修習及格學分不計",[],True
https://selcrs.nsysu.edu.tw/menu5/showoutline.asp?SYEAR=114&SEM=2&CrsDat=GEPE101&Crsname=運動與健康：特別班,新增,1/22,False,運動健康(必),GEPE101,2,不分班,"運動與健康：特別班
SPORT & HEALTH:ADAPTED PHYSICAL EDUCATION",1,期,True,50,0,0,50,許秀桃,"三B,5(體適能中心)","['', '', 'B5', '', '', '', '']","《體育類》
本課程需經審核，不開放線上加選；需修習者請於加退選結束前備妥相關證明文件至西灣學院運動與健康教育中心提出申請。",[],False
https://selcrs.nsysu.edu.tw/menu5/showoutline.asp?SYEAR=114&SEM=2&CrsDat=GEPE103&Crsname=運動與健康：初級游泳,,,False,運動健康(必),GEPE103,1,不分班,"運動與健康：初級游泳
SPORT & HEALTH: BASIC SWIMMING",1,期,True,40,3,20,20,羅凱暘,"一1,2(游泳池/Swimming pool)","['12', '', '', '', '', '', '']","《體育類》
第一堂請至游泳池門口集合",['永續海洋休閒運動產業學程'],False
https://selcrs.nsysu.edu.tw/menu5/showoutline.asp?SYEAR=114&SEM=2&CrsDat=GEPE103A&Crsname=運動與健康：初級游泳,,,False,運動健康(必),GEPE103A,1,不分班,"運動與健康：初級游泳
SPORT & HEALTH: BASIC SWIMMING",1,期,True,40,0,39,1,林宗正,"一3,4(游泳池/Swimming pool)","['34', '', '', '', '', '', '']","《體育類》
第一堂請至游泳池門口集合",['永續海洋休閒運動產業學程'],False
https://selcrs.nsysu.edu.tw/menu5/showoutline.asp?SYEAR=114&SEM=2&CrsDat=GEPE103B&Crsname=運動與健康：初級游泳,,,False,運動健康(必),GEPE103B,1,不分班,"運動與健康：初級游泳
SPORT & HEALTH: BASIC SWIMMING",1,期,True,40,2,36,4,羅凱暘,"一3,4(游泳池/Swimming pool)","['34', '', '', '', '', '', '']","《體育類》
第一堂請至游泳池門口集合",['永續海洋休閒運動產業學程'],False
https://selcrs.nsysu.edu.tw/menu5/showoutline.asp?SYEAR=114&SEM=2&CrsDat=GEPE103C&Crsname=運動與健康：初級游泳,異動,修正備註說明1/9,False,運動健康(必),GEPE103C,1,不分班,"運動與健康：初級游泳
SPORT & HEALTH: BASIC SWIMMING",1,期,True,40,3,40,0,許秀桃,"一8,9(游泳池/Swimming pool)","['89', '', '', '', '', '', '']","《體育類》
第一堂請至游泳池門口集合。",['永續海洋休閒運動產業學程'],False
https://selcrs.nsysu.edu.tw/menu5/showoutline.asp?SYEAR=114&SEM=2&CrsDat=GEPE103D&Crsname=運動與健康：初級游泳,,,False,運動健康(必),GEPE103D,1,不分班,"運動與健康：初級游泳
SPORT & HEALTH: BASIC SWIMMING",1,期,True,40,5,36,4,林宗正,"二1,2(游泳池/Swimming pool)","['', '12', '', '', '', '', '']","《體育類》
第一堂請至游泳池門口集合",['永續海洋休閒運動產業學程'],False
https://selcrs.nsysu.edu.tw/menu5/showoutline.asp?SYEAR=114&SEM=2&CrsDat=GEPE103E&Crsname=運動與健康：初級游泳,,,False,運動健康(必),GEPE103E,1,不分班,"運動與健康：初級游泳
SPORT & HEALTH: BASIC SWIMMING",1,期,True,40,5,39,1,羅凱暘,"二3,4(游泳池/Swimming pool)","['', '34', '', '', '', '', '']","《體育類》
第一堂請至游泳池門口集合",['永續海洋休閒運動產業學程'],False
https://selcrs.nsysu.edu.tw/menu5/showoutline.asp?SYEAR=114&SEM=2&CrsDat=GEPE103F&Crsname=運動與健康：初級游泳,,,False,運動健康(必),GEPE103F,1,不分班,"運動與健康：初級游泳
SPORT & HEALTH: BASIC SWIMMING",1,期,True,40,0,40,0,李佳倫,"二6,7(游泳池/Swimming pool)","['', '67', '', '', '', '', '']","《體育類》
第一堂請至游泳池門口集合",['永續海洋休閒運動產業學程'],False
https://selcrs.nsysu.edu.tw/menu5/showoutline.asp?SYEAR=114&SEM=2&CrsDat=GEPE103G&Crsname=運動與健康：初級游泳,,,False,運動健康(必),GEPE103G,1,不分班,"運動與健康：初級游泳
SPORT & HEALTH: BASIC SWIMMING",1,期,True,40,3,40,0,蔡鋒樺,"二6,7(游泳池/Swimming pool)","['', '67', '', '', '', '', '']","《體育類》
第一堂請至游泳池門口集合",['永續海洋休閒運動產業學程'],False
https://selcrs.nsysu.edu.tw/menu5/showoutline.asp?SYEAR=114&SEM=2&CrsDat=GEPE103H&Crsname=運動與健康：初級游泳,,,False,運動健康(必),GEPE103H,1,不分班,"運動與健康：初級游泳
SPORT & HEALTH: BASIC SWIMMING",1,期,True,40,0,40,0,李佳倫,"二8,9(游泳池/Swimming pool)","['', '89', '', '', '', '', '']","《體育類》
第一堂請至游泳池門口集合",['永續海洋休閒運動產業學程'],False
https://selcrs.nsysu.edu.tw/menu5/showoutline.asp?SYEAR=114&SEM=2&CrsDat=GEPE103I&Crsname=運動與健康：初級游泳,,,False,運動健康(必),GEPE103I,1,不分班,"運動與健康：初級游泳
SPORT & HEALTH: BASIC SWIMMING",1,期,True,40,1,40,0,林國欽,"二8,9(游泳池/Swimming pool)","['', '89', '', '', '', '', '']","《體育類》
第一堂請至游泳池門口集合",['永續海洋休閒運動產業學程'],False
https://selcrs.nsysu.edu.tw/menu5/showoutline.asp?SYEAR=114&SEM=2&CrsDat=GEPE103J&Crsname=運動與健康：初級游泳,,,False,運動健康(必),GEPE103J,1,不分班,"運動與健康：初級游泳
SPORT & HEALTH: BASIC SWIMMING",1,期,True,40,8,26,14,蔡宗晏,"三1,2(游泳池/Swimming pool)","['', '', '12', '', '', '', '']","《體育類》
第一堂請至游泳池門口集合",['永續海洋休閒運動產業學程'],False
https://selcrs.nsysu.edu.tw/menu5/showoutline.asp?SYEAR=114&SEM=2&CrsDat=GEPE103K&Crsname=運動與健康：初級游泳,,,False,運動健康(必),GEPE103K,1,不分班,"運動與健康：初級游泳
SPORT & HEALTH: BASIC SWIMMING",1,期,True,40,5,15,25,林宗正,"三1,2(游泳池/Swimming pool)","['', '', '12', '', '', '', '']","《體育類》
第一堂請至游泳池門口集合",['永續海洋休閒運動產業學程'],False
https://selcrs.nsysu.edu.tw/menu5/showoutline.asp?SYEAR=114&SEM=2&CrsDat=GEPE103L&Crsname=運動與健康：初級游泳,,,False,運動健康(必),GEPE103L,1,不分班,"運動與健康：初級游泳
SPORT & HEALTH: BASIC SWIMMING",1,期,True,40,3,40,0,蔡宗晏,"三3,4(游泳池/Swimming pool)","['', '', '34', '', '', '', '']","《體育類》
第一堂請至游泳池門口集合",['永續海洋休閒運動產業學程'],False
https://selcrs.nsysu.edu.tw/menu5/showoutline.asp?SYEAR=114&SEM=2&CrsDat=GEPE103M&Crsname=運動與健康：初級游泳,,,False,運動健康(必),GEPE103M,1,不分班,"運動與健康：初級游泳
SPORT & HEALTH: BASIC SWIMMING",1,期,True,40,0,40,0,蔡鋒樺,"三3,4(游泳池/Swimming pool)","['', '', '34', '', '', '', '']","《體育類》
第一堂請至游泳池門口集合",['永續海洋休閒運動產業學程'],False
https://selcrs.nsysu.edu.tw/menu5/showoutline.asp?SYEAR=114&SEM=2&CrsDat=GEPE103N&Crsname=運動與健康：初級游泳,,,False,運動健康(必),GEPE103N,1,不分班,"運動與健康：初級游泳
SPORT & HEALTH: BASIC SWIMMING",1,期,True,40,3,38,2,李佳倫,"三6,7(游泳池/Swimming pool)","['', '', '67', '', '', '', '']","《體育類》
第一堂請至游泳池門口集合",['永續海洋休閒運動產業學程'],False
https://selcrs.nsysu.edu.tw/menu5/showoutline.asp?SYEAR=114&SEM=2&CrsDat=GEPE103O&Crsname=運動與健康：初級游泳,異動,更換時間1/7,False,運動健康(必),GEPE103O,1,不分班,"運動與健康：初級游泳
SPORT & HEALTH: BASIC SWIMMING",1,期,True,40,1,40,0,蔡宗晏,"一6,7(游泳池/Swimming pool)","['67', '', '', '', '', '', '']","《體育類》
第一堂請至游泳池門口集合",['永續海洋休閒運動產業學程'],False
https://selcrs.nsysu.edu.tw/menu5/showoutline.asp?SYEAR=114&SEM=2&CrsDat=GEPE103P&Crsname=運動與健康：初級游泳,,,False,運動健康(必),GEPE103P,1,不分班,"運動與健康：初級游泳
SPORT & HEALTH: BASIC SWIMMING",1,期,True,40,1,17,23,蔡鋒樺,"四1,2(游泳池/Swimming pool)","['', '', '', '12', '', '', '']","《體育類》
第一堂請至游泳池門口集合",['永續海洋休閒運動產業學程'],False
https://selcrs.nsysu.edu.tw/menu5/showoutline.asp?SYEAR=114&SEM=2&CrsDat=GEPE103Q&Crsname=運動與健康：初級游泳,,,False,運動健康(必),GEPE103Q,1,不分班,"運動與健康：初級游泳
SPORT & HEALTH: BASIC SWIMMING",1,期,True,40,5,23,17,曹德弘,"四3,4(游泳池/Swimming pool)","['', '', '', '34', '', '', '']","《體育類》
第一堂請至游泳池門口集合",['永續海洋休閒運動產業學程'],False
https://selcrs.nsysu.edu.tw/menu5/showoutline.asp?SYEAR=114&SEM=2&CrsDat=GEPE103R&Crsname=運動與健康：初級游泳,,,False,運動健康(必),GEPE103R,1,不分班,"運動與健康：初級游泳
SPORT & HEALTH: BASIC SWIMMING",1,期,True,40,2,40,0,許秀桃,"四6,7(游泳池/Swimming pool)","['', '', '', '67', '', '', '']","《體育類》
第一堂請至游泳池門口集合",['永續海洋休閒運動產業學程'],False
https://selcrs.nsysu.edu.tw/menu5/showoutline.asp?SYEAR=114&SEM=2&CrsDat=GEPE103S&Crsname=運動與健康：初級游泳,,,False,運動健康(必),GEPE103S,1,不分班,"運動與健康：初級游泳
SPORT & HEALTH: BASIC SWIMMING",1,期,True,40,3,29,11,林國欽,"四6,7(游泳池/Swimming pool)","['', '', '', '67', '', '', '']","《體育類》
第一堂請至游泳池門口集合",['永續海洋休閒運動產業學程'],False
https://selcrs.nsysu.edu.tw/menu5/showoutline.asp?SYEAR=114&SEM=2&CrsDat=GEPE103T&Crsname=運動與健康：初級游泳,,,False,運動健康(必),GEPE103T,1,不分班,"運動與健康：初級游泳
SPORT & HEALTH: BASIC SWIMMING",1,期,True,40,4,39,1,許秀桃,"四8,9(游泳池/Swimming pool)","['', '', '', '89', '', '', '']","《體育類》
第一堂請至游泳池門口集合",['永續海洋休閒運動產業學程'],False
https://selcrs.nsysu.edu.tw/menu5/showoutline.asp?SYEAR=114&SEM=2&CrsDat=GEPE103U&Crsname=運動與健康：初級游泳,,,False,運動健康(必),GEPE103U,1,不分班,"運動與健康：初級游泳
SPORT & HEALTH: BASIC SWIMMING",1,期,True,40,7,22,18,林國欽,"四8,9(游泳池/Swimming pool)","['', '', '', '89', '', '', '']","《體育類》
第一堂請至游泳池門口集合",['永續海洋休閒運動產業學程'],False
https://selcrs.nsysu.edu.tw/menu5/showoutline.asp?SYEAR=114&SEM=2&CrsDat=GEPE103V&Crsname=運動與健康：初級游泳,,,False,運動健康(必),GEPE103V,1,不分班,"運動與健康：初級游泳
SPORT & HEALTH: BASIC SWIMMING",1,期,True,40,3,18,22,曹德弘,"五1,2(游泳池/Swimming pool)","['', '', '', '', '12', '', '']","《體育類》
第一堂請至游泳池門口集合",['永續海洋休閒運動產業學程'],False
https://selcrs.nsysu.edu.tw/menu5/showoutline.asp?SYEAR=114&SEM=2&CrsDat=GEPE103W&Crsname=運動與健康：初級游泳,,,False,運動健康(必),GEPE103W,1,不分班,"運動與健康：初級游泳
SPORT & HEALTH: BASIC SWIMMING",1,期,True,40,3,10,30,曹德弘,"五3,4(游泳池/Swimming pool)","['', '', '', '', '34', '', '']","《體育類》
第一堂請至游泳池門口集合",['永續海洋休閒運動產業學程'],False
https://selcrs.nsysu.edu.tw/menu5/showoutline.asp?SYEAR=114&SEM=2&CrsDat=GEPE103X&Crsname=運動與健康：初級游泳,新增,1/29,False,運動健康(必),GEPE103X,1,不分班,"運動與健康：初級游泳
SPORT & HEALTH: BASIC SWIMMING",1,期,True,40,4,9,31,羅郁平,"三6,7(游泳池/Swimming pool)","['', '', '67', '', '', '', '']","《體育類》
第一堂請至游泳池門口集合。",['永續海洋休閒運動產業學程'],False
https://selcrs.nsysu.edu.tw/menu5/showoutline.asp?SYEAR=114&SEM=2&CrsDat=GEPE202&Crsname=運動與健康：初級集訓班,異動,更換教師1/29,False,運動健康(必),GEPE202,2,不分班,"運動與健康：初級集訓班
SPORT & HEALTH:BASIC ASSEMBLED TRAINING CLASS",1,期,True,100,2,33,67,"林國欽,林宗正,羅凱暘,蔡鋒樺,許秀桃,黃義博",一A() 三A(),"['A', '', 'A', '', '', '', '']","《體育類》
限大二以上選修且本校校隊學生需自行加選；非校隊加選以零分計。",[],False
https://selcrs.nsysu.edu.tw/menu5/showoutline.asp?SYEAR=114&SEM=2&CrsDat=GEPE203&Crsname=運動與健康：初級潛水,,,False,運動健康(必),GEPE203,2,不分班,"運動與健康：初級潛水
SPORT & HEALTH: BASIC DIVING",1,期,True,25,1,25,0,林宗正,"四3,4(游泳池/Swimming pool)","['', '', '', '34', '', '', '']","《體育類》
限大二以上選修。",['永續海洋休閒運動產業學程'],False
https://selcrs.nsysu.edu.tw/menu5/showoutline.asp?SYEAR=114&SEM=2&CrsDat=GEPE203A&Crsname=運動與健康：初級潛水,,,False,運動健康(必),GEPE203A,2,不分班,"運動與健康：初級潛水
SPORT & HEALTH: BASIC DIVING",1,期,True,25,8,24,1,林宗正,"五3,4(游泳池/Swimming pool)","['', '', '', '', '34', '', '']","《體育類》
限大二以上選修。",['永續海洋休閒運動產業學程'],False
https://selcrs.nsysu.edu.tw/menu5/showoutline.asp?SYEAR=114&SEM=2&CrsDat=GEPE203B&Crsname=運動與健康：初級潛水,,,False,運動健康(必),GEPE203B,2,不分班,"運動與健康：初級潛水
SPORT & HEALTH: BASIC DIVING",1,期,True,25,2,25,0,林宗正,"五6,7(游泳池/Swimming pool)","['', '', '', '', '67', '', '']","《體育類》
限大二以上選修。",['永續海洋休閒運動產業學程'],False
https://selcrs.nsysu.edu.tw/menu5/showoutline.asp?SYEAR=114&SEM=2&CrsDat=GEPE204&Crsname=運動與健康：初級壘球,,,False,運動健康(必),GEPE204,2,不分班,"運動與健康：初級壘球
SPORT & HEALTH: BASIC SOFT BALL",1,期,True,50,6,50,0,林宗正,"二8,9(壘球場/Softball field)","['', '89', '', '', '', '', '']","《體育類》
限大二以上選修。",[],False
https://selcrs.nsysu.edu.tw/menu5/showoutline.asp?SYEAR=114&SEM=2&CrsDat=GEPE205&Crsname=運動與健康：初級羽球,,,False,運動健康(必),GEPE205,2,不分班,"運動與健康：初級羽球
SPORT & HEALTH: BASIC BADMINTON",1,期,True,50,0,49,1,林國欽,"一6,7(體育館3樓/3rd floors of Gym)","['67', '', '', '', '', '', '']","《體育類》
限大二以上選修。",[],False
https://selcrs.nsysu.edu.tw/menu5/showoutline.asp?SYEAR=114&SEM=2&CrsDat=GEPE205A&Crsname=運動與健康：初級羽球,,,False,運動健康(必),GEPE205A,2,不分班,"運動與健康：初級羽球
SPORT & HEALTH: BASIC BADMINTON",1,期,True,50,11,50,0,林國欽,"一8,9(體育館3樓/3rd floors of Gym)","['89', '', '', '', '', '', '']","《體育類》
限大二以上選修。",[],False
https://selcrs.nsysu.edu.tw/menu5/showoutline.asp?SYEAR=114&SEM=2&CrsDat=GEPE208&Crsname=運動與健康：初級桌球,,,False,運動健康(必),GEPE208,2,不分班,"運動與健康：初級桌球
SPORT & HEALTH: BASIC TABLE TENNIS",1,期,True,50,3,47,3,羅凱暘,"一6,7(桌球室/Table tennis room)","['67', '', '', '', '', '', '']","《體育類》
限大二以上選修。",[],True
https://selcrs.nsysu.edu.tw/menu5/showoutline.asp?SYEAR=114&SEM=2&CrsDat=GEPE210&Crsname=運動與健康：初級籃球,新增,1/8,False,運動健康(必),GEPE210,2,不分班,"運動與健康：初級籃球
SPORT & HEALTH: BASIC BASKETBALL",1,期,True,50,4,12,38,羅郁平,"三1,2(體育館3樓/3rd floors of Gym)","['', '', '12', '', '', '', '']","《體育類》
限大二以上選修。",[],False
https://selcrs.nsysu.edu.tw/menu5/showoutline.asp?SYEAR=114&SEM=2&CrsDat=GEPE210A&Crsname=運動與健康：初級籃球,新增,1/8,False,運動健康(必),GEPE210A,2,不分班,"運動與健康：初級籃球
SPORT & HEALTH: BASIC BASKETBALL",1,期,True,50,5,36,14,羅郁平,"三3,4(體育館3樓/3rd floors of Gym)","['', '', '34', '', '', '', '']","《體育類》
限大二以上選修。",[],False
https://selcrs.nsysu.edu.tw/menu5/showoutline.asp?SYEAR=114&SEM=2&CrsDat=GEPE211&Crsname=運動與健康：初級墊上核心,,,False,運動健康(必),GEPE211,2,不分班,"運動與健康：初級墊上核心
SPORT & HEALTH: BASIC MAT SCIENCE",1,期,True,50,5,46,4,許秀桃,"一6,7(韻律教室/Aerobics classroom)","['67', '', '', '', '', '', '']","《體育類》
限大二以上選修。",[],False
https://selcrs.nsysu.edu.tw/menu5/showoutline.asp?SYEAR=114&SEM=2&CrsDat=GEPE211A&Crsname=運動與健康：初級墊上核心,異動,更換時間1/13,False,運動健康(必),GEPE211A,2,不分班,"運動與健康：初級墊上核心
SPORT & HEALTH: BASIC MAT SCIENCE",1,期,True,50,6,39,11,李佳倫,"三3,4(韻律教室/Aerobics classroom)","['', '', '34', '', '', '', '']","《體育類》
限大二以上選修。",[],True
https://selcrs.nsysu.edu.tw/menu5/showoutline.asp?SYEAR=114&SEM=2&CrsDat=GEPE211B&Crsname=運動與健康：初級墊上核心,,,False,運動健康(必),GEPE211B,2,不分班,"運動與健康：初級墊上核心
SPORT & HEALTH: BASIC MAT SCIENCE",1,期,True,50,2,50,0,李佳倫,"二3,4(韻律教室/Aerobics classroom)","['', '34', '', '', '', '', '']","《體育類》
限大二以上選修。",[],False
https://selcrs.nsysu.edu.tw/menu5/showoutline.asp?SYEAR=114&SEM=2&CrsDat=GEPE211C&Crsname=運動與健康：初級墊上核心,異動,更換時間1/7,False,運動健康(必),GEPE211C,2,不分班,"運動與健康：初級墊上核心
SPORT & HEALTH: BASIC MAT SCIENCE",1,期,True,50,9,49,1,許秀桃,"一3,4(韻律教室/Aerobics classroom)","['34', '', '', '', '', '', '']","《體育類》
限大二以上選修。",[],False
https://selcrs.nsysu.edu.tw/menu5/showoutline.asp?SYEAR=114&SEM=2&CrsDat=GEPE212&Crsname=運動與健康：初級太極拳,,,False,運動健康(必),GEPE212,2,不分班,"運動與健康：初級太極拳
SPORT & HEALTH: BASIC TAI-CHI CHUEN",1,期,True,50,6,50,0,曹德弘,"五B,5(韻律教室/Aerobics classroom)","['', '', '', '', 'B5', '', '']","《體育類》
限大二以上選修。",[],False
https://selcrs.nsysu.edu.tw/menu5/showoutline.asp?SYEAR=114&SEM=2&CrsDat=GEPE215&Crsname=運動與健康：初級帆船,,,False,運動健康(必),GEPE215,2,不分班,"運動與健康：初級帆船
SPORT & HEALTH: BASIC YACHTING",1,期,True,25,3,24,1,蔡鋒樺,"二1,2(海域中心/Marine sports center)","['', '12', '', '', '', '', '']","《體育類》
限大二以上選修。",['永續海洋休閒運動產業學程'],False
https://selcrs.nsysu.edu.tw/menu5/showoutline.asp?SYEAR=114&SEM=2&CrsDat=GEPE215A&Crsname=運動與健康：初級帆船,,,False,運動健康(必),GEPE215A,2,不分班,"運動與健康：初級帆船
SPORT & HEALTH: BASIC YACHTING",1,期,True,25,4,22,3,蔡鋒樺,"二3,4(海域中心/Marine sports center)","['', '34', '', '', '', '', '']","《體育類》
限大二以上選修。",['永續海洋休閒運動產業學程'],False
https://selcrs.nsysu.edu.tw/menu5/showoutline.asp?SYEAR=114&SEM=2&CrsDat=GEPE215B&Crsname=運動與健康：初級帆船,,,False,運動健康(必),GEPE215B,2,不分班,"運動與健康：初級帆船
SPORT & HEALTH: BASIC YACHTING",1,期,True,25,2,19,6,蔡鋒樺,"三1,2(海域中心/Marine sports center)","['', '', '12', '', '', '', '']","《體育類》
限大二以上選修。",['永續海洋休閒運動產業學程'],False
https://selcrs.nsysu.edu.tw/menu5/showoutline.asp?SYEAR=114&SEM=2&CrsDat=GEPE215C&Crsname=運動與健康：初級帆船,新增,1/7,False,運動健康(必),GEPE215C,2,不分班,"運動與健康：初級帆船
SPORT & HEALTH: BASIC YACHTING",1,期,True,25,5,25,0,蔡睿洋,"五1,2(海域中心)","['', '', '', '', '12', '', '']","《體育類》
限大二以上選修",['永續海洋休閒運動產業學程'],True
https://selcrs.nsysu.edu.tw/menu5/showoutline.asp?SYEAR=114&SEM=2&CrsDat=GEPE215D&Crsname=運動與健康：初級帆船,新增,1/7,False,運動健康(必),GEPE215D,2,不分班,"運動與健康：初級帆船
SPORT & HEALTH: BASIC YACHTING",1,期,True,25,6,20,5,蔡睿洋,"五3,4(海域中心)","['', '', '', '', '34', '', '']","《體育類》
限大二以上選修",['永續海洋休閒運動產業學程'],True
https://selcrs.nsysu.edu.tw/menu5/showoutline.asp?SYEAR=114&SEM=2&CrsDat=GEPE215E&Crsname=運動與健康：初級帆船,新增,1/7,False,運動健康(必),GEPE215E,2,不分班,"運動與健康：初級帆船
SPORT & HEALTH: BASIC YACHTING",1,期,True,25,5,24,1,蔡睿洋,"五5,6(海域中心)","['', '', '', '', '56', '', '']","《體育類》
限大二以上選修",['永續海洋休閒運動產業學程'],True
https://selcrs.nsysu.edu.tw/menu5/showoutline.asp?SYEAR=114&SEM=2&CrsDat=GEPE215F&Crsname=運動與健康：初級帆船,新增,1/8,False,運動健康(必),GEPE215F,2,不分班,"運動與健康：初級帆船
SPORT & HEALTH: BASIC YACHTING",1,期,True,25,5,7,18,楊智翔,"一1,2(海域中心)","['12', '', '', '', '', '', '']","《體育類》
大二以上選修",['永續海洋休閒運動產業學程'],False
https://selcrs.nsysu.edu.tw/menu5/showoutline.asp?SYEAR=114&SEM=2&CrsDat=GEPE215G&Crsname=運動與健康：初級帆船,新增,1/8,False,運動健康(必),GEPE215G,2,不分班,"運動與健康：初級帆船
SPORT & HEALTH: BASIC YACHTING",1,期,True,25,1,23,2,楊智翔,"一3,4(海域中心)","['34', '', '', '', '', '', '']","《體育類》
限大二以上選修修。",['永續海洋休閒運動產業學程'],False
https://selcrs.nsysu.edu.tw/menu5/showoutline.asp?SYEAR=114&SEM=2&CrsDat=GEPE215H&Crsname=運動與健康：初級帆船,新增,1/8,False,運動健康(必),GEPE215H,2,不分班,"運動與健康：初級帆船
SPORT & HEALTH: BASIC YACHTING",1,期,True,25,2,2,23,吳緒昌,"二1,2(海域中心)","['', '12', '', '', '', '', '']","《體育類》
限大二以上選修。",['永續海洋休閒運動產業學程'],False
https://selcrs.nsysu.edu.tw/menu5/showoutline.asp?SYEAR=114&SEM=2&CrsDat=GEPE215I&Crsname=運動與健康：初級帆船,新增,1/8,False,運動健康(必),GEPE215I,2,不分班,"運動與健康：初級帆船
SPORT & HEALTH: BASIC YACHTING",1,期,True,25,3,7,18,吳緒昌,"二3,4(海域中心)","['', '34', '', '', '', '', '']","《體育類》
限大二以上選修。",['永續海洋休閒運動產業學程'],False
https://selcrs.nsysu.edu.tw/menu5/showoutline.asp?SYEAR=114&SEM=2&CrsDat=GEPE215J&Crsname=運動與健康：初級帆船,新增,1/8,False,運動健康(必),GEPE215J,2,不分班,"運動與健康：初級帆船
SPORT & HEALTH: BASIC YACHTING",1,期,True,25,0,5,20,潘泰安,"三3,4(海域中心)","['', '', '34', '', '', '', '']","《體育類》
限大二以上選修。",['永續海洋休閒運動產業學程'],False
https://selcrs.nsysu.edu.tw/menu5/showoutline.asp?SYEAR=114&SEM=2&CrsDat=GEPE216&Crsname=運動與健康：初級排球,,,False,運動健康(必),GEPE216,2,不分班,"運動與健康：初級排球
SPORT & HEALTH: BASIC VOLLEY BALL",1,期,True,50,4,50,0,蔡宗晏,"五3,4(體育館3樓/3rd floors of Gym)","['', '', '', '', '34', '', '']","《體育類》
限大二以上選修。",[],False
https://selcrs.nsysu.edu.tw/menu5/showoutline.asp?SYEAR=114&SEM=2&CrsDat=GEPE217&Crsname=運動與健康：初級水域休閒活動,新增,1/8,False,運動健康(必),GEPE217,2,不分班,"運動與健康：初級水域休閒活動
SPORT & HEALTH：BASIC AQUATIC RECREATION ACTIVITIES",1,期,True,25,1,25,0,楊智翔,"五1,2(海域中心)","['', '', '', '', '12', '', '']","《體育類》
限大二以上選修。",['永續海洋休閒運動產業學程'],False
https://selcrs.nsysu.edu.tw/menu5/showoutline.asp?SYEAR=114&SEM=2&CrsDat=GEPE217A&Crsname=運動與健康：初級水域休閒活動,新增,1/8,False,運動健康(必),GEPE217A,2,不分班,"運動與健康：初級水域休閒活動
SPORT & HEALTH：BASIC AQUATIC RECREATION ACTIVITIES",1,期,True,25,0,25,0,楊智翔,"五3,4(海域中心)","['', '', '', '', '34', '', '']","《體育類》
限大二以上選修。",['永續海洋休閒運動產業學程'],False
https://selcrs.nsysu.edu.tw/menu5/showoutline.asp?SYEAR=114&SEM=2&CrsDat=GEPE221&Crsname=運動與健康：初級肌肉適能,異動,更換時間1/7,False,運動健康(必),GEPE221,2,不分班,"運動與健康：初級肌肉適能
SPORT & HEALTH: BASIC MUSCULAR FITNESS",1,期,True,35,3,35,0,蔡宗晏,"三6,7(體適能中心/Fitness Center)","['', '', '67', '', '', '', '']","《體育類》
限大二以上選修。第一堂課請至體育館3樓體適能中心。",[],False
https://selcrs.nsysu.edu.tw/menu5/showoutline.asp?SYEAR=114&SEM=2&CrsDat=GEPE221A&Crsname=運動與健康：初級肌肉適能,,,False,運動健康(必),GEPE221A,2,不分班,"運動與健康：初級肌肉適能
SPORT & HEALTH: BASIC MUSCULAR FITNESS",1,期,True,35,5,35,0,曹德弘,"四1,2(體適能中心/Fitness Center)","['', '', '', '12', '', '', '']","《體育類》
限大二以上選修。",[],False
https://selcrs.nsysu.edu.tw/menu5/showoutline.asp?SYEAR=114&SEM=2&CrsDat=GEPE221B&Crsname=運動與健康：初級肌肉適能,,,False,運動健康(必),GEPE221B,2,不分班,"運動與健康：初級肌肉適能
SPORT & HEALTH: BASIC MUSCULAR FITNESS",1,期,True,35,2,35,0,曹德弘,"四6,7(體適能中心/Fitness Center)","['', '', '', '67', '', '', '']","《體育類》
限大二以上選修。",[],False
https://selcrs.nsysu.edu.tw/menu5/showoutline.asp?SYEAR=114&SEM=2&CrsDat=GEPE223&Crsname=運動與健康：初級競技桌球,,,False,運動健康(必),GEPE223,2,不分班,"運動與健康：初級競技桌球
SPORT & HEALTH: BASIC SPORT TABLE TENNIS",1,期,True,50,2,37,13,莊智淵,"三1,2(桌球室/Table tennis room)","['', '', '12', '', '', '', '']","《體育類》
限大二以上選修。",[],False
https://selcrs.nsysu.edu.tw/menu5/showoutline.asp?SYEAR=114&SEM=2&CrsDat=GEPE227&Crsname=運動與健康：初級複合弓,,,False,運動健康(必),GEPE227,2,不分班,"運動與健康：初級複合弓
SPORT & HEALTH: BASIC COMPOUND BOW",1,期,True,20,7,20,0,黃義博,"五6,7(射箭場/Archery field)","['', '', '', '', '67', '', '']","《體育類》
限大二以上選修。",[],False
https://selcrs.nsysu.edu.tw/menu5/showoutline.asp?SYEAR=114&SEM=2&CrsDat=GEPE228&Crsname=運動與健康：初級競技羽球,,,False,運動健康(必),GEPE228,2,不分班,"運動與健康：初級競技羽球
SPORT & HEALTH：BASIC ATHLETIC BADMINTON",1,期,True,50,0,49,1,林國欽,"二3,4(體育館3樓/3rd floors of Gym)","['', '34', '', '', '', '', '']","《體育類》
初級競技羽球--限大二以上選修。請有修習過初級羽球或具基本能力者再進行選修，授課教師於第一堂課測試基本能力後始得修習。",[],False
https://selcrs.nsysu.edu.tw/menu5/showoutline.asp?SYEAR=114&SEM=2&CrsDat=GEPE229&Crsname=運動與健康：初級水中救生,新增,1/9,False,運動健康(必),GEPE229,2,不分班,"運動與健康：初級水中救生
SPORT & HEALTH: BASIC LIFE SAVING",2,期,True,20,0,11,9,羅凱暘,,"['CD', 'CD', 'DE', 'CD', 'CD', '1234B5678', '']","《體育類》
限大二以上選修。200公尺(自由式、蛙式各100公尺)游泳6分鐘完成，方得修習本課程。",[],False
https://selcrs.nsysu.edu.tw/menu5/showoutline.asp?SYEAR=114&SEM=2&CrsDat=GEPE230&Crsname=運動與健康：初級衝浪,新增,1/7,False,運動健康(必),GEPE230,2,不分班,"運動與健康：初級衝浪
SPORT & HEALTH：BASIC SURF",1,期,True,25,5,25,0,蔡睿洋,"五8,7(海域中心)","['', '', '', '', '78', '', '']","《體育類》
限大二以上選修，且海泳200公尺不落地完成(不限泳姿不限時)，方得修習本課程",['永續海洋休閒運動產業學程'],True
https://selcrs.nsysu.edu.tw/menu5/showoutline.asp?SYEAR=114&SEM=2&CrsDat=GEPE231&Crsname=運動與健康：初級動作教育,,,False,運動健康(必),GEPE231,2,不分班,"運動與健康：初級動作教育
SPORT & HEALTH BASIC MOVEMENT EDUCATION",1,期,True,40,6,37,3,羅凱暘,"二6,7(韻律教室/Aerobics classroom)","['', '67', '', '', '', '', '']","《體育類》
限大二以上選修。",[],False
https://selcrs.nsysu.edu.tw/menu5/showoutline.asp?SYEAR=114&SEM=2&CrsDat=GEPE232&Crsname=運動與健康：初級桌球集訓班,新增,1/8,False,運動健康(必),GEPE232,2,不分班,"運動與健康：初級桌球集訓班
SPORT & HEALTH: BASIC TABLE TENNIS ASSEMBLED TRAINING CLASS",1,期,True,100,0,3,97,莊智淵,一A() 三A(),"['A', '', 'A', '', '', '', '']","《體育類》
限大二以上選修且本校校隊學生需自行加選；非校隊加選以零分計。",[],False
https://selcrs.nsysu.edu.tw/menu5/showoutline.asp?SYEAR=114&SEM=2&CrsDat=GEPE303&Crsname=運動與健康：進階集訓班,異動,更換教師1/29,False,運動進階(選),GEPE303,3,不分班,"運動與健康：進階集訓班
SPORT & HEALTH:  ADVANCED ASSEMBLED TRAINING CLASS",2,期,False,100,4,23,77,"林國欽,林宗正,羅凱暘,蔡鋒樺,許秀桃,黃義博",二A() 四A(),"['', 'A', '', 'A', '', '', '']","《體育類》
限大三以上選修且本校校隊學生需自行加選；非校隊加選以零分計。",[],False
https://selcrs.nsysu.edu.tw/menu5/showoutline.asp?SYEAR=114&SEM=2&CrsDat=GEPE306&Crsname=運動與健康：進階競技桌球,,,False,運動進階(選),GEPE306,3,不分班,"運動與健康：進階競技桌球
SPORT & HEALTH ADVANCED ATHLETIC TABLE TENNIS TRAINING",1,期,False,24,1,9,15,莊智淵,"三3,4(桌球室/Table tennis room)","['', '', '34', '', '', '', '']","《體育類》
限大三以上選修",[],False
https://selcrs.nsysu.edu.tw/menu5/showoutline.asp?SYEAR=114&SEM=2&CrsDat=GEPE307&Crsname=運動與健康：進階桌球集訓班,,,False,運動進階(選),GEPE307,3,不分班,"運動與健康：進階桌球集訓班
SPORT & HEALTH:ADVANCED TABLE TENNIS ASSEMBLED TRAINING CLASS",1,期,False,100,0,1,99,莊智淵,二A() 四A() 五A(),"['', 'A', '', 'A', 'A', '', '']","《體育類》
限大三以上選修。本校校隊學生需自行加選，非校隊加選以零分計算",[],False
https://selcrs.nsysu.edu.tw/menu5/showoutline.asp?SYEAR=114&SEM=2&CrsDat=GEAE2105&Crsname=莎劇與文化詮釋,,,False,博雅向度一,GEAE2105,0,不分班,"莎劇與文化詮釋
APPROACHING SHAKESPEARE：FROM PAGE TO PERFORMANCE",3,期,True,50,4,50,0,林季怡,"四8,6,7(通GE 2006)","['', '', '', '678', '', '', '']",《講授類》,"['國際素養微學程', '生成式AI素養微學程']",False
https://selcrs.nsysu.edu.tw/menu5/showoutline.asp?SYEAR=114&SEM=2&CrsDat=GEAE2108&Crsname=台灣社會與文化,,,False,博雅向度一,GEAE2108,0,不分班,"台灣社會與文化
SOCIETY AND CULTURE IN TAIWAN",3,期,True,80,15,48,32,江政寬,"一5,6,7(通GE 1008)","['567', '', '', '', '', '', '']",《講授類》,"['日本研究學程', '環境教育學程', '地方創生與區域治理微學程', '地方敘事與創生學程', '社區文創微學程', '台日跨文化微學程', '地方敘事與文化設計微學程', '地方創生與永續發展整合學程', '臺灣研究學程', '地方發展與永續農業微學程']",False
https://selcrs.nsysu.edu.tw/menu5/showoutline.asp?SYEAR=114&SEM=2&CrsDat=GEAE2109&Crsname=生命禮儀與文化詮釋,,,False,博雅向度一,GEAE2109,0,不分班,"生命禮儀與文化詮釋
ANALYSIS OF CULTURE PERSPECTIVE ABOUT LIFE CEREMONY",3,期,True,80,8,80,0,楊濟襄,"一2,3,4(文LA 2004)","['234', '', '', '', '', '', '']","《講授類》
限非中文系學生修習",[],False
https://selcrs.nsysu.edu.tw/menu5/showoutline.asp?SYEAR=114&SEM=2&CrsDat=GEAE2117&Crsname=當代劇場藝術的價值與思維,,,False,博雅向度一,GEAE2117,0,不分班,"當代劇場藝術的價值與思維
MODERNISM IN THEATRE",2,期,True,50,2,13,37,林宜誠,"二8,9(文FA 3007)","['', '89', '', '', '', '', '']","《講授類》
限非劇藝系學生修習","['法國語言、文化與社會學程', '音樂劇學程']",False
https://selcrs.nsysu.edu.tw/menu5/showoutline.asp?SYEAR=114&SEM=2&CrsDat=GEAE2135&Crsname=創意繪畫之美學實踐,,,False,博雅向度一,GEAE2135,0,不分班,"創意繪畫之美學實踐
AESTHETIC PRACTICE OF CREATIVE PAINTING",2,期,True,50,4,15,35,王以亮,"一8,7(文FA 3009)","['78', '', '', '', '', '', '']",《講授類》,"['臺灣研究學程', 'STREAM永續發展培力微學程']",False
https://selcrs.nsysu.edu.tw/menu5/showoutline.asp?SYEAR=114&SEM=2&CrsDat=GEAE2136&Crsname=飲食與文學,,,False,博雅向度一,GEAE2136,0,不分班,"飲食與文學
PLEASURE OF THE LITERARY MEAL",3,期,True,70,7,70,0,吳亦昕,"三2,3,4(通GE 1008)","['', '', '234', '', '', '', '']",《講授類》,"['飲食文化微學程', '地方敘事與創生學程', '臺灣研究學程', '印象海味微學程', '地方發展與永續農業微學程']",False
https://selcrs.nsysu.edu.tw/menu5/showoutline.asp?SYEAR=114&SEM=2&CrsDat=GEAE2141&Crsname=願望的視界：天方夜譚的世界,,,False,博雅向度一,GEAE2141,0,不分班,"願望的視界：天方夜譚的世界
HORIZONS OF DESIRE: THE WORLD OF ARABIAN NIGHTS",2,期,True,50,6,23,27,蘇其康,"三6,7(文LA 1004)","['', '', '67', '', '', '', '']","《講授類》
本課程為優先選修課程，依選課須知規定，優先條件為第一篩選順序，志願序或點數加選為次要篩選順序。優先條件順序:(1)全英語學士專班(分組/班)學生。(2)其他學士班學生。",['國際素養微學程'],True
https://selcrs.nsysu.edu.tw/menu5/showoutline.asp?SYEAR=114&SEM=2&CrsDat=GEAE2144&Crsname=美學與美感體驗,,,False,博雅向度一,GEAE2144,0,不分班,"美學與美感體驗
AESTHETICS AND AESTHETIC EXPERIENCE",2,期,True,50,8,16,34,王以亮,"三3,4(通GE 2006)","['', '', '34', '', '', '', '']",《講授類》,[],False
https://selcrs.nsysu.edu.tw/menu5/showoutline.asp?SYEAR=114&SEM=2&CrsDat=GEAE2145&Crsname=從國際新聞學人文地理,,,False,博雅向度一,GEAE2145,0,不分班,"從國際新聞學人文地理
EXPLORING HUMAN GEOGRAPHY IN WORLD NEWS",3,期,True,50,15,50,0,賴慧玲,"四5,6,7(通GE 4016)","['', '', '', '567', '', '', '']","《講授類》
本課程為優先選修課程，依選課須知規定，優先條件為第一篩選順序，志願序或點數加選為次要篩選順序。優先條件順序:(1)全英語學士專班(分組/班)學生。(2)其他學士班學生。","['國際素養微學程', '生成式AI素養微學程', '日本研究學程']",True
https://selcrs.nsysu.edu.tw/menu5/showoutline.asp?SYEAR=114&SEM=2&CrsDat=GEAE2147&Crsname=文化創意產業概論,,,False,博雅向度一,GEAE2147,0,不分班,"文化創意產業概論
INTRODUCTION TO CULTURAL AND CREATIVE INDUSTRIES",3,期,True,50,7,50,0,張正霖,"三2,3,4(文FA 3007)","['', '', '234', '', '', '', '']","《講授類》
本課程為優先選修課程，依選課須知規定，優先條件為第一篩選順序，志願序或點數加選為次要篩選順序。優先條件順序:(1)全英語學士專班(分組/班)學生。(2)其他學士班學生。",['國際素養微學程'],True
https://selcrs.nsysu.edu.tw/menu5/showoutline.asp?SYEAR=114&SEM=2&CrsDat=GEAE2150&Crsname=歐美小說賞析,,,False,博雅向度一,GEAE2150,0,不分班,"歐美小說賞析
APPRECIATION OF EUROPEAN AND AMERICAN NOVELS",3,期,True,80,3,80,0,盧莉茹,"二5,6,7(文LA 0002)","['', '567', '', '', '', '', '']","《講授類》
本課程為優先選修課程，依選課須知規定，優先條件為第一篩選順序，志願序或點數加選為次要篩選順序。優先條件順序:(1)全英語學士專班(分組/班)學生。(2)其他學士班學生。",['法國語言、文化與社會學程'],True
https://selcrs.nsysu.edu.tw/menu5/showoutline.asp?SYEAR=114&SEM=2&CrsDat=GEAE2151&Crsname=認識護理之美,,,False,博雅向度一,GEAE2151,0,不分班,"認識護理之美
EXPLORING THE AESTHETIC IN NURSING",2,期,True,50,8,12,38,王美卿,"二8,7(醫IL 3013)","['', '78', '', '', '', '', '']",《講授類》,[],False
https://selcrs.nsysu.edu.tw/menu5/showoutline.asp?SYEAR=114&SEM=2&CrsDat=GEAE2152&Crsname=現代詩美感賞析與習作,,,False,博雅向度一,GEAE2152,0,不分班,"現代詩美感賞析與習作
AESTHETIC APPRECIATION AND PRACTICE OF MODERN POETRY",2,期,True,50,12,24,26,鄭智仁,"二8,9(通GE 1008)","['', '89', '', '', '', '', '']",《講授類》,[],False
https://selcrs.nsysu.edu.tw/menu5/showoutline.asp?SYEAR=114&SEM=2&CrsDat=GEAE2153&Crsname=圖像中的藝術與文化 ,異動,調升名額2/3,False,博雅向度一,GEAE2153,0,不分班,"圖像中的藝術與文化 
THE ARTS AND CULTURE OF VISUAL IMAGES",2,期,True,50,18,15,35,IGER跨校通識聯盟教師,"一3,4(同步遠距)","['34', '', '', '', '', '', '']","《講授類》
1.此為iGER跨校通識聯盟數位課程。 授課教師：文化大學連啟元老師。2.詳細選課/修課規定及課綱請至西灣學院網頁最新消息查詢，請注意線上同步課程時間。",[],False
https://selcrs.nsysu.edu.tw/menu5/showoutline.asp?SYEAR=114&SEM=2&CrsDat=GEAE2204&Crsname=自由與責任,,,False,博雅向度二,GEAE2204,0,不分班,"自由與責任
FREEDOM AND RESPONSIBILITY",3,期,True,50,19,33,17,戴遠雄,"三5,6,7(文LA 1003)","['', '', '567', '', '', '', '']",《講授類》,['國際素養微學程'],False
https://selcrs.nsysu.edu.tw/menu5/showoutline.asp?SYEAR=114&SEM=2&CrsDat=GEAE2205&Crsname=視覺文化與哲學反思,,,False,博雅向度二,GEAE2205,0,不分班,"視覺文化與哲學反思
VISUAL CULTURE AND PHILOSOPHICAL REFLECTION",3,期,True,80,9,80,0,楊婉儀,"四2,3,4(通GE 1010)","['', '', '', '234', '', '', '']",《講授類》,"['生成式AI素養微學程', '臺灣研究學程', '法國語言、文化與社會學程']",False
https://selcrs.nsysu.edu.tw/menu5/showoutline.asp?SYEAR=114&SEM=2&CrsDat=GEAE2207&Crsname=文化差異與倫理規範,,,False,博雅向度二,GEAE2207,0,不分班,"文化差異與倫理規範
CULTURAL DIFFERENCE AND ETHICAL NORMS",3,期,True,50,4,5,45,游淙祺,"一5,6,7(文LA 0001)","['567', '', '', '', '', '', '']",《講授類》,"['國際素養微學程', '跨文化人文思潮與美學微學程', '臺灣研究學程', '法國語言、文化與社會學程']",False
https://selcrs.nsysu.edu.tw/menu5/showoutline.asp?SYEAR=114&SEM=2&CrsDat=GEAE2208&Crsname=東方哲學思想（一）,,,False,博雅向度二,GEAE2208,0,不分班,"東方哲學思想（一）
EASTERN PHILOSOPHY（I）",3,期,True,50,12,30,20,越建東,"三2,3,4(通GE 4016)","['', '', '234', '', '', '', '']",《講授類》,"['國際素養微學程', '國際漢學微學程']",False
https://selcrs.nsysu.edu.tw/menu5/showoutline.asp?SYEAR=114&SEM=2&CrsDat=GEAE2210&Crsname=生命教育,,,False,博雅向度二,GEAE2210,0,不分班,"生命教育
LIFE EDUCATION",2,期,True,50,16,32,18,楊婉儀,"三3,4(文LA 0001)","['', '', '34', '', '', '', '']",《講授類》,"['臺灣研究學程', '與社會交往的表演藝術微學程']",False
https://selcrs.nsysu.edu.tw/menu5/showoutline.asp?SYEAR=114&SEM=2&CrsDat=GEAE2219&Crsname=生命倫理的探索,,,False,博雅向度二,GEAE2219,0,不分班,"生命倫理的探索
EXPLORATION OF ETHICS IN HUMAN EXISTENCE",3,期,True,50,17,44,6,戴遠雄,"二5,6,7(文LA 1003)","['', '567', '', '', '', '', '']",《講授類》,['國際素養微學程'],False
https://selcrs.nsysu.edu.tw/menu5/showoutline.asp?SYEAR=114&SEM=2&CrsDat=GEAE2224&Crsname=邏輯推理與創造性思維,,,False,博雅向度二,GEAE2224,0,不分班,"邏輯推理與創造性思維
LOGICAL REASONING AND CREATIVE THINKING",3,期,True,50,21,40,10,楊士奇,"四2,3,4(通GE 4016)","['', '', '', '234', '', '', '']",《講授類》,"['地方敘事與創生學程', '生成式AI素養微學程', '全球半導體經營管理微學程', 'STREAM永續發展培力微學程']",False
https://selcrs.nsysu.edu.tw/menu5/showoutline.asp?SYEAR=114&SEM=2&CrsDat=GEAE2226&Crsname=現代日本社會與宗教,,,False,博雅向度二,GEAE2226,0,不分班,"現代日本社會與宗教
RELIGION IN MODERN JAPANESE SOCIETY",3,期,True,70,7,70,0,伊藤佳代,"三5,6,7(通GE 2006)","['', '', '567', '', '', '', '']",《講授類》,"['台日跨文化微學程', '臺灣研究學程', '地方創生與永續發展整合學程', '日本研究學程', '地方創生與區域治理微學程']",False
https://selcrs.nsysu.edu.tw/menu5/showoutline.asp?SYEAR=114&SEM=2&CrsDat=GEAE2234&Crsname=人工智慧倫理,,,False,博雅向度二,GEAE2234,0,不分班,"人工智慧倫理
AI ETHICS",3,期,True,60,8,36,24,AI聯盟教師,"二8,9,7(通GE 1010)","['', '789', '', '', '', '', '']","《講授類》
1.開課單位及教師：東海大學甘偵蓉老師。本校協助教師：國際原民專班李育諭副教授。 2.本課程須至實體教室進行同步遠距上課及實體活動，遠距上課YouTube位置:www.youtube.com/@EthicsPhil .課程網頁:https://sites.google.com/go.thu.edu.tw/aiethics.3.上課時間：每週二15:20~18:10。","['生成式AI素養微學程', '生成式AI素養微學程', '地方發展與永續農業微學程']",False
https://selcrs.nsysu.edu.tw/menu5/showoutline.asp?SYEAR=114&SEM=2&CrsDat=GEAE2235&Crsname=歧視、偏見與社會正義,,,False,博雅向度二,GEAE2235,0,不分班,"歧視、偏見與社會正義
DISCRIMINATION, BIAS AND SOCIAL JUSTICE",3,期,True,50,12,49,1,許家豪,"二2,3,4(海ME 3006)","['', '234', '', '', '', '', '']",《講授類》,[],False
https://selcrs.nsysu.edu.tw/menu5/showoutline.asp?SYEAR=114&SEM=2&CrsDat=GEAE2236&Crsname=自我經營學：情緒、人際與生活,,,False,博雅向度二,GEAE2236,0,不分班,"自我經營學：情緒、人際與生活
SELF-MANAGEMENT STUDIES: EMOTIONS, INTERPERSONAL RELATIONSHIPS, AND LIFE",2,期,True,80,5,80,0,"于欽平,黃淑玲","四5,6(通GE 1010)","['', '', '', '56', '', '', '']",《講授類》,[],False
https://selcrs.nsysu.edu.tw/menu5/showoutline.asp?SYEAR=114&SEM=2&CrsDat=GEAE2237&Crsname=國際人權與轉型正義,異動,調升名額2/3,False,博雅向度二,GEAE2237,0,不分班,"國際人權與轉型正義
INTERNATIONAL HUMAN RIGHTS REGIMES AND TRANSITIONAL JUSTICE",2,期,True,50,12,9,41,IGER跨校通識聯盟教師,"四6,7(同步遠距)","['', '', '', '67', '', '', '']","《講授類》
1.此為iGER跨校通識聯盟數位課程，授課教師：政治大學葉浩教師。 2.詳細選課/修課規定及課綱請至西灣學院網頁最新消息查詢，請注意線上同步課程時間。",[],False
https://selcrs.nsysu.edu.tw/menu5/showoutline.asp?SYEAR=114&SEM=2&CrsDat=GEAE2301&Crsname=海洋文化,,,False,博雅向度三,GEAE2301,0,不分班,"海洋文化
MARITIME CULTURE",3,期,True,80,25,76,4,江政寬,"四5,6,7(通GE 1008)","['', '', '', '567', '', '', '']",《講授類》,"['日本研究學程', '環境教育學程', '地方敘事與創生學程', '社區文創微學程', '永續海洋休閒運動產業學程', '飲食文化微學程', '印象海味微學程', '臺灣研究學程', '地方發展與永續農業微學程']",False
https://selcrs.nsysu.edu.tw/menu5/showoutline.asp?SYEAR=114&SEM=2&CrsDat=GEAE2311&Crsname=都市營造與空間規劃,,,False,博雅向度三,GEAE2311,0,不分班,"都市營造與空間規劃
URBAN DESIGN AND SPACE PLANNING",2,期,True,50,4,15,35,郭瑞坤,"二8,9(管CM 1037)","['', '89', '', '', '', '', '']",《講授類》,"['綠色港市微學程', '環境教育學程', '地方創生與永續發展整合學程', '環境科技與管理學程', '地方創生與區域治理微學程']",False
https://selcrs.nsysu.edu.tw/menu5/showoutline.asp?SYEAR=114&SEM=2&CrsDat=GEAE2315&Crsname=性別與管理,,,False,博雅向度三,GEAE2315,0,不分班,"性別與管理
GENDER AND MANAGEMENT",2,期,True,50,6,50,0,彭渰雯,"二8,9(西SW 1005)","['', '89', '', '', '', '', '']",《講授類》,"['性別與管理微學程', '性別研究學程']",False
https://selcrs.nsysu.edu.tw/menu5/showoutline.asp?SYEAR=114&SEM=2&CrsDat=GEAE2319&Crsname=性別與社會,異動,更換時間及教室1/27,False,博雅向度三,GEAE2319,0,不分班,"性別與社會
GENDER AND SOCIETY",3,期,True,60,9,13,47,唐文慧,"一2,3,4(通GE 1010)","['234', '', '', '', '', '', '']","《講授類》
限非社科院學生修習","['人權研究整合學程', '國際素養微學程', '性別與社會微學程', '性別與管理微學程', '臺灣研究學程', '法國語言、文化與社會學程', '性別研究學程']",False
https://selcrs.nsysu.edu.tw/menu5/showoutline.asp?SYEAR=114&SEM=2&CrsDat=GEAE2328&Crsname=日本文化概論,,,False,博雅向度三,GEAE2328,0,不分班,"日本文化概論
INTRODUCTION TO JAPANESE CULTURE",3,期,True,80,11,80,0,吳亦昕,"四2,3,4(通GE 2006)","['', '', '', '234', '', '', '']",《講授類》,"['台日跨文化微學程', '地方敘事與創生學程', '地方創生與永續發展整合學程', '日本研究學程', '地方創生與區域治理微學程']",False
https://selcrs.nsysu.edu.tw/menu5/showoutline.asp?SYEAR=114&SEM=2&CrsDat=GEAE2329&Crsname=公民生活與保險,,,False,博雅向度三,GEAE2329,0,不分班,"公民生活與保險
CIVIC LIFE AND INSURANCE",2,期,True,80,6,80,0,唐俊華,"二5,6(通GE 1010)","['', '56', '', '', '', '', '']","《講授類》
限大3以上非財管系學生修習。",[],False
https://selcrs.nsysu.edu.tw/menu5/showoutline.asp?SYEAR=114&SEM=2&CrsDat=GEAE2332&Crsname=社會文化分析,異動,更換時間及教室1/21,False,博雅向度三,GEAE2332,0,不分班,"社會文化分析
SOCIO-CULTURAL ANALYSIS",3,期,True,80,11,41,39,王啟仲,"三5,6,7(通GE 1010)","['', '', '567', '', '', '', '']","《講授類》
本課程為優先選修課程，依選課須知規定，優先條件為第一篩選順序，志願序或點數加選為次要篩選順序。優先條件順序:(1)全英語學士專班(分組/班)學生。(2)其他學士班學生。","['日本研究學程', '環境教育學程', '地方敘事與創生學程', '地方敘事與文化設計微學程', '實用英語跨域學程', '全英語通識教育菁英學程', '臺灣研究學程', '台灣文化英語微學程', '文化產業創新學程', '當代策展與藝術行政學程', '生成式AI素養微學程', '國際素養微學程']",True
https://selcrs.nsysu.edu.tw/menu5/showoutline.asp?SYEAR=114&SEM=2&CrsDat=GEAE2333&Crsname=台灣政經發展,,,False,博雅向度三,GEAE2333,0,不分班,"台灣政經發展
POLITICAL AND ECONOMIC DEVELOPMENT IN TAIWAN",3,期,True,50,6,49,1,許家豪,"二8,6,7(海ME 3006)","['', '678', '', '', '', '', '']","《講授類》
本課程為優先選修課程，依選課須知規定，優先條件為第一篩選順序，志願序或點數加選為次要篩選順序。優先條件順序:(1)全英語學士專班(分組/班)學生。(2)其他學士班學生。","['人權研究整合學程', '台灣文化英語微學程', '臺灣研究學程', '實用英語跨域學程', '全英語通識教育菁英學程', '日本研究學程', '全民國防微學程']",True
https://selcrs.nsysu.edu.tw/menu5/showoutline.asp?SYEAR=114&SEM=2&CrsDat=GEAE2338&Crsname=跨國遷移,異動,更換時間及教室1/27,False,博雅向度三,GEAE2338,0,不分班,"跨國遷移
TRANSNATIONAL MIGRATION",3,期,True,60,8,7,53,唐文慧,"一5,6,7(通GE 1010)","['567', '', '', '', '', '', '']","《講授類》
限非社科院學生修習","['性別與社會微學程', '性別研究學程']",False
https://selcrs.nsysu.edu.tw/menu5/showoutline.asp?SYEAR=114&SEM=2&CrsDat=GEAE2343&Crsname=創造力與社會創新,,,False,博雅向度三,GEAE2343,0,不分班,"創造力與社會創新
CREATIVITY AND SOCIAL INNOVATION",3,期,True,50,6,50,0,游銘仁,"三5,6,7(海ME 2001)","['', '', '567', '', '', '', '']",《講授類》,"['創新創業微學程', '地方敘事與創生學程', '生態想想微學程', '中文創意跨域應用整合學程', '原民文化探索及永續發展學程']",False
https://selcrs.nsysu.edu.tw/menu5/showoutline.asp?SYEAR=114&SEM=2&CrsDat=GEAE2347&Crsname=通識專題講座：全民運動與健康永續,,,False,博雅向度三,GEAE2347,0,不分班,"通識專題講座：全民運動與健康永續
LECTURESHIP ON GENERAL EDUCATION: SPORT FOR ALL AND SUSTAINABLE HEALTH",2,期,True,120,9,120,0,"劉叔秋,蔡宗晏","五6,7(通GE 1010)","['', '', '', '', '67', '', '']",《演講/參訪》,['國際素養微學程'],False
https://selcrs.nsysu.edu.tw/menu5/showoutline.asp?SYEAR=114&SEM=2&CrsDat=GEAE2403&Crsname=創新科技應用服務,,,False,博雅向度四,GEAE2403,0,不分班,"創新科技應用服務
INNOVATIVE TECHNOLOGY ENABLED SERVICES",3,期,True,55,8,54,1,蔡俊彥,"二2,3,4(圖IL PC03)","['', '234', '', '', '', '', '']","《講授類》
限非資工、資管系修習。已修過「創意程式設計」課程不得修。","['計算物理及人工智慧微學程', '創新創業微學程', '生成式AI素養微學程']",False
https://selcrs.nsysu.edu.tw/menu5/showoutline.asp?SYEAR=114&SEM=2&CrsDat=GEAE2406&Crsname=現今科技與社會,,,False,博雅向度四,GEAE2406,0,不分班,"現今科技與社會
MODERN SCIENCE & TECHNOLOGY AND SOCIETY",2,期,True,95,36,73,22,"于松桓,張玉泉,張美濙","二8,9(通GE 4016)","['', '89', '', '', '', '', '']",《講授類》,['環境教育學程'],False
https://selcrs.nsysu.edu.tw/menu5/showoutline.asp?SYEAR=114&SEM=2&CrsDat=GEAE2413&Crsname=海權與海洋事務,,,False,博雅向度四,GEAE2413,0,不分班,"海權與海洋事務
SEA POWER AND MARINE AFFAIRS",2,期,True,115,21,28,87,"吳偉寧,王志騰,蔡錦昌,高世明","二B,5(海MA 3021)","['', 'B5', '', '', '', '', '']","《講授類》
已修海洋事務概論不得修。","['探索海洋國家公園微學程', '環境教育學程', '國際素養微學程', '臺灣研究學程', '日本研究學程', '實踐環境教育微學程']",False
https://selcrs.nsysu.edu.tw/menu5/showoutline.asp?SYEAR=114&SEM=2&CrsDat=GEAE2430&Crsname=科學、媒體與文化,,,False,博雅向度四,GEAE2430,0,不分班,"科學、媒體與文化
SCIENCE, MEDIA, AND CULTURE",3,期,True,90,14,89,1,李育諭,"五2,3,4(通GE 1008)","['', '', '', '', '234', '', '']",《講授類》,"['國際素養微學程', '文化產業創新學程', '生成式AI素養微學程', '臺灣研究學程', '地方創生與永續發展整合學程', '地方創生與區域治理微學程', '地方發展與永續農業微學程']",False
https://selcrs.nsysu.edu.tw/menu5/showoutline.asp?SYEAR=114&SEM=2&CrsDat=GEAE2432&Crsname=流行音樂、科技與社會,異動,更換時間與教室1/21,False,博雅向度四,GEAE2432,0,不分班,"流行音樂、科技與社會
POPULAR MUSIC, TECHNOLOGY AND SOCIETY",3,期,True,80,7,29,51,王啟仲,"二5,6,7(通GE 1008)","['', '567', '', '', '', '', '']",《講授類》,['文化產業創新學程'],False
https://selcrs.nsysu.edu.tw/menu5/showoutline.asp?SYEAR=114&SEM=2&CrsDat=GEAE2435&Crsname=射擊運動與硬體科技,,,False,博雅向度四,GEAE2435,0,不分班,"射擊運動與硬體科技
SHOOTING SPORTS AND HARDWARE TECHNOLOGY",2,期,True,60,8,60,0,劉耿豪,"五3,4(通GE 4016)","['', '', '', '', '34', '', '']",《講授類》,"['生成式AI素養微學程', '全民國防微學程']",False
https://selcrs.nsysu.edu.tw/menu5/showoutline.asp?SYEAR=114&SEM=2&CrsDat=GEAE2440&Crsname=雙向交響：當科技遇見人文,,,False,博雅向度四,GEAE2440,0,不分班,"雙向交響：當科技遇見人文
DUAL SYMPHONY: WHERE TECHNOLOGY MEETS HUMANITY",2,期,True,70,24,20,50,"謝東佑,陳以軒","二3,4(通GE 1008)","['', '34', '', '', '', '', '']",《講授類》,['生成式AI素養微學程'],False
https://selcrs.nsysu.edu.tw/menu5/showoutline.asp?SYEAR=114&SEM=2&CrsDat=GEAE2441&Crsname=科技社會之飲食旅遊,,,False,博雅向度四,GEAE2441,0,不分班,"科技社會之飲食旅遊
FOOD TOURISM IN SCIENCE, TECHNOLOGY AND SOCIETY",3,期,True,50,11,50,0,陳德容,"三5,6,7(通GE 1008)","['', '', '567', '', '', '', '']","《講授類》
本課程為優先選修課程，依選課須知規定，優先條件為第一篩選順序，志願序或點數加選為次要篩選順序。優先條件順序:(1)全英語學士專班(分組/班)學生。(2)其他學士班學生。","['國際素養微學程', '地方發展與永續農業微學程']",True
https://selcrs.nsysu.edu.tw/menu5/showoutline.asp?SYEAR=114&SEM=2&CrsDat=GEAE2446&Crsname=理解材料科學：原理、工業應用與日常生活,,,False,博雅向度四,GEAE2446,0,不分班,"理解材料科學：原理、工業應用與日常生活
UNDERSTANDING MATERIALS SCIENCE: THEORY, INDUSTRIAL APPLICATIONS, AND DAILY LIFE",3,期,True,50,10,21,29,張六文,"二8,6,7(工EC 1009)","['', '678', '', '', '', '', '']","《講授類》
限非材光系學生修習",[],False
https://selcrs.nsysu.edu.tw/menu5/showoutline.asp?SYEAR=114&SEM=2&CrsDat=GEAE2447&Crsname=故事創意與AI繪本創作,,,False,博雅向度四,GEAE2447,0,不分班,"故事創意與AI繪本創作
STORY CREATIVITY AND AI PICTURE BOOK DESIGN",3,期,True,55,13,55,0,黃郁晴,"四2,3,4(圖IL PC02)","['', '', '', '234', '', '', '']",《講授類》,['生成式AI素養微學程'],False
https://selcrs.nsysu.edu.tw/menu5/showoutline.asp?SYEAR=114&SEM=2&CrsDat=GEAE2448&Crsname=生成式AI的人文導論,,,False,博雅向度四,GEAE2448,0,不分班,"生成式AI的人文導論
INTRODUCING GENERATIVE AI FOR HUMANITIES",3,期,True,40,21,29,11,AI聯盟教師,"五3,4,B(同步遠距)","['', '', '', '', '34B', '', '']","《講授類》
1.開課單位及教師：臺灣大學謝舒凱老師。本校協助教師：中文系羅景文副教授。 2.此為同步遠距課程，請使用台大數位學習平台NTUCOOL（http://cool.ntu.edu.tw/login/portal）。3.上課時間：每週五 10:20-13:10。4.本課程的作業與練習，從傳統偏重工程或程式碼的細節，轉向以直覺、風格和語義驅動的「Vibe Coding」實踐。不具備 python程式知識亦可。但是要具有開放、樂於學習新事物的精神與毅力，才能有所收穫。",[],False
https://selcrs.nsysu.edu.tw/menu5/showoutline.asp?SYEAR=114&SEM=2&CrsDat=GEAE2449&Crsname=智慧製造執行系統,,,False,博雅向度四,GEAE2449,0,不分班,"智慧製造執行系統
INTELLIGENT MANUFACTURING EXECUTION SYSTEMS",3,期,True,40,7,7,33,AI聯盟教師,"一8,6,7(同步遠距)","['678', '', '', '', '', '', '']","《講授類》
1.開課單位及教師：成功大學陳裕民老師。2.上課時間：每週一 14:10-17:00。3.課程要求：出席上課(Class attendance)、參與討論(Discussion participation)。",[],False
https://selcrs.nsysu.edu.tw/menu5/showoutline.asp?SYEAR=114&SEM=2&CrsDat=GEAE2450&Crsname=AI應用規劃基礎入門,異動,調升名額2/3,False,博雅向度四,GEAE2450,0,不分班,"AI應用規劃基礎入門
INTRODUCTION TO AI APPLICATION PLANNING",2,期,True,50,17,40,10,IGER跨校通識聯盟教師,"二E,F(同步遠距)","['', 'EF', '', '', '', '', '']","《講授類》
1.此為iGER跨校通識聯盟數位課程，授課教師：中國文化大學鄒忠毅老師。 2.詳細選課/修課規定及課綱請至西灣學院網頁最新消息查詢，請注意線上同步課程時間。",[],False
https://selcrs.nsysu.edu.tw/menu5/showoutline.asp?SYEAR=114&SEM=2&CrsDat=GEAE2505&Crsname=橘子蘋果統計學,,,False,博雅向度五,GEAE2505,0,不分班,"橘子蘋果統計學
STATISTICS：DO NOT COMPARE APPLE WITH ORANGE",3,期,True,95,9,95,0,嚴成文,"三2,3,4(管CM 0052)","['', '', '234', '', '', '', '']",《講授類》,"['生成式AI素養微學程', '智慧城市與智慧運輸學程', '公共交通行動服務微學程']",False
https://selcrs.nsysu.edu.tw/menu5/showoutline.asp?SYEAR=114&SEM=2&CrsDat=GEAE2506&Crsname=性與人生,,,False,博雅向度五,GEAE2506,0,不分班,"性與人生
SEXUALITY AND HUMAN LIFE",2,期,True,80,8,80,0,徐芝敏,"三6,7(通GE 4016)","['', '', '67', '', '', '', '']",《講授類》,[],False
https://selcrs.nsysu.edu.tw/menu5/showoutline.asp?SYEAR=114&SEM=2&CrsDat=GEAE2508&Crsname=生物多樣性的世界,異動,確認教師1/27,False,博雅向度五,GEAE2508,0,不分班,"生物多樣性的世界
THE WORLD OF BIODIVERSITY",2,期,True,90,19,33,57,"塗子萱,張瑜峻,林巧雯,江友中,邱花妹","三B,5(通GE 4016)","['', '', 'B5', '', '', '', '']",《講授類》,"['生物資訊與演化生態微學程', '探索海洋國家公園微學程', '環境教育學程', '印象海味微學程', '環境科技與管理學程', '生物多樣性學程', '實踐環境教育微學程', '熱帶海洋微學程']",False
https://selcrs.nsysu.edu.tw/menu5/showoutline.asp?SYEAR=114&SEM=2&CrsDat=GEAE2512&Crsname=醫藥與生活,,,False,博雅向度五,GEAE2512,0,不分班,"醫藥與生活
MEDICINE AND LIFE",2,期,True,70,8,70,0,林榮峙,"五6,7(通GE 1008)","['', '', '', '', '67', '', '']",《講授類》,[],False
https://selcrs.nsysu.edu.tw/menu5/showoutline.asp?SYEAR=114&SEM=2&CrsDat=GEAE2514&Crsname=生命科學,,,False,博雅向度五,GEAE2514,0,不分班,"生命科學
LIFE SCIENCES",2,期,True,95,24,68,27,"王亮鈞,王志騰,陳慶能","一8,9(通GE 1010)","['89', '', '', '', '', '', '']","《講授類》
限非生科、海資、生醫科技系學生修習。","['環境教育學程', '國際素養微學程']",False
https://selcrs.nsysu.edu.tw/menu5/showoutline.asp?SYEAR=114&SEM=2&CrsDat=GEAE2514A&Crsname=生命科學,,,False,博雅向度五,GEAE2514A,0,不分班,"生命科學
LIFE SCIENCES",2,期,True,95,14,42,53,"劉勃佑,王敬湧","五3,4(通GE 1010)","['', '', '', '', '34', '', '']","《講授類》
限非生科、海資、生醫科技系學生修習。本課程為優先選修課程，依選課須知規定，優先條件為第一篩選順序，志願序或點數加選為次要篩選順序。優先條件順序:(1)全英語學士專班(分組/班)學生。(2)其他學士班學生。","['環境教育學程', '國際素養微學程']",True
https://selcrs.nsysu.edu.tw/menu5/showoutline.asp?SYEAR=114&SEM=2&CrsDat=GEAE2519&Crsname=烹飪與科學,,,False,博雅向度五,GEAE2519,0,不分班,"烹飪與科學
COOKING AND SCIENCE",2,期,True,50,15,50,0,李容婷,"五3,4(西SW 1005)","['', '', '', '', '34', '', '']",《講授類》,"['飲食文化微學程', '生成式AI素養微學程', '地方發展與永續農業微學程']",False
https://selcrs.nsysu.edu.tw/menu5/showoutline.asp?SYEAR=114&SEM=2&CrsDat=GEAE2520&Crsname=科學的本質,,,False,博雅向度五,GEAE2520,0,不分班,"科學的本質
NATURE OF SCIENCE",2,期,True,80,16,79,1,劉叔秋,"四8,9(通GE 4016)","['', '', '', '89', '', '', '']","《講授類》
本課程為優先選修課程，依選課須知規定，優先條件為第一篩選順序，志願序或點數加選為次要篩選順序。優先條件順序:(1)全英語學士專班(分組/班)學生。(2)其他學士班學生。","['台灣文化英語微學程', '生成式AI素養微學程', '全英語通識教育菁英學程', '科技與環境英語微學程']",True
https://selcrs.nsysu.edu.tw/menu5/showoutline.asp?SYEAR=114&SEM=2&CrsDat=GEAE2523&Crsname=樂趣化運動指導體驗與設計,,,False,博雅向度五,GEAE2523,0,不分班,"樂趣化運動指導體驗與設計
EXPERIENCE AND DESIGN OF ENJOYABLE PHYSICAL EDUCATION INSTRUCTION",2,期,True,50,3,50,0,李佳倫,"四6,7(社SS 2001)","['', '', '', '67', '', '', '']",《講授類》,[],False
https://selcrs.nsysu.edu.tw/menu5/showoutline.asp?SYEAR=114&SEM=2&CrsDat=GEAE2526&Crsname=地球生命概論,,,False,博雅向度五,GEAE2526,0,不分班,"地球生命概論
AN INTRODUCTION TO LIFE ON EARTH",3,期,True,70,11,24,46,邊安台,"三2,3,4(通GE 1010)","['', '', '234', '', '', '', '']","《講授類》
本課程為優先選修課程，依選課須知規定，優先條件為第一篩選順序，志願序或點數加選為次要篩選順序。優先條件順序:(1)全英語學士專班(分組/班)學生。(2)其他學士班學生。",['國際素養微學程'],True
https://selcrs.nsysu.edu.tw/menu5/showoutline.asp?SYEAR=114&SEM=2&CrsDat=GEAE2527&Crsname=機率與統計,異動,修正備註說明1/29,False,博雅向度五,GEAE2527,0,不分班,"機率與統計
PROBABILITY AND STATISTICS",3,期,True,40,4,20,20,AI聯盟教師,"四8,6,7(同步遠距)","['', '', '', '678', '', '', '']","《講授類》
1.臺灣大學葉丙成老師。 2.此為同步遠距課程，遠距上課位置https://meet.google.com/ipj-iqku-idj。 3.週四14:30-17:30 線上講題：2/26 20:00-22:00 、3/12、3/26、4/9、4/30、5/14、6/4的 20:00-21:00 4.實體期中/期末考評量時間：4/16及6/11 14:30-17:30。5.本課程將運用微積分，若同學尚未具備相關基礎，建議預先觀看台大開放式課程影片（總時長約 6 小時），內容涵蓋本課程所需主題。","['生成式AI素養微學程', '人工智慧工業應用學分學程', '金融工程學程']",False
https://selcrs.nsysu.edu.tw/menu5/showoutline.asp?SYEAR=114&SEM=2&CrsDat=GEAE2601&Crsname=地球科學,,,False,博雅向度六,GEAE2601,0,不分班,"地球科學
FUNDAMENTALS OF EARTH SCIENCE",2,期,True,90,13,75,15,"托星豪,方盈智,林玉詩,楊仁凱","四5,6(海MA 3021)","['', '', '', '56', '', '', '']",《講授類》,"['環境教育學程', '看見臺灣海岸微學程', '氣候變遷與調適學分學程', '臺灣研究學程', '熱帶海洋微學程']",False
https://selcrs.nsysu.edu.tw/menu5/showoutline.asp?SYEAR=114&SEM=2&CrsDat=GEAE2604&Crsname=環境變遷與生態保育,,,False,博雅向度六,GEAE2604,0,不分班,"環境變遷與生態保育
ENVIRONMENTAL CHANGE AND ECOLOGICAL CONSERVATION",2,期,True,120,19,43,77,"林梅芳,林裕䕒","四8,9(海MA 3021)","['', '', '', '89', '', '', '']",《講授類》,"['環境教育學程', '永續管理微學程', '實踐環境教育微學程', '熱帶海洋微學程', '氣候變遷與調適學分學程', '地方創生與永續發展整合學程', '印象海味微學程', '臺灣研究學程', '企業社會責任學程', '生物多樣性學程', '淨零轉型與永續發展整合學程', '海洋永續發展產業科技微學程', '生物資訊與演化生態微學程', '探索海洋國家公園微學程']",False
https://selcrs.nsysu.edu.tw/menu5/showoutline.asp?SYEAR=114&SEM=2&CrsDat=GEAE2607&Crsname=台灣海岸環境,,,False,博雅向度六,GEAE2607,0,不分班,"台灣海岸環境
INTRODUCTION TO THE COASTAL ENVIRONMENT OF TAIWAN",2,期,True,80,8,80,0,曾以帆,"二6,7(通GE 4016)","['', '67', '', '', '', '', '']",《講授類》,"['環境教育學程', '看見臺灣海岸微學程', '海洋永續發展產業科技微學程', '臺灣研究學程']",False
https://selcrs.nsysu.edu.tw/menu5/showoutline.asp?SYEAR=114&SEM=2&CrsDat=GEAE2613&Crsname=氣候變遷與調適,,,False,博雅向度六,GEAE2613,0,不分班,"氣候變遷與調適
CLIMATE CHANGE ADAPTATION",3,期,True,80,7,80,0,"劉叔秋,張詠斌,李育諭","一5,6,7(通GE 4016)","['567', '', '', '', '', '', '']",《講授類》,"['環境教育學程', '實踐環境教育微學程', '熱帶海洋微學程', '公共事務與企業社會責任微學程', '氣候變遷與調適學分學程', '臺灣研究學程', '企業社會責任學程', '地方發展與永續農業微學程', '國際素養微學程']",False
https://selcrs.nsysu.edu.tw/menu5/showoutline.asp?SYEAR=114&SEM=2&CrsDat=GEAE2616&Crsname=光電生活與能源永續,,,False,博雅向度六,GEAE2616,0,不分班,"光電生活與能源永續
OPTOELECTRONIC DAILY LIFE AND ENERGY SUSTAINABILITY",2,期,True,50,5,50,0,于欽平,"一3,4(西SW 1005)","['34', '', '', '', '', '', '']","《講授類》
限文、管、社學院學生修習。","['環境教育學程', '智慧港埠微學程', '地方發展與永續農業微學程']",False
https://selcrs.nsysu.edu.tw/menu5/showoutline.asp?SYEAR=114&SEM=2&CrsDat=GEAE2622&Crsname=人類與環境之交互關係,異動,調整名額1/6,False,博雅向度六,GEAE2622,0,不分班,"人類與環境之交互關係
HUMAN-ENVIRONMENT INTERACTIONS",3,期,True,50,14,26,24,夏燦風,"四2,3,4(理SC 1001)","['', '', '', '234', '', '', '']","《講授類》
本課程為優先選修課程，依選課須知規定，優先條件為第一篩選順序，志願序或點數加選為次要篩選順序。優先條件順序:(1)全英語學士專班(分組/班)學生。(2)其他學士班學生。","['氣候變遷與調適學分學程', '全英語通識教育菁英學程', '科技與環境英語微學程']",True
https://selcrs.nsysu.edu.tw/menu5/showoutline.asp?SYEAR=114&SEM=2&CrsDat=GEAE2627&Crsname=永續生活理念UX/UI設計實務,,,False,博雅向度六,GEAE2627,0,不分班,"永續生活理念UX/UI設計實務
SUSTAINABLE LIFE CONCEPT UX/UI DESIGN PRACTICES",3,期,True,50,3,50,0,許智超,"一8,6,7(圖IL PC03)","['678', '', '', '', '', '', '']","《講授類》
限非資工、資管系修習。",['生成式AI素養微學程'],False
https://selcrs.nsysu.edu.tw/menu5/showoutline.asp?SYEAR=114&SEM=2&CrsDat=GEAE2631&Crsname=環境與永續發展：跨域探究與實踐,異動,調升名額2/3,False,博雅向度六,GEAE2631,0,不分班,"環境與永續發展：跨域探究與實踐
SUSTAINABLE DEVELOPMENT:INTERDISCIPLINARY EXPLORATION AND PRACTICE",2,期,True,50,23,28,22,IGER跨校通識聯盟教師,"二3,4(同步遠距)","['', '34', '', '', '', '', '']","《講授類》
1.此為iGER跨校通識聯盟數位課程，授課教師：臺中科技大學何昕家老師。 2.詳細選課/修課規定及課綱請至西灣學院網頁最新消息查詢，請注意線上同步課程時間。",[],False
https://selcrs.nsysu.edu.tw/menu5/showoutline.asp?SYEAR=114&SEM=2&CrsDat=AI10002&Crsname=機率與統計 ,異動,更正備註說明1/29,False,AI聯盟(學),AI10002,0,不分班,"機率與統計 
PROBABILITY AND STATISTICS",3,期,False,10,0,0,10,AI聯盟教師,"四8,6,7(同步遠距)","['', '', '', '678', '', '', '']","《講授類》
1.臺灣大學葉丙成老師。 2.此為同步遠距課程，遠距上課位置https://meet.google.com/ipj-iqku-idj。 3.週四14:30-17:30 線上講題：2/26 20:00-22:00 、3/12、3/26、4/9、4/30、5/14、6/4的 20:00-21:00 4.實體期中/期末考評量時間：4/16及6/11 14:30-17:30。5.本課程將運用微積分，若同學尚未具備相關基礎，建議預先觀看台大開放式課程影片（總時長約 6 小時），內容涵蓋本課程所需主題。","['人工智慧探索應用學分學程', '人工智慧工業應用學分學程', '金融工程學程']",False
https://selcrs.nsysu.edu.tw/menu5/showoutline.asp?SYEAR=114&SEM=2&CrsDat=AI10003&Crsname=人工智慧倫理 ,,,False,AI聯盟(學),AI10003,0,不分班,"人工智慧倫理 
AI ETHICS",3,期,False,10,0,0,10,AI聯盟教師,"二8,9,7(通GE 1010)","['', '789', '', '', '', '', '']","《講授類》
1.開課單位及教師：東海大學甘偵蓉老師。本校協助教師：國際原民專班李育諭副教授。 2.本課程須至實體教室進行同步遠距上課及實體活動，遠距上課YouTube位置:www.youtube.com/@EthicsPhil .課程網頁:https://sites.google.com/go.thu.edu.tw/aiethics.3.上課時間：每週二15:20~18:10。","['生成式AI素養微學程', '生成式AI素養微學程', '地方發展與永續農業微學程']",False
https://selcrs.nsysu.edu.tw/menu5/showoutline.asp?SYEAR=114&SEM=2&CrsDat=AI50007&Crsname=深度學習,,,False,AI聯盟(碩),AI50007,0,不分班,"深度學習
DEEP LEARNING",3,期,False,50,0,0,50,AI聯盟教師,"四B,5,6(同步遠距)","['', '', '', 'B56', '', '', '']","《講授類》
1.開課單位及教師：陽明交通大學彭文孝、陳永昇、謝秉均老師。2.此為同步遠距課程，請使用台大數位學習平台NTUCOOL（http://cool.ntu.edu.tw/login/portal）3.上課時間：每週四 12:20-15:10 4.You must have access to GPU equipped with at least 6GB of memory.","['生成式AI素養微學程', '人工智慧自然語言技術學分學程', '人工智慧視覺技術學分學程']",True
https://selcrs.nsysu.edu.tw/menu5/showoutline.asp?SYEAR=114&SEM=2&CrsDat=AI50008&Crsname=機器導航與探索,,,False,AI聯盟(碩),AI50008,0,不分班,"機器導航與探索
ROBOTIC NAVIGATION AND EXPLORATION",3,期,False,50,2,0,50,AI聯盟教師,"一C,D,E(同步遠距)","['CDE', '', '', '', '', '', '']","《不調查》
1.開課單位及教師：清華大學胡敏君老師。本校協助教師：電機系翁愷貽助理教授。 2.此為同步遠距課程，遠距上課位置:https://www.youtube.com/@NTHURNE-l9v。 3.上課時間：每週一晚上6:30~9:20。4.建議學生需已修過Python程式設計、影像處理、深度學習相關課程。 學生須自備具GPU顯卡之電腦。 本課程期末專題採分組開發，為避免影響同組修課同學之權益，本課程不接受期中棄選，請謹慎評估可投入的時間再選課。",['生成式AI素養微學程'],False
https://selcrs.nsysu.edu.tw/menu5/showoutline.asp?SYEAR=114&SEM=2&CrsDat=AI50011&Crsname=智慧製造執行系統,,,False,AI聯盟(碩),AI50011,0,不分班,"智慧製造執行系統
INTELLIGENT MANUFACTURING EXECUTION SYSTEMS",3,期,False,10,2,0,10,AI聯盟教師,"一8,6,7(同步遠距)","['678', '', '', '', '', '', '']","《講授類》
1.開課單位及教師：成功大學陳裕民老師。2.上課時間：每週一 14:10-17:00。3.課程要求：出席上課(Class attendance)、參與討論(Discussion participation)。",[],False
https://selcrs.nsysu.edu.tw/menu5/showoutline.asp?SYEAR=114&SEM=2&CrsDat=AI50012&Crsname=大型語言模型與資訊安全系統,,,False,AI聯盟(碩),AI50012,0,不分班,"大型語言模型與資訊安全系統
APPLYING LARGE LANGUAGE MODELS IN CYBERSECURITY SYSTEMS",3,期,False,50,0,0,50,AI聯盟教師,"一2,3,4(同步遠距)","['234', '', '', '', '', '', '']","《講授類》
1.開課單位及教師：臺灣科技大學林俊叡老師。2.夥伴學校可非同步上課，先自行完成一小時線上自修，其餘兩小時則於助教固定時段（週一至週五擇一時段，未來將補充公布）參與線上練習，此練習為必修環節，所有學生皆須參與。3.限研究所學生",[],True
https://selcrs.nsysu.edu.tw/menu5/showoutline.asp?SYEAR=114&SEM=2&CrsDat=AI50013&Crsname=生成式AI應用系統與工程,,,False,AI聯盟(碩),AI50013,0,不分班,"生成式AI應用系統與工程
GENERATIVE AI APPLICATION SYSTEMS AND ENGINEERING",3,期,False,50,2,0,50,AI聯盟教師,"三8,6,7(同步遠距)","['', '', '678', '', '', '', '']","《講授類》
1.開課單位及教師：成功大學莊坤達老師。2.此為同步遠距課程，請使用台大數位學習平台NTUCOOL（http://cool.ntu.edu.tw/login/portal） 3.上課時間：每週三14:00-17:00。4.本課程學生具備基本程式設計能力、具備基本Web 技術（HTML/CSS/JS）與GitHub使用經驗、對雲端服務有初步認識者佳（不為必要條件）。",[],False
https://selcrs.nsysu.edu.tw/menu5/showoutline.asp?SYEAR=114&SEM=2&CrsDat=AI50014&Crsname=生成式AI的人文導論,,,False,AI聯盟(碩),AI50014,0,不分班,"生成式AI的人文導論
INTRODUCING GENERATIVE AI FOR HUMANITIES",3,期,False,10,0,0,10,AI聯盟教師,"五3,4,B(同步遠距)","['', '', '', '', '34B', '', '']","《不調查》
1.開課單位及教師：臺灣大學謝舒凱老師。本校協助教師：中文系羅景文副教授。 2.此為同步遠距課程，請使用台大數位學習平台NTUCOOL（http://cool.ntu.edu.tw/login/portal）。3.上課時間：每週五 10:20-13:10。4.本課程的作業與練習，從傳統偏重工程或程式碼的細節，轉向以直覺、風格和語義驅動的「Vibe Coding」實踐。不具備 python程式知識亦可。但是要具有開放、樂於學習新事物的精神與毅力，才能有所收穫。",[],False
https://selcrs.nsysu.edu.tw/menu5/showoutline.asp?SYEAR=114&SEM=2&CrsDat=PHY104&Crsname=普通物理學（二）,,,False,普通物理小組,PHY104,1,不分班,"普通物理學（二）
GENERAL PHYSICS (II)",3,期,True,50,0,20,30,陳易馨,"一3,4(理SC 0008) 三5(理SC 0008)","['34', '', '5', '', '', '', '']","《講授類》
本課程與普通物理學演習(二)一起規劃課程, 需與普通物理學演習(二)一起修習",[],False
https://selcrs.nsysu.edu.tw/menu5/showoutline.asp?SYEAR=114&SEM=2&CrsDat=PHY105&Crsname=普通物理（二）,,,False,普通物理小組,PHY105,1,不分班,"普通物理（二）
GENERAL PHYSICS (II)",3,期,True,70,2,82,-12,周雄,"三5,6,7(工EN 4055-1)","['', '', '567', '', '', '', '']","《講授類》
化學系與機電系一年級學生優先選修，本課程無法抵免英語專班普通物理",[],False
https://selcrs.nsysu.edu.tw/menu5/showoutline.asp?SYEAR=114&SEM=2&CrsDat=PHY105A&Crsname=普通物理（二）,,,False,普通物理小組,PHY105A,1,不分班,"普通物理（二）
GENERAL PHYSICS (II)",3,期,True,70,3,50,20,陳龍銘,"三2,3,4(工EC 1001)","['', '', '234', '', '', '', '']","《講授類》
材光系與光電系一年級學生優先選修，本課程無法抵免英語專班普通物理",[],False
https://selcrs.nsysu.edu.tw/menu5/showoutline.asp?SYEAR=114&SEM=2&CrsDat=PHY105B&Crsname=普通物理（二）,,,False,普通物理小組,PHY105B,1,不分班,"普通物理（二）
GENERAL PHYSICS (II)",3,期,True,70,4,46,24,蔡民雄,"五2,3,4(工EC 6019)","['', '', '', '', '234', '', '']","《講授類》
電機系一年級學生優先選修，本課程無法抵免英語專班普通物理",[],False
https://selcrs.nsysu.edu.tw/menu5/showoutline.asp?SYEAR=114&SEM=2&CrsDat=PHY105C&Crsname=普通物理（二）,,,False,普通物理小組,PHY105C,1,不分班,"普通物理（二）
GENERAL PHYSICS (II)",3,期,True,50,12,30,20,吳紘丞,"一2,3,4(海MA 3020)","['234', '', '', '', '', '', '']","《講授類》
海科系一年級學生優先選修，本課程無法抵免英語專班普通物理",[],False
https://selcrs.nsysu.edu.tw/menu5/showoutline.asp?SYEAR=114&SEM=2&CrsDat=PHY105D&Crsname=普通物理（二）,,,False,普通物理小組,PHY105D,1,全英班,"普通物理（二）
GENERAL PHYSICS (II)",3,期,True,70,5,65,5,范越芳,"三5,6,7(工EC 2003)","['', '', '567', '', '', '', '']","《講授類》
化學系與機電系一年級英語專班學生優先選修",[],True
https://selcrs.nsysu.edu.tw/menu5/showoutline.asp?SYEAR=114&SEM=2&CrsDat=PHY105E&Crsname=普通物理（二）,,,False,普通物理小組,PHY105E,1,全英班,"普通物理（二）
GENERAL PHYSICS (II)",3,期,True,50,20,44,6,史丹哲夫,"三2,3,4(工EC 1009)","['', '', '234', '', '', '', '']","《講授類》
材光系與光電系一年級英語專班學生優先選修",[],True
https://selcrs.nsysu.edu.tw/menu5/showoutline.asp?SYEAR=114&SEM=2&CrsDat=PHY105F&Crsname=普通物理（二）,,,False,普通物理小組,PHY105F,1,全英班,"普通物理（二）
GENERAL PHYSICS (II)",3,期,True,70,2,37,33,岩本祥,"五5,6,7(工EC 2010)","['', '', '', '', '567', '', '']","《講授類》
電機系一年級英語專班學生優先選修",[],True
https://selcrs.nsysu.edu.tw/menu5/showoutline.asp?SYEAR=114&SEM=2&CrsDat=PHY107&Crsname=基礎物理,,,False,普通物理小組,PHY107,1,不分班,"基礎物理
FUNDAMENTAL PHYSICS",3,期,True,50,0,22,28,杜立偉,"三5,6,7(理SC 0009)","['', '', '567', '', '', '', '']","《講授類》
限生科系一年級學生選修，本課程無法抵免英語專班基礎物理、普通物理或普通物理學",[],False
https://selcrs.nsysu.edu.tw/menu5/showoutline.asp?SYEAR=114&SEM=2&CrsDat=PHY107A&Crsname=基礎物理,,,False,普通物理小組,PHY107A,1,全英班,"基礎物理
FUNDAMENTAL PHYSICS",3,期,True,50,0,18,32,周雄,"一5,6,7(理SC 0009)","['567', '', '', '', '', '', '']","《講授類》
限生科系一年級英語專班學生選修，本課程無法抵免普通物理或普通物理學",[],True
https://selcrs.nsysu.edu.tw/menu5/showoutline.asp?SYEAR=114&SEM=2&CrsDat=PHY109&Crsname=普通物理實驗（二）,,,False,普通物理小組,PHY109,1,不分班,"普通物理實驗（二）
GENERAL PHYSICS LABORATORY (II)",1,期,True,70,8,47,23,陳易馨,"一5,6,7(理SC 0018; 理SC 0019)(實驗)","['567', '', '', '', '', '', '']","《實驗類》
物理系與材光系一年級學生優先選修，本課程無法抵免英語專班普通物理實驗",[],False
https://selcrs.nsysu.edu.tw/menu5/showoutline.asp?SYEAR=114&SEM=2&CrsDat=PHY109A&Crsname=普通物理實驗（二）,,,False,普通物理小組,PHY109A,1,不分班,"普通物理實驗（二）
GENERAL PHYSICS LABORATORY (II)",1,期,True,50,1,26,24,洪昇廷,"五5,6,7(理SC 0018; 理SC 0019)(實驗)","['', '', '', '', '567', '', '']","《實驗類》
光電系一年級學生優先選修，本課程無法抵免英語專班普通物理實驗",[],False
https://selcrs.nsysu.edu.tw/menu5/showoutline.asp?SYEAR=114&SEM=2&CrsDat=PHY109B&Crsname=普通物理實驗（二）,,,False,普通物理小組,PHY109B,1,全英班,"普通物理實驗（二）
GENERAL PHYSICS LABORATORY (II)",1,期,True,50,1,44,6,吳紘丞,"三5,6,7(理SC 0018; 理SC 0019)(實驗)","['', '', '567', '', '', '', '']","《實驗類》
材光系與光電系一年級英語專班學生優先選修",[],True
https://selcrs.nsysu.edu.tw/menu5/showoutline.asp?SYEAR=114&SEM=2&CrsDat=PHY111&Crsname=基礎理論物理（二）,,,False,普通物理小組,PHY111,1,全英班,"基礎理論物理（二）
INTRODUCTION TO THEORETICAL PHYSICS (II)",4,期,True,50,1,20,30,郭建成,"三5,6(理SC 2006) 四3,4(理SC 2006)","['', '', '56', '34', '', '', '']",《講授類》,[],True
https://selcrs.nsysu.edu.tw/menu5/showoutline.asp?SYEAR=114&SEM=2&CrsDat=GEAH105&Crsname=博物館典藏探究,,,False,應用性課程,GEAH105,0,不分班,"博物館典藏探究
MUSEUM COLLECTIONS IN PRACTICE",1,期,False,50,11,0,50,林季怡,二5(通GE 2006),"['', '5', '', '', '', '', '']","《講授類》
1.本課程上課時間採半密集式，學期初(導論)在本校教室上課，3-4月密集授課(部分課程將安排於周六、周日)，主要上課地點為高雄市自然史教育館。   2.110學年度以後入學生至多採計第1門應用性課程之學分，第2門以上之學分不計入最低畢業學分。 3.可與博雅學分搭配，若選修「應用性課程」(至多1學分)，則「博雅課程」必修為12 學分。",['國際素養微學程'],False
https://selcrs.nsysu.edu.tw/menu5/showoutline.asp?SYEAR=114&SEM=2&CrsDat=GEAH106&Crsname=全民國防教育軍事訓練課程：國防科技（軍訓）,,,False,應用性課程,GEAH106,0,不分班,"全民國防教育軍事訓練課程：國防科技（軍訓）
ALL-OUT DEFENSE EDUCATION MILITARY TRAINING: DEFENSE TECHNOLOGY",2,期,False,50,5,0,50,"林明政,游淵達",,"['', '1234', '1234', '1234', '', '', '']","《講授類》
1.軍訓選修課程不列入畢業總學分數，不計應用性課程學分數。 2.本門課可依規定折抵兵役役期。3.密集授課時間：6/23-7/9每週二三四8~12點。4.本課程不會與二三四上午課程衝堂。",['全民國防微學程'],False
https://selcrs.nsysu.edu.tw/menu5/showoutline.asp?SYEAR=114&SEM=2&CrsDat=GEAH107&Crsname=全民國防教育軍事訓練課程：全民國防（軍訓）,,,False,應用性課程,GEAH107,0,不分班,"全民國防教育軍事訓練課程：全民國防（軍訓）
ALL-OUT DEFENSE EDUCATION MILITARY TRAINING: CIVIL DEFENSE",2,期,False,50,8,0,50,許世宗,,"['', '', '', '', '', '1234', '']","《講授類》
1.軍訓選修課程不列入畢業總學分數，不計應用性課程學分數。 2.本門課可依規定折抵兵役役期。3..密集授課時間：3/7~3/28、4/11、4/25及5/9~5/23每週六8~12點。",['全民國防微學程'],False
https://selcrs.nsysu.edu.tw/menu5/showoutline.asp?SYEAR=114&SEM=2&CrsDat=GEAH109&Crsname=全民國防教育軍事訓練課程：防衛動員（軍訓）,異動,更換時間及教室1/21,False,應用性課程,GEAH109,0,不分班,"全民國防教育軍事訓練課程：防衛動員（軍訓）
ALL-OUT DEFENSE EDUCATION MILITARY TRAINING: DEFENSE MOBILIZATION",2,期,False,60,13,0,60,陳惠華,"五8,7(通GE 4016)","['', '', '', '', '78', '', '']","《講授類》
1.軍訓選修課程不列入畢業總學分數，不計應用性課程學分數。 2.本門課可依規定折抵兵役役期。",['全民國防微學程'],False
https://selcrs.nsysu.edu.tw/menu5/showoutline.asp?SYEAR=114&SEM=2&CrsDat=GEAH110&Crsname=全民國防教育軍事訓練課程：國防政策（軍訓）,異動,更換時間及教室1/21,False,應用性課程,GEAH110,0,不分班,"全民國防教育軍事訓練課程：國防政策（軍訓）
ALL-OUT DEFENSE EDUCATION MILITARY TRAINING：NATIONAL DEFENSE POLICIES",2,期,False,60,25,0,60,陳惠華,"五5,6(通GE 4016)","['', '', '', '', '56', '', '']","《講授類》
1.軍訓選修課程不列入畢業總學分數，不計應用性課程學分數。 2.本門課可依規定折抵兵役役期。",['全民國防微學程'],False
https://selcrs.nsysu.edu.tw/menu5/showoutline.asp?SYEAR=114&SEM=2&CrsDat=GEAH126&Crsname=全民國防教育軍事訓練課程：國際情勢（軍訓）,,,False,應用性課程,GEAH126,0,不分班,"全民國防教育軍事訓練課程：國際情勢（軍訓）
ALL-OUT DEFENSE EDUCATION MILITARY TRAINING: INTERNATIONAL SITUATION?",2,期,False,50,23,0,50,蔡家和,"二8,9(通GE 3011)","['', '89', '', '', '', '', '']","《講授類》
1.軍訓選修課程不列入畢業總學分數，不計應用性課程學分數。 2.本門課可依規定折抵兵役役期。",['全民國防微學程'],False
https://selcrs.nsysu.edu.tw/menu5/showoutline.asp?SYEAR=114&SEM=2&CrsDat=GEAH127&Crsname=全民國防教育軍事訓練課程 － 全民國防,異動,確認教師1/27,False,應用性課程,GEAH127,0,不分班,"全民國防教育軍事訓練課程 － 全民國防
ALL-OUT DEFENSE EDUCATION MILITARY TRAINING- CIVIL DEFENSE",2,期,False,40,13,0,40,IGER跨校通識聯盟教師,"六3,4(同步遠距)","['', '', '', '', '', '34', '']","《講授類》
1.此為iGER跨校通識聯盟數位課程，授課教師：臺北醫學大學李樂老師。 2.詳細選課/修課規定及課綱請至西灣學院網頁最新消息查詢，請注意線上同步課程時間。 3.不列入畢業總學分數，不計應用性課程學分數，可依規定折抵兵役役期。若已修習「全民國防教育軍事訓練課程：全民國防（軍訓）」課程不可重複折抵。",[],False
https://selcrs.nsysu.edu.tw/menu5/showoutline.asp?SYEAR=114&SEM=2&CrsDat=GEAI1017&Crsname=程式設計概論,,,False,跨院選修(通),GEAI1017,0,不分班,"程式設計概論
THE INTRODUCTION OF PROGRAMMING",3,期,False,50,2,50,0,許智超,"一2,3,4(圖IL PC03)","['234', '', '', '', '', '', '']","《講授類》
限非應數、電機、機電、資工、材光、光電、資管、海工系學生修習",['計算物理及人工智慧微學程'],False
https://selcrs.nsysu.edu.tw/menu5/showoutline.asp?SYEAR=114&SEM=2&CrsDat=GEAI1040&Crsname=關懷設計,,,False,跨院選修(通),GEAI1040,0,不分班,"關懷設計
 PHILANTHROPIC DESIGN",3,期,False,25,3,6,19,張淑美,"二5,6,7(西SW 1005)","['', '567', '', '', '', '', '']","《講授類》
跨院通識與人科學程PIS2012課程併班上課","['創新創業微學程', '智慧長照微學程']",False
https://selcrs.nsysu.edu.tw/menu5/showoutline.asp?SYEAR=114&SEM=2&CrsDat=GEAI1043&Crsname=跨領域創新專題（一）,,,False,跨院選修(通),GEAI1043,0,不分班,"跨領域創新專題（一）
INDEPENDENT STUDIES IN CROSS-DISCIPLINARY INNOVATION (1)",3,期,True,25,0,1,24,宋世祥,"二2,3,4(西SW 1007)","['', '234', '', '', '', '', '']","《講授類》
跨院通識與人科學程PIS2009課程併班上課","['STREAM永續發展培力微學程', '社區文創微學程']",False
https://selcrs.nsysu.edu.tw/menu5/showoutline.asp?SYEAR=114&SEM=2&CrsDat=GEAI1050&Crsname=空間調查分析與規劃,,,False,跨院選修(通),GEAI1050,0,不分班,"空間調查分析與規劃
SPATIAL INVESTIGATION, ANALYSIS AND PLANNING",3,期,False,25,2,11,14,夏晧清,"三5,6,7(西SW 1007)","['', '', '567', '', '', '', '']","《講授類》
跨院通識與人科學程PIS2000課程併班上課","['智慧城市與智慧運輸學程', '都市永續規劃與管理微學程']",False
https://selcrs.nsysu.edu.tw/menu5/showoutline.asp?SYEAR=114&SEM=2&CrsDat=GEAI1054&Crsname=海洋休閒活動概論,,,False,跨院選修(通),GEAI1054,0,不分班,"海洋休閒活動概論
INTRODUCTION TO MARINE LEISURE ACTIVITIES",2,期,False,50,11,50,0,羅凱暘,"一8,9(西SW 1005)","['89', '', '', '', '', '', '']",《講授類》,"['印象海味微學程', '永續海洋休閒運動產業學程']",False
https://selcrs.nsysu.edu.tw/menu5/showoutline.asp?SYEAR=114&SEM=2&CrsDat=GEAI1070&Crsname=客家語言與文化,異動,更換部份時間1/28,False,跨院選修(通),GEAI1070,0,不分班,"客家語言與文化
HAKKA LANGUAGE AND CULTURE",1,期,False,50,3,50,0,古錦松,,"['', '', '', '', '', '234567', '12345678']","《講授類》
部分客家語授課",[],False
https://selcrs.nsysu.edu.tw/menu5/showoutline.asp?SYEAR=114&SEM=2&CrsDat=GEAI1074&Crsname=基礎越南語(II),,,False,跨院選修(通),GEAI1074,0,不分班,"基礎越南語(II)
BASIC VIETNAMESE (II)",2,期,False,50,5,16,34,阮氏貞,"三3,4(通GE 3011)","['', '', '34', '', '', '', '']",《講授類》,[],False
https://selcrs.nsysu.edu.tw/menu5/showoutline.asp?SYEAR=114&SEM=2&CrsDat=GEAI1076&Crsname=創意街區發展實務與藝術管理,,,False,跨院選修(通),GEAI1076,0,不分班,"創意街區發展實務與藝術管理
PRACTICE OF CREATIVE BLOCKS DEVELOPMENT AND ART MANAGEMENT",3,期,False,25,2,9,16,宋世祥,"四5,6,7(西SW 1004)","['', '', '', '567', '', '', '']","《講授類》
跨院通識與人科學程PIS2017課程併班上課",['社區文創微學程'],False
https://selcrs.nsysu.edu.tw/menu5/showoutline.asp?SYEAR=114&SEM=2&CrsDat=GEAI1077&Crsname=數位文化與人類學：理論與實踐,,,False,跨院選修(通),GEAI1077,0,不分班,"數位文化與人類學：理論與實踐
DIGITAL CULTURE AND ANTHROPOLOGY:THEORIES AND PRACTICE",3,期,False,25,1,0,25,宋世祥,"三2,3,4(西SW 1003)","['', '', '234', '', '', '', '']","《講授類》
跨院通識與人科學程PIS2016課程併班上課",[],False
https://selcrs.nsysu.edu.tw/menu5/showoutline.asp?SYEAR=114&SEM=2&CrsDat=GEAI1083&Crsname=閱讀中華寶島,,,False,跨院選修(通),GEAI1083,0,不分班,"閱讀中華寶島
READING THE SINO-ISLAND",3,期,False,50,6,17,33,謝薇娜,"二5,6,7(管CM 3017)","['', '567', '', '', '', '', '']","《講授類》
1、本課程修習通過後，可抵免通識教育之語文素養「中文思辨與表達」【限外籍、僑外及凡於高級中等教育階段修業，以非中文為主要授課語言者（例如修習國際文憑課程〔International Baccalaureate, IB〕、自學符合同等學力、於外僑學校或國外高中畢業者）身份之學位生】。 2、課程成績仍須符合「國立中山大學西灣學院辦理學生通識教育課程抵免學分審查原則」並於規定時間辦理抵免學分手續。",[],True
https://selcrs.nsysu.edu.tw/menu5/showoutline.asp?SYEAR=114&SEM=2&CrsDat=GEAI1088&Crsname=基礎排灣族語（二）,,,False,跨院選修(通),GEAI1088,0,不分班,"基礎排灣族語（二）
BASIC PAIWAN LANGUAGE(II)",2,期,False,50,2,0,50,方化雨,"五5,6(通GE 3011)","['', '', '', '', '56', '', '']",《講授類》,[],False
https://selcrs.nsysu.edu.tw/menu5/showoutline.asp?SYEAR=114&SEM=2&CrsDat=GEAI1089&Crsname=繪本藝術與創意實踐,,,False,跨院選修(通),GEAI1089,0,不分班,"繪本藝術與創意實踐
PICTURE BOOK ART AND CREATIVE PRACTICE",3,期,False,30,2,30,0,黃郁晴,"一5,6,7(西SW 1005)","['567', '', '', '', '', '', '']","《講授類》
跨院通識與國際學士原民專班III1018課程併班上課",[],False
https://selcrs.nsysu.edu.tw/menu5/showoutline.asp?SYEAR=114&SEM=2&CrsDat=GEAI1091&Crsname=基礎阿美族語與文化（一）,,,False,跨院選修(通),GEAI1091,0,不分班,"基礎阿美族語與文化（一）
BASIC AMIS LANGUAGE & CULTURE（一）",2,期,False,50,6,13,37,陳金結,"二3,4(通GE 3011)","['', '34', '', '', '', '', '']",《講授類》,[],False
https://selcrs.nsysu.edu.tw/menu5/showoutline.asp?SYEAR=114&SEM=2&CrsDat=GEAI1092&Crsname=跨文化溝通與虛擬實境,異動,確認教師1/27,False,跨院選修(通),GEAI1092,0,不分班,"跨文化溝通與虛擬實境
TRANSCULTURAL COMMUNICATION AND VIRTUAL REALITY",2,期,False,40,8,11,29,IGER跨校通識聯盟教師,"一2,3(同步遠距)","['23', '', '', '', '', '', '']","《講授類》
1.此為iGER跨校通識聯盟數位課程，開課教師：國立臺北商業大學林怡安老師。 2.詳細選課/修課規定及課綱請至西灣學院網頁最新消息查詢，請注意線上同步課程時間。",[],False
https://selcrs.nsysu.edu.tw/menu5/showoutline.asp?SYEAR=114&SEM=2&CrsDat=GEAI1093&Crsname=深度SDG探索聯合國永續目標--英語看世界,異動,確認教師1/27,False,跨院選修(通),GEAI1093,0,不分班,"深度SDG探索聯合國永續目標--英語看世界
SDG DEEPDIVE VIA HELLOWORLD IN ENGLISH",2,期,False,40,9,10,30,IGER跨校通識聯盟教師,"日C,D(同步遠距)","['', '', '', '', '', '', 'CD']","《講授類》
1.此為iGER跨校通識聯盟數位課程，授課教師：中興大學蔡孟勳老師、中正大學張文俐老師。 2.詳細選課/修課規定及課綱請至西灣學院網頁最新消息查詢，請注意線上同步課程時間。",[],False
https://selcrs.nsysu.edu.tw/menu5/showoutline.asp?SYEAR=114&SEM=2&CrsDat=GEAI1101&Crsname=合奏,,,True,跨院選修(文),GEAI1101,0,不分班,"合奏
ENSEMBLE",2,期,True,20,0,0,20,楊智欽,"三6,7(文FA 4031) 五5,6(文FA 4031)","['', '', '67', '', '56', '', '']","《音樂類》
學生選課於第一週參加樂團甄試，通過後始得修課，外系學生借用琴房練習，依規定繳交費用跨院通識與音樂系MUSI101課程併班上課",['音樂劇學程'],False
https://selcrs.nsysu.edu.tw/menu5/showoutline.asp?SYEAR=114&SEM=2&CrsDat=GEAI1102&Crsname=合唱,,,True,跨院選修(文),GEAI1102,0,不分班,"合唱
CHORUS",2,期,True,20,0,2,18,張成璞,"三6,7(文FA 4028) 四8,9(文FA 4028)","['', '', '67', '89', '', '', '']","《音樂類》
選課學生須於第一週參加視譜及歌唱測驗，通過後始得修課，外系學生借用琴房練習須依規定繳交費用跨院通識與音樂系MUSI102課程併班上課",['音樂劇學程'],False
https://selcrs.nsysu.edu.tw/menu5/showoutline.asp?SYEAR=114&SEM=2&CrsDat=GEAI1108&Crsname=哲學問題導論,,,False,跨院選修(文),GEAI1108,0,不分班,"哲學問題導論
INTRODUCTION TO PHILOSOPHICAL PROBLEMS",3,期,False,20,9,12,8,高長空,"二2,3,4(文LA 1003)","['', '234', '', '', '', '', '']","《講授類》
跨院通識與文學院LIBA251課程併班上課",['法國語言、文化與社會學程'],False
https://selcrs.nsysu.edu.tw/menu5/showoutline.asp?SYEAR=114&SEM=2&CrsDat=GEAI1123&Crsname=劇場管理導論,,,False,跨院選修(文),GEAI1123,0,不分班,"劇場管理導論
INTRODUCTION TO THEATRE MANAGEMENT",2,期,True,5,0,3,2,吳維緯,"二6,7(文FA 3009)","['', '67', '', '', '', '', '']","《講授類》
跨院通識與劇藝系TA206課程併班上課",['音樂藝術管理與行銷學程'],False
https://selcrs.nsysu.edu.tw/menu5/showoutline.asp?SYEAR=114&SEM=2&CrsDat=GEAI1124&Crsname=西洋戲劇史（二）,,,False,跨院選修(文),GEAI1124,0,不分班,"西洋戲劇史（二）
HISTORY OF WESTERN DRAMA (II)",2,期,True,5,0,0,5,許仁豪,"四3,4(文FA 3012)","['', '', '', '34', '', '', '']","《講授類》
跨院通識與劇藝系TA210課程併班上課",['跨文化人文思潮與美學微學程'],False
https://selcrs.nsysu.edu.tw/menu5/showoutline.asp?SYEAR=114&SEM=2&CrsDat=GEAI1143&Crsname=東方名劇選讀,,,False,跨院選修(文),GEAI1143,0,不分班,"東方名劇選讀
GUIDED READING AND ANALYSIS OF ORIENTAL PLAYS",3,期,True,5,0,1,4,康尹貞,"二3,4,B(文FA 3009)","['', '34B', '', '', '', '', '']","《講授類》
跨院通識與劇藝系TA203課程併班上課",['跨文化人文思潮與美學微學程'],False
https://selcrs.nsysu.edu.tw/menu5/showoutline.asp?SYEAR=114&SEM=2&CrsDat=GEAI1151&Crsname=管樂合奏（一）,,,False,跨院選修(文),GEAI1151,0,不分班,"管樂合奏（一）
WIND ENSEMBLE(I)",1,期,False,50,0,2,48,林鴻君,"二D,E(文FA 4031)(實驗)","['', 'DE', '', '', '', '', '']","《音樂類》
外系學生修課借用琴房練習須依規定繳交費用跨院通識與音樂系MUSI153課程併班上課",[],False
https://selcrs.nsysu.edu.tw/menu5/showoutline.asp?SYEAR=114&SEM=2&CrsDat=GEAI1157&Crsname=詩選及習作（二）,,,True,跨院選修(文),GEAI1157,0,不分班,"詩選及習作（二）
READING IN CHINESE CLASSICAL POETRY SHIH(II)",3,期,True,5,0,0,5,陳秋宏,"三5,6,7(文LA 4002)","['', '', '567', '', '', '', '']","《講授類》
跨院通識與中文系CL206課程併班上課",['中文創意跨域應用整合學程'],False
https://selcrs.nsysu.edu.tw/menu5/showoutline.asp?SYEAR=114&SEM=2&CrsDat=GEAI1159&Crsname=西洋文學概論（二）,,,False,跨院選修(文),GEAI1159,0,不分班,"西洋文學概論（二）
INTRODUCTION TO WESTERN LITERATURE(II)",3,期,True,10,2,4,6,李祁芳,"五5,6,7(文LA 3001)","['', '', '', '', '567', '', '']","《講授類》
建議修畢本校通英語文「英文中級」課程，或具備相當於多益測驗 600分(含)以上英文程度學生修習。跨院通識與外文系DFLL112課程併班上課","['西洋經典文學與文化學程', '法國語言、文化與社會學程']",True
https://selcrs.nsysu.edu.tw/menu5/showoutline.asp?SYEAR=114&SEM=2&CrsDat=GEAI1160&Crsname=英語語言學概論（二）,,,False,跨院選修(文),GEAI1160,0,不分班,"英語語言學概論（二）
INTRODUCTION TO ENGLISH LINGUISITCS（II）",3,期,True,5,0,1,4,歐淑珍,"一2,3,4(文LA 3001)","['234', '', '', '', '', '', '']","《講授類》
建議修畢本校通英語文「英文中級」課程，或具備相當於多益測驗 600分(含)以上英文程度學生修習。跨院通識與外文系DFLL221課程併班上課",['日本研究學程'],True
https://selcrs.nsysu.edu.tw/menu5/showoutline.asp?SYEAR=114&SEM=2&CrsDat=GEAI1191&Crsname=影像與文學,,,False,跨院選修(文),GEAI1191,0,不分班,"影像與文學
FILMS PRODUCTION AND LITERATURE",3,期,False,25,2,8,17,楊濟襄,"一5,6,7(文LA 2004)","['567', '', '', '', '', '', '']","《講授類》
跨院通識與中文系CL123課程併班上課",[],False
https://selcrs.nsysu.edu.tw/menu5/showoutline.asp?SYEAR=114&SEM=2&CrsDat=GEAI1192&Crsname=歐蘇文,,,False,跨院選修(文),GEAI1192,0,不分班,"歐蘇文
OUYANG XIU'S AND SU SHIH'S PROSE",3,期,False,20,1,3,17,鍾志偉,"四5,6,7(文LA 4003)","['', '', '', '567', '', '', '']","《講授類》
跨院通識與中文系CL143課程併班上課",['中文創意跨域應用整合學程'],False
https://selcrs.nsysu.edu.tw/menu5/showoutline.asp?SYEAR=114&SEM=2&CrsDat=GEAI1717&Crsname=美國文學：1865以後,,,True,跨院選修(文),GEAI1717,0,不分班,"美國文學：1865以後
AMERICAN LITERATURE : AFTER 1865",3,期,True,4,4,4,0,盧莉茹,"二2,3,4(文LA 2003)","['', '234', '', '', '', '', '']","《講授類》
建議修畢本校英文高級課程或相當多益測驗700分以上英文程度學生修習。跨院通識與外文系DFLL421課程併班上課",['西洋經典文學與文化學程'],True
https://selcrs.nsysu.edu.tw/menu5/showoutline.asp?SYEAR=114&SEM=2&CrsDat=GEAI1723&Crsname=英國文學：1660-1800,異動,調整名額1/22,True,跨院選修(文),GEAI1723,0,不分班,"英國文學：1660-1800
ENGLISH LITERATURE : 1660-1800",3,期,True,5,1,0,5,李佳容,"二5,6,7(文LA 3002)","['', '567', '', '', '', '', '']","《講授類》
建議修畢本校通英語文「英文中級」課程，或具備相當於多益測驗 600分(含)以上英文程度學生修習。跨院通識與外文系DFLL225課程併班上課","['西洋經典文學與文化學程', '法國語言、文化與社會學程']",True
https://selcrs.nsysu.edu.tw/menu5/showoutline.asp?SYEAR=114&SEM=2&CrsDat=GEAI1752&Crsname=陶淵明詩文選讀,,,False,跨院選修(文),GEAI1752,0,不分班,"陶淵明詩文選讀
READING IN TAO YUAN-MING'S POEMS AND PROSE",3,期,False,15,0,1,14,陳秋宏,"三2,3,4(文LA 4004)","['', '', '234', '', '', '', '']","《講授類》
跨院通識與中文系CL171課程併班上課",['中文創意跨域應用整合學程'],False
https://selcrs.nsysu.edu.tw/menu5/showoutline.asp?SYEAR=114&SEM=2&CrsDat=GEAI1755&Crsname=視覺藝術（二）：繪畫,,,False,跨院選修(文),GEAI1755,0,不分班,"視覺藝術（二）：繪畫
VISUAL ARTS(II)：DRAWING",2,期,False,20,3,15,5,王以亮,"一5,6(文FA 3009)","['56', '', '', '', '', '', '']","《展演》
跨院通識與劇藝系TA173課程併班上課",[],False
https://selcrs.nsysu.edu.tw/menu5/showoutline.asp?SYEAR=114&SEM=2&CrsDat=GEAI1756&Crsname=技術繪圖,,,False,跨院選修(文),GEAI1756,0,不分班,"技術繪圖
TECHNICAL DRAWING",2,期,False,10,2,7,3,曾景濱,"一8,9(文FA 1014)","['89', '', '', '', '', '', '']","《講授類》
跨院通識與劇藝系TA175課程併班上課",['機器學習與多媒體技術學程'],False
https://selcrs.nsysu.edu.tw/menu5/showoutline.asp?SYEAR=114&SEM=2&CrsDat=GEAI1762&Crsname=多媒體英文與溝通,,,False,跨院選修(文),GEAI1762,0,不分班,"多媒體英文與溝通
MULTIMEDIA AND ENGLISH COMMUNICATION",3,期,False,10,2,1,9,楊郁芬,"四2,3,4(文LA 3004)","['', '', '', '234', '', '', '']","《講授類》
建議修畢本校通英語文「英文中級」課程，或具備相當於多益測驗 600分(含)以上英文程度學生修習。跨院通識與外文系DFLL336課程併班上課",['跨文化人文思潮與美學微學程'],True
https://selcrs.nsysu.edu.tw/menu5/showoutline.asp?SYEAR=114&SEM=2&CrsDat=GEAI1766&Crsname=英譯臺灣文學,,,False,跨院選修(文),GEAI1766,0,不分班,"英譯臺灣文學
ENGLISH TRANSLATION OF TAIWAN LITERATURE",3,期,False,5,0,1,4,賴淑芳,"三5,6,7(文LA 7001)","['', '', '567', '', '', '', '']","《講授類》
建議修畢本校通英語文「英文中級」課程，或具備相當於多益測驗 600分(含)以上英文程度學生修習。跨院通識與外文系DFLL456課程併班上課",['音樂劇學程'],True
https://selcrs.nsysu.edu.tw/menu5/showoutline.asp?SYEAR=114&SEM=2&CrsDat=GEAI1771&Crsname=跨文化人文思潮與美學導論,,,False,跨院選修(文),GEAI1771,0,不分班,"跨文化人文思潮與美學導論
INTRODUCTION TO CROSS-CULTURAL STUDIES AND AESTHETICS",3,期,False,30,1,3,27,何重誼,"四2,3,4(文LA 1001)","['', '', '', '234', '', '', '']","《講授類》
跨院通識與文學院LIBA122課程併班上課","['當代策展與藝術行政學程', '跨文化人文思潮與美學微學程', '臺灣閩南語文書寫應用與創作微學程', '與社會交往的表演藝術微學程']",True
https://selcrs.nsysu.edu.tw/menu5/showoutline.asp?SYEAR=114&SEM=2&CrsDat=GEAI1774&Crsname=傳習錄,,,False,跨院選修(文),GEAI1774,0,不分班,"傳習錄
CHUANXI LU",3,期,False,15,1,0,15,吳孟謙,"三5,6,7(文LA 4003)","['', '', '567', '', '', '', '']","《講授類》
跨院通識與中文系CL241課程併班上課",[],False
https://selcrs.nsysu.edu.tw/menu5/showoutline.asp?SYEAR=114&SEM=2&CrsDat=GEAI1776&Crsname=語言評量概論,,,False,跨院選修(文),GEAI1776,0,不分班,"語言評量概論
INTRODUCTION TO LANGUAGE ASSESSMENT",3,期,False,65,4,4,61,施智閔,"三5,6,7(海ME 3006)","['', '', '567', '', '', '', '']","《講授類》
建議修畢本校通英語文「英文中級」課程，或具備相當於多益測驗 600分(含)以上英文程度學生修習。跨院通識與外文系DFLL338課程併班上課",[],True
https://selcrs.nsysu.edu.tw/menu5/showoutline.asp?SYEAR=114&SEM=2&CrsDat=GEAI1785&Crsname=跨文化人文思潮與美學-課程與教學實作專題,,,False,跨院選修(文),GEAI1785,0,不分班,"跨文化人文思潮與美學-課程與教學實作專題
SPECIAL TOPICS IN CROSS-CULTURAL STUDIES AND AESTHETICS",3,期,False,20,0,0,20,"杜思慧,許仁豪,辛翠玲",,"['234567', '234567', '234567', '234567', '234567', '', '']","《講授類》
本課程為暑假至泰國朱拉隆功大學移地教學，包括參訪、工作坊等，且包含部分自費行程。跨院通識與文學院LIBA123課程併班上課","['跨文化人文思潮與美學微學程', '與社會交往的表演藝術微學程']",False
https://selcrs.nsysu.edu.tw/menu5/showoutline.asp?SYEAR=114&SEM=2&CrsDat=GEAI1851&Crsname=基礎程式設計應用,,,False,跨院選修(文),GEAI1851,0,不分班,"基礎程式設計應用
APPLICATION OF BASIC PROGRAMMING",3,期,False,20,4,11,9,溫嘉榮,"五2,3,4(圖IL PC03)","['', '', '', '', '234', '', '']","《講授類》
限非應數、電機、機電、資工、材光、光電、資管、海工系學生修習 ※併班0330 跨院通識與文學院LIBA143課程併班上課","['智慧高齡生活微學程', '金融工程學程']",False
https://selcrs.nsysu.edu.tw/menu5/showoutline.asp?SYEAR=114&SEM=2&CrsDat=GEAI1856&Crsname=音樂劇表演與製作（二）,,,False,跨院選修(文),GEAI1856,0,不分班,"音樂劇表演與製作（二）
ACTING AND PRODUCTION FOR MUSICAL（II）",3,期,False,10,1,1,9,林宜誠,"一8,9,C(文FA 2017)","['89C', '', '', '', '', '', '']","《展演》
跨院通識與劇藝系TA367課程併班上課","['原民文化探索及永續發展學程', '音樂劇學程']",False
https://selcrs.nsysu.edu.tw/menu5/showoutline.asp?SYEAR=114&SEM=2&CrsDat=GEAI1862&Crsname=基礎設計,,,False,跨院選修(文),GEAI1862,0,不分班,"基礎設計
FUNDAMENTAL SCENE DESIGN",3,期,False,10,0,1,9,曾景濱,"三2,3,4(文FA 1014)","['', '', '234', '', '', '', '']","《展演》
限修畢劇場設計導論。跨院通識與劇藝系TA172課程併班上課",[],False
https://selcrs.nsysu.edu.tw/menu5/showoutline.asp?SYEAR=114&SEM=2&CrsDat=GEAI1890&Crsname=臺灣民間信仰文化,,,False,跨院選修(文),GEAI1890,0,不分班,"臺灣民間信仰文化
TAIWAN FOLK BELIEF CULTURE",3,期,False,15,3,8,7,羅景文,"二5,6,7(文LA 4003)","['', '567', '', '', '', '', '']","《講授類》
跨院通識與中文系CL462課程併班上課",[],False
https://selcrs.nsysu.edu.tw/menu5/showoutline.asp?SYEAR=114&SEM=2&CrsDat=GEAI1891&Crsname=早期台語電影與文化,,,False,跨院選修(文),GEAI1891,0,不分班,"早期台語電影與文化
EARLY TAIWANESE LANGUAGE CINEMA AND CULTURE",3,期,False,10,0,10,0,蘇凰蘭,"四2,3,4(文LA 4003)","['', '', '', '234', '', '', '']","《講授類》
跨院通識與中文系CL460課程併班上課",['臺灣閩南語文書寫應用與創作微學程'],False
https://selcrs.nsysu.edu.tw/menu5/showoutline.asp?SYEAR=114&SEM=2&CrsDat=GEAI1892&Crsname=新聞翻譯,,,False,跨院選修(文),GEAI1892,0,不分班,"新聞翻譯
TRANSLATING JOURNALISTIC WRITING",3,期,False,10,2,2,8,李佳容,"一2,3,4(文LA 3003)","['234', '', '', '', '', '', '']","《講授類》
建議修畢本校通英語文「英文中級」課程，或具備相當於多益測驗 600分(含)以上英文程度學生修習。跨院通識與外文系DFLL452課程併班上課",[],True
https://selcrs.nsysu.edu.tw/menu5/showoutline.asp?SYEAR=114&SEM=2&CrsDat=GEAI1893&Crsname=行為和現場藝術,,,False,跨院選修(文),GEAI1893,0,不分班,"行為和現場藝術
PERFORMANCE AND LIVE ART",3,期,False,10,1,2,8,約書亞沙發兒,"二2,3,4(文FA 2017)","['', '234', '', '', '', '', '']","《展演》
跨院通識與劇藝系TA394課程併班上課",[],True
https://selcrs.nsysu.edu.tw/menu5/showoutline.asp?SYEAR=114&SEM=2&CrsDat=GEAI1894&Crsname=劇場服裝設計,,,False,跨院選修(文),GEAI1894,0,不分班,"劇場服裝設計
COSTUME DESIGN FOR THEATRE",3,期,False,10,0,5,5,吳怡瑱,"三5,6,7(文FA 2016)","['', '', '567', '', '', '', '']","《講授類》
跨院通識與劇藝系TA280課程併班上課",[],False
https://selcrs.nsysu.edu.tw/menu5/showoutline.asp?SYEAR=114&SEM=2&CrsDat=GEAI2101&Crsname=日文（二）,,,False,跨院選修(文),GEAI2101,0,不分班,"日文（二）
JAPANESE (II)",3,期,False,10,1,10,0,森國松江,"三2,3,4(文LA 2003)","['', '', '234', '', '', '', '']","《講授類》
初級日文。跨院通識與外文系DFLL233A課程併班上課",['日本研究學程'],False
https://selcrs.nsysu.edu.tw/menu5/showoutline.asp?SYEAR=114&SEM=2&CrsDat=GEAI2103&Crsname=西班牙文（二）,,,False,跨院選修(文),GEAI2103,0,不分班,"西班牙文（二）
SPANISH (II)",3,期,False,30,2,6,24,李優俐,"三2,3,4(文LA 1002)","['', '', '234', '', '', '', '']","《講授類》
初級西班牙文。跨院通識與外文系DFLL235A課程併班上課",['西洋經典文學與文化學程'],False
https://selcrs.nsysu.edu.tw/menu5/showoutline.asp?SYEAR=114&SEM=2&CrsDat=GEAI2105&Crsname=法文（二）,,,False,跨院選修(文),GEAI2105,0,不分班,"法文（二）
FRENCH (II)",3,期,False,15,0,14,1,王柔惠,"一2,3,4(文LA 3002)","['234', '', '', '', '', '', '']","《講授類》
初級法文。跨院通識與外文系DFLL237A課程併班上課","['西洋經典文學與文化學程', '法國語言、文化與社會學程']",False
https://selcrs.nsysu.edu.tw/menu5/showoutline.asp?SYEAR=114&SEM=2&CrsDat=GEAI2113&Crsname=德文（二）,,,False,跨院選修(文),GEAI2113,0,不分班,"德文（二）
GERMAN (II)",3,期,False,25,2,11,14,陳麗雅,"三2,3,4(文LA 1001)","['', '', '234', '', '', '', '']","《講授類》
初級德文。跨院通識與外文系DFLL239A課程併班上課",['西洋經典文學與文化學程'],False
https://selcrs.nsysu.edu.tw/menu5/showoutline.asp?SYEAR=114&SEM=2&CrsDat=GEAI1208&Crsname=生物化學（二）,,,False,跨院選修(理),GEAI1208,0,不分班,"生物化學（二）
BIOCHEMISTRY (II)",3,期,False,5,0,2,3,黃明德,"四2,3,4(理SC 1003)","['', '', '', '234', '', '', '']","《講授類》
跨院通識與生科系BIOS232課程併班上課",['天然藥物合成學程'],False
https://selcrs.nsysu.edu.tw/menu5/showoutline.asp?SYEAR=114&SEM=2&CrsDat=GEAI1209&Crsname=線性代數（二）,,,False,跨院選修(理),GEAI1209,0,不分班,"線性代數（二）
LINEAR ALGEBRA (II)",3,期,True,10,0,0,10,翁鵬絜,"三6,7(理SC 3001) 四5(理SC 3001)","['', '', '67', '5', '', '', '']","《講授類》
限線性代數(一) 學期總成績至少D等第學生選修。演習課上課時間：星期四第B節(理SC 3001) 跨院通識與應數系MATH104課程併班上課","['應用數學學程', '金融工程學程', '人工智慧與數學學程']",False
https://selcrs.nsysu.edu.tw/menu5/showoutline.asp?SYEAR=114&SEM=2&CrsDat=GEAI1209A&Crsname=線性代數（二）,,,False,跨院選修(理),GEAI1209A,0,不分班,"線性代數（二）
LINEAR ALGEBRA (II)",3,期,True,10,0,0,10,王以晟,"一4,B,5(理SC 0014)","['4B5', '', '', '', '', '', '']","《講授類》
跨院通識與應數系MATH104A課程併班上課","['應用數學學程', '金融工程學程', '人工智慧與數學學程']",True
https://selcrs.nsysu.edu.tw/menu5/showoutline.asp?SYEAR=114&SEM=2&CrsDat=GEAI1218&Crsname=數學導論（二）,,,False,跨院選修(理),GEAI1218,0,不分班,"數學導論（二）
INTRODUCTION TO MATHEMATICS (II)",3,期,False,25,0,2,23,許柏翰,"三5(理SC 3001) 五6,7(理SC 3001)","['', '', '5', '', '67', '', '']","《講授類》
跨院通識與應數系MATH108課程併班上課",['應用數學學程'],False
https://selcrs.nsysu.edu.tw/menu5/showoutline.asp?SYEAR=114&SEM=2&CrsDat=GEAI1222&Crsname=天文學導論,,,False,跨院選修(理),GEAI1222,0,不分班,"天文學導論
INTRODUCTION TO ASTRONOMY",3,期,False,65,2,65,0,郭政育,"三2,3,4(理PH 2006)","['', '', '234', '', '', '', '']","《講授類》
跨院通識與物理系PHYS415課程併班上課",[],False
https://selcrs.nsysu.edu.tw/menu5/showoutline.asp?SYEAR=114&SEM=2&CrsDat=GEAI1224&Crsname=微分方程（一）,,,False,跨院選修(理),GEAI1224,0,不分班,"微分方程（一）
DIFFERENTIAL EQUATIONS (I)",3,期,True,10,0,1,9,黃毅青,"一6(理SC 3001) 二6,7(理SC 3001)","['6', '67', '', '', '', '', '']","《講授類》
限非電機系學生修習;跨院通識與應數系MATH204課程併班上課","['應用數學學程', '金融工程學程']",False
https://selcrs.nsysu.edu.tw/menu5/showoutline.asp?SYEAR=114&SEM=2&CrsDat=GEAI1224A&Crsname=微分方程（一）,,,False,跨院選修(理),GEAI1224A,0,不分班,"微分方程（一）
DIFFERENTIAL EQUATIONS (I)",3,期,True,10,0,1,9,陳志漢,"二8,5,7(理SC 0008)","['', '578', '', '', '', '', '']","《講授類》
限非電機系學生修習;跨院通識與應數系MATH204A課程併班上課","['應用數學學程', '金融工程學程']",True
https://selcrs.nsysu.edu.tw/menu5/showoutline.asp?SYEAR=114&SEM=2&CrsDat=GEAI1225&Crsname=物理發展史,,,False,跨院選修(理),GEAI1225,0,不分班,"物理發展史
HISTORY OF PHYSICS",3,期,False,30,6,30,0,邱奎霖,"二5,6,7(理SC 1001)","['', '567', '', '', '', '', '']","《講授類》
跨院通識與物理系PHYS120課程併班上課",[],False
https://selcrs.nsysu.edu.tw/menu5/showoutline.asp?SYEAR=114&SEM=2&CrsDat=GEAI1226&Crsname=動物生理學,,,False,跨院選修(理),GEAI1226,0,不分班,"動物生理學
ANIMAL PHYSIOLOGY",3,期,True,5,4,3,2,李昆澤,"四2,3,4(理SC 3005)","['', '', '', '234', '', '', '']","《講授類》
跨院通識與生科系BIOS313課程併班上課",['生物技術學程'],False
https://selcrs.nsysu.edu.tw/menu5/showoutline.asp?SYEAR=114&SEM=2&CrsDat=GEAI1248&Crsname=免疫學,,,False,跨院選修(理),GEAI1248,0,不分班,"免疫學
IMMUNOLOGY",3,期,False,10,1,10,0,李哲欣,"一2,3,4(理SC 3005)","['234', '', '', '', '', '', '']","《講授類》
跨院通識與生科系BIOS330課程併班上課","['海洋天然物微學程', '生物技術學程']",False
https://selcrs.nsysu.edu.tw/menu5/showoutline.asp?SYEAR=114&SEM=2&CrsDat=GEAI1314B&Crsname=電路學（一）,,,False,跨院選修(工),GEAI1314B,0,不分班,"電路學（一）
CIRCUIT THEORY (I)",3,期,True,10,0,6,4,蘇健翔,"四2,3,4(工EC 3012)","['', '', '', '234', '', '', '']","《講授類》
跨院通識與電機系EE2400B課程併班上課","['南星產業樞紐學程', '半導體製程模組學程', '半導體設備工程學程', '半導體元件學程', '數位IC設計學程', '類比射頻IC設計學程']",True
https://selcrs.nsysu.edu.tw/menu5/showoutline.asp?SYEAR=114&SEM=2&CrsDat=GEAI1320&Crsname=電子學（二）,,,False,跨院選修(工),GEAI1320,0,不分班,"電子學（二）
ELECTRONICS (II)",3,期,True,10,0,4,6,陳有德,"四2,3,4(工EC 6019)","['', '', '', '234', '', '', '']","《講授類》
本課程英語專班無法抵免;跨院通識與電機系EE2101課程併班上課","['半導體製程模組學程', '半導體設備工程學程', '半導體元件學程', '類比射頻IC設計學程']",False
https://selcrs.nsysu.edu.tw/menu5/showoutline.asp?SYEAR=114&SEM=2&CrsDat=GEAI1320B&Crsname=電子學（二）,,,False,跨院選修(工),GEAI1320B,0,不分班,"電子學（二）
ELECTRONICS (II)",3,期,True,10,0,2,8,劉漢胤,"一5,6,7(工EC 1001)","['567', '', '', '', '', '', '']","《講授類》
跨院通識與電機系EE2101B課程併班上課","['半導體製程模組學程', '半導體設備工程學程', '半導體元件學程', '類比射頻IC設計學程']",True
https://selcrs.nsysu.edu.tw/menu5/showoutline.asp?SYEAR=114&SEM=2&CrsDat=GEAI1325&Crsname=微分方程,,,False,跨院選修(工),GEAI1325,0,不分班,"微分方程
DIFFERENTIAL EQUATIONS",3,期,True,10,0,0,10,莊子肇,"三5,6,7(工EC 1009)","['', '', '567', '', '', '', '']","《講授類》
限非應數系學生修習。本課程英語專班無法抵免;跨院通識與電機系EE1201課程併班上課","['半導體製程模組學程', '金融工程學程']",False
https://selcrs.nsysu.edu.tw/menu5/showoutline.asp?SYEAR=114&SEM=2&CrsDat=GEAI1325B&Crsname=微分方程,,,False,跨院選修(工),GEAI1325B,0,不分班,"微分方程
DIFFERENTIAL EQUATIONS",3,期,True,10,1,0,10,吳珮歆,"三5,6,7(工EC 6019)","['', '', '567', '', '', '', '']","《講授類》
限非應數系學生修習。跨院通識與電機系EE1201B課程併班上課","['半導體製程模組學程', '金融工程學程']",True
https://selcrs.nsysu.edu.tw/menu5/showoutline.asp?SYEAR=114&SEM=2&CrsDat=GEAI1341&Crsname=電機機械,異動,確認教師1/14,False,跨院選修(工),GEAI1341,0,不分班,"電機機械
ELECTRICAL MACHINES",3,期,True,10,0,2,8,林省揚,"一8,6,7(工EC 6019)","['678', '', '', '', '', '', '']","《講授類》
本課程英語專班無法抵免；跨院通識與電機系EE3402課程併班上課","['南星產業樞紐學程', '半導體設備工程學程', '永續能源學程']",False
https://selcrs.nsysu.edu.tw/menu5/showoutline.asp?SYEAR=114&SEM=2&CrsDat=GEAI1341B&Crsname=電機機械,,,False,跨院選修(工),GEAI1341B,0,不分班,"電機機械
ELECTRICAL MACHINES",3,期,True,10,0,0,10,哈菲茲,"一2,3,4(工EC 1001)","['234', '', '', '', '', '', '']","《講授類》
跨院通識與電機系EE3402B課程併班上課","['南星產業樞紐學程', '半導體設備工程學程', '永續能源學程']",True
https://selcrs.nsysu.edu.tw/menu5/showoutline.asp?SYEAR=114&SEM=2&CrsDat=GEAI1342&Crsname=電磁學（二）,,,False,跨院選修(工),GEAI1342,0,不分班,"電磁學（二）
ELECTROMAGNETICS (II)",3,期,True,10,0,1,9,洪子聖,"二2,3,4(工EC 1001)","['', '234', '', '', '', '', '']","《講授類》
本課程英語專班無法抵免;跨院通識與電機系EE3501課程併班上課",['類比射頻IC設計學程'],False
https://selcrs.nsysu.edu.tw/menu5/showoutline.asp?SYEAR=114&SEM=2&CrsDat=GEAI1342B&Crsname=電磁學（二）,,,False,跨院選修(工),GEAI1342B,0,不分班,"電磁學（二）
ELECTROMAGNETICS (II)",3,期,True,10,1,7,3,王復康,"二2,3,4(工EC 6019)","['', '234', '', '', '', '', '']","《講授類》
跨院通識與電機系EE3501B課程併班上課",['類比射頻IC設計學程'],True
https://selcrs.nsysu.edu.tw/menu5/showoutline.asp?SYEAR=114&SEM=2&CrsDat=GEAI1343&Crsname=機率與統計,異動,更換教室1/14,False,跨院選修(工),GEAI1343,0,不分班,"機率與統計
PROBABILITY THEORY",3,期,True,10,2,5,5,陳有德,"三2,3,4(工EC 3009)","['', '', '234', '', '', '', '']","《講授類》
本課程英語專班無法抵免。跨院通識與電機系EE3607課程併班上課","['生成式AI素養微學程', '人工智慧探索應用學分學程', '人工智慧工業應用學分學程', '南星產業樞紐學程', '金融工程學程']",False
https://selcrs.nsysu.edu.tw/menu5/showoutline.asp?SYEAR=114&SEM=2&CrsDat=GEAI1349&Crsname=無線網際網路,,,False,跨院選修(工),GEAI1349,0,不分班,"無線網際網路
WIRELESS INTERNET",3,期,False,10,0,10,0,王友群,"三5,6,7(工EC 1005)","['', '', '567', '', '', '', '']","《講授類》
跨院通識與資工系CSE445課程併班上課","['製造與大數據分析微學程', '無人載具學程', '跨領域智慧製造學程', '人工智慧與數學學程']",False
https://selcrs.nsysu.edu.tw/menu5/showoutline.asp?SYEAR=114&SEM=2&CrsDat=GEAI1350&Crsname=計算機組織,,,False,跨院選修(工),GEAI1350,0,不分班,"計算機組織
COMPUTER ORGANIZATION",3,期,False,10,0,2,8,施信毓,"四8,6,7(工EC 2010)","['', '', '', '678', '', '', '']","《講授類》
跨院通識與電機系EE2711課程併班上課","['軟體工程學程', '數位IC設計學程']",False
https://selcrs.nsysu.edu.tw/menu5/showoutline.asp?SYEAR=114&SEM=2&CrsDat=GEAI1364&Crsname=資料探勘,,,False,跨院選修(工),GEAI1364,0,不分班,"資料探勘
DATA MINING",3,期,False,10,3,7,3,蔡崇煒,"四8,6,7(工EC 9032)","['', '', '', '678', '', '', '']","《講授類》
跨院通識與資工系CSE223課程併班上課","['智慧製造聯網微學程', '製造與大數據分析微學程', '人工智慧工業應用學分學程', '人工智慧自然語言技術學分學程', '無人載具學程', '跨領域智慧製造學程', '智慧長照微學程']",False
https://selcrs.nsysu.edu.tw/menu5/showoutline.asp?SYEAR=114&SEM=2&CrsDat=GEAI1401&Crsname=經濟學（二）,,,False,跨院選修(管),GEAI1401,0,不分班,"經濟學（二）
ECONOMICS (II)",3,期,True,10,2,9,1,彭聖翔,"五5,6,7(管CM 0052)","['', '', '', '', '567', '', '']","《講授類》
限非政經系學生修習。跨院通識與企管系BM106A課程併班上課",['金融工程學程'],True
https://selcrs.nsysu.edu.tw/menu5/showoutline.asp?SYEAR=114&SEM=2&CrsDat=GEAI1401A&Crsname=經濟學（二）,,,False,跨院選修(管),GEAI1401A,0,不分班,"經濟學（二）
ECONOMICS (II)",3,期,True,5,1,5,0,佘博文,"五2,3,4(管CM 2037)","['', '', '', '', '234', '', '']","《講授類》
限非政經系學生修習。跨院通識與財管系FM109課程併班上課",['金融工程學程'],True
https://selcrs.nsysu.edu.tw/menu5/showoutline.asp?SYEAR=114&SEM=2&CrsDat=GEAI1403&Crsname=管理學,,,False,跨院選修(管),GEAI1403,0,不分班,"管理學
MANAGEMENT",3,期,True,20,4,20,0,林豪傑,"一5,6,7(管CM 1037)","['567', '', '', '', '', '', '']","《講授類》
跨院通識與企管系BM112課程併班上課","['人力資源管理學程', '地方敘事與創生學程', '音樂藝術管理與行銷學程']",False
https://selcrs.nsysu.edu.tw/menu5/showoutline.asp?SYEAR=114&SEM=2&CrsDat=GEAI1403A&Crsname=管理學,,,False,跨院選修(管),GEAI1403A,0,不分班,"管理學
MANAGEMENT",3,期,True,20,3,20,0,王致遠,"四5,6,7(管CM 1037)","['', '', '', '567', '', '', '']","《講授類》
跨院通識與企管系BM112A課程併班上課","['人力資源管理學程', '地方敘事與創生學程', '音樂藝術管理與行銷學程']",False
https://selcrs.nsysu.edu.tw/menu5/showoutline.asp?SYEAR=114&SEM=2&CrsDat=GEAI1409&Crsname=經濟學實習（二）,,,False,跨院選修(管),GEAI1409,0,不分班,"經濟學實習（二）
ECONOMICS PRACITCE(II)",1,期,False,10,1,0,10,彭聖翔,"五3,4(管CM 0052)(實驗)","['', '', '', '', '34', '', '']","《實習類》
限非政經系學生修習。跨院通識與企管系BM108A課程併班上課",[],True
https://selcrs.nsysu.edu.tw/menu5/showoutline.asp?SYEAR=114&SEM=2&CrsDat=GEAI1416&Crsname=財務管理,,,False,跨院選修(管),GEAI1416,0,不分班,"財務管理
FINANCIAL MANAGEMENT",3,期,True,34,1,23,11,陳安琳,"三2,3,4(管CM 4112)","['', '', '234', '', '', '', '']","《講授類》
跨院通識與企管系BM301課程併班上課","['財務管理專業學程', '金融工程學程', '會計學程', '科技創新與服務業管理學程']",False
https://selcrs.nsysu.edu.tw/menu5/showoutline.asp?SYEAR=114&SEM=2&CrsDat=GEAI1416A&Crsname=財務管理,,,False,跨院選修(管),GEAI1416A,0,不分班,"財務管理
FINANCIAL MANAGEMENT",3,期,True,34,5,24,10,陳安琳,"三5,6,7(管CM 4112)","['', '', '567', '', '', '', '']","《講授類》
跨院通識與企管系BM301A課程併班上課","['財務管理專業學程', '金融工程學程', '會計學程', '科技創新與服務業管理學程']",False
https://selcrs.nsysu.edu.tw/menu5/showoutline.asp?SYEAR=114&SEM=2&CrsDat=GEAI1418&Crsname=統計學（二）,,,False,跨院選修(管),GEAI1418,0,不分班,"統計學（二）
STATISTICS (II)",3,期,True,10,0,1,9,林晉禾,"一5,6,7(管CM 0052)","['567', '', '', '', '', '', '']","《講授類》
限非政經系學生修習。跨院通識與企管系BM202課程併班上課",['金融工程學程'],False
https://selcrs.nsysu.edu.tw/menu5/showoutline.asp?SYEAR=114&SEM=2&CrsDat=GEAI1419&Crsname=人力資源管理,異動,調整名額1/22,False,跨院選修(管),GEAI1419,0,不分班,"人力資源管理
HUMAN RESOURCES MANAGEMENT",3,期,True,20,4,10,10,王致遠,"三2,3,4(管CM 1037)","['', '', '234', '', '', '', '']","《講授類》
跨院通識與企管系BM209課程併班上課",['人力資源管理學程'],False
https://selcrs.nsysu.edu.tw/menu5/showoutline.asp?SYEAR=114&SEM=2&CrsDat=GEAI1419A&Crsname=人力資源管理,,,False,跨院選修(管),GEAI1419A,0,不分班,"人力資源管理
HUMAN RESOURCES MANAGEMENT",3,期,True,20,2,7,13,林杏娥,"三5,6,7(管CM 1037)","['', '', '567', '', '', '', '']","《講授類》
跨院通識與企管系BM209A課程併班上課",['人力資源管理學程'],False
https://selcrs.nsysu.edu.tw/menu5/showoutline.asp?SYEAR=114&SEM=2&CrsDat=GEAI1420&Crsname=生產與作業管理,,,False,跨院選修(管),GEAI1420,0,不分班,"生產與作業管理
PRODUCTIONS AND OPERATIONS MANAGEMENT",3,期,True,30,5,14,16,黃鋒樟,"二5,6,7(管CM 1037)","['', '567', '', '', '', '', '']","《講授類》
跨院通識與企管系BM205課程併班上課",['科技創新與服務業管理學程'],False
https://selcrs.nsysu.edu.tw/menu5/showoutline.asp?SYEAR=114&SEM=2&CrsDat=GEAI1421&Crsname=財務管理（二）,,,False,跨院選修(管),GEAI1421,0,不分班,"財務管理（二）
FINANCIAL MANAGEMENT (II)",3,期,True,5,0,2,3,封之遠,"三5,6,7(管CM 3019)","['', '', '567', '', '', '', '']","《講授類》
限修畢財務管理(一)，跨院通識與財管系FM207課程併班上課","['財務管理專業學程', '金融工程學程']",False
https://selcrs.nsysu.edu.tw/menu5/showoutline.asp?SYEAR=114&SEM=2&CrsDat=GEAI1430&Crsname=管理學,,,False,跨院選修(管),GEAI1430,0,不分班,"管理學
MANAGEMENT",3,期,True,6,0,6,0,張世賢,"三5,6,7(管CM 1032)","['', '', '567', '', '', '', '']","《講授類》
跨院通識與財管系FM111課程併班上課",[],False
https://selcrs.nsysu.edu.tw/menu5/showoutline.asp?SYEAR=114&SEM=2&CrsDat=GEAI1431&Crsname=統計學實習（二）,,,False,跨院選修(管),GEAI1431,0,不分班,"統計學實習（二）
EXERCISE FOR STATISTICS (II)",1,期,False,10,0,0,10,林晉禾,"四8,9(管CM 0052)(實驗)","['', '', '', '89', '', '', '']","《實習類》
限非政經系學生修習。跨院通識與企管系BM221課程併班上課",[],False
https://selcrs.nsysu.edu.tw/menu5/showoutline.asp?SYEAR=114&SEM=2&CrsDat=GEAI1432&Crsname=會計學（二）,,,False,跨院選修(管),GEAI1432,0,不分班,"會計學（二）
ACCOUNTING (II)",3,期,True,10,1,1,9,羅勝議,"四5,6,7(管CM 3015)","['', '', '', '567', '', '', '']","《講授類》
會計學(一)不及格不能選課;跨院通識與企管系BM102課程併班上課","['金融工程學程', '會計學程']",False
https://selcrs.nsysu.edu.tw/menu5/showoutline.asp?SYEAR=114&SEM=2&CrsDat=GEAI1432A&Crsname=會計學（二）,異動,調整名額1/20,False,跨院選修(管),GEAI1432A,0,不分班,"會計學（二）
ACCOUNTING (II)",3,期,True,10,4,4,6,陳妮雲,"四2,3,4(管CM 2037)","['', '', '', '234', '', '', '']","《講授類》
會計學(一)不及格不能選課跨院通識與企管系BM102A課程併班上課","['金融工程學程', '會計學程']",False
https://selcrs.nsysu.edu.tw/menu5/showoutline.asp?SYEAR=114&SEM=2&CrsDat=GEAI1433&Crsname=會計學實習（二）,,,False,跨院選修(管),GEAI1433,0,不分班,"會計學實習（二）
ACCOUNTING PRACTICE (II)",1,期,False,10,1,0,10,羅勝議,"四8,9(管CM 3015)(實驗)","['', '', '', '89', '', '', '']","《實習類》
跨院通識與企管系BM104課程併班上課",[],False
https://selcrs.nsysu.edu.tw/menu5/showoutline.asp?SYEAR=114&SEM=2&CrsDat=GEAI1433A&Crsname=會計學實習（二）,,,False,跨院選修(管),GEAI1433A,0,不分班,"會計學實習（二）
ACCOUNTING PRACTICE (II)",1,期,False,10,1,0,10,陳妮雲,"四8,9(管CM 3017)(實驗)","['', '', '', '89', '', '', '']","《實習類》
跨院通識與企管系BM104A課程併班上課",[],False
https://selcrs.nsysu.edu.tw/menu5/showoutline.asp?SYEAR=114&SEM=2&CrsDat=GEAI1444&Crsname=國際企業實務,,,False,跨院選修(管),GEAI1444,0,不分班,"國際企業實務
INTERNATIONAL BUSINESS PRACTICES",3,期,False,30,2,30,0,蔡宗霖,"三5,6,7(管CM 3015)","['', '', '567', '', '', '', '']","《講授類》
跨院通識與企管系BM364課程併班上課",['全球半導體經營管理微學程'],False
https://selcrs.nsysu.edu.tw/menu5/showoutline.asp?SYEAR=114&SEM=2&CrsDat=GEAI1458&Crsname=商事法,,,False,跨院選修(管),GEAI1458,0,不分班,"商事法
BUSINESS LAW",3,期,True,20,3,7,13,李清潭,"一5,6,7(管CM 3015)","['567', '', '', '', '', '', '']","《講授類》
跨院通識與企管系BM328課程併班上課",[],False
https://selcrs.nsysu.edu.tw/menu5/showoutline.asp?SYEAR=114&SEM=2&CrsDat=GEAI1464&Crsname=行銷個案,,,False,跨院選修(管),GEAI1464,0,不分班,"行銷個案
CASE STUDIES IN MARKETING",3,期,False,10,2,9,1,林政佑,"四8,6,7(管CM 1032)","['', '', '', '678', '', '', '']","《講授類》
跨院通識與企管系BM408課程併班上課",['行銷管理學程'],False
https://selcrs.nsysu.edu.tw/menu5/showoutline.asp?SYEAR=114&SEM=2&CrsDat=GEAIA402&Crsname=人力資源管理概論,,,False,跨院選修(管),GEAIA402,0,不分班,"人力資源管理概論
INTRODUCTION TO HUMAN RESOURCE MANAGEMENT",1,期,False,90,11,17,73,王豫萱,四A(網路大學),"['', '', '', 'A', '', '', '']","《講授類》
網大進行之非同步線上課程;跨院通識與管理學院CM413課程併班上課",[],True
https://selcrs.nsysu.edu.tw/menu5/showoutline.asp?SYEAR=114&SEM=2&CrsDat=GEAI1518&Crsname=海洋中藥概論,,,False,跨院選修(海),GEAI1518,0,不分班,"海洋中藥概論
INTRODUCTION TO MARINE CHINESE MEDICINE",2,期,False,20,9,17,3,廖志中,"五5,6(海MB 2015)","['', '', '', '', '56', '', '']","《講授類》
跨院通識與海資系MBR225課程併班上課","['海洋天然物微學程', '環境教育學程', '生物技術學程', '校園預防醫學暨食品安全學程', '海洋生產模式整合學程']",False
https://selcrs.nsysu.edu.tw/menu5/showoutline.asp?SYEAR=114&SEM=2&CrsDat=GEAI1523&Crsname=計畫學導論,,,False,跨院選修(海),GEAI1523,0,不分班,"計畫學導論
INTRODUCTION TO PLANNING THEORY",3,期,True,7,0,1,6,王右仁,"四8,6,7(海ME 3006)","['', '', '', '678', '', '', '']","《講授類》
跨院通識與海工系MAEV260課程併班上課","['環境教育學程', '公民參與微學程', '永續發展與社會創新微學程', '環境科技與管理學程']",True
https://selcrs.nsysu.edu.tw/menu5/showoutline.asp?SYEAR=114&SEM=2&CrsDat=GEAI1529&Crsname=流體力學,,,False,跨院選修(海),GEAI1529,0,不分班,"流體力學
FLUID MECHANICS",3,期,True,7,1,0,7,葉博弘,"一2,3,4(海ME 3006)","['234', '', '', '', '', '', '']","《講授類》
跨院通識與海工系MAEV220課程併班上課",['南星產業樞紐學程'],True
https://selcrs.nsysu.edu.tw/menu5/showoutline.asp?SYEAR=114&SEM=2&CrsDat=GEAI1532&Crsname=應用測量學,,,False,跨院選修(海),GEAI1532,0,不分班,"應用測量學
APPLIED SURVEYING TECHNOLOGY",3,期,False,7,1,2,5,鍾秉宸,"五5,6,7(海ME 2005)","['', '', '', '', '567', '', '']","《講授類》
跨院通識與海工系MAEV263課程併班上課",[],False
https://selcrs.nsysu.edu.tw/menu5/showoutline.asp?SYEAR=114&SEM=2&CrsDat=GEAI1544&Crsname=漁業政策概論,,,False,跨院選修(海),GEAI1544,0,不分班,"漁業政策概論
INTRODUCTION TO FISHERIES POLICY",3,期,False,40,0,2,38,高世明,"五5,6,7(海MA 3021)","['', '', '', '', '567', '', '']","《講授類》
跨院通識與海科院（學）MRSC110課程併班上課","['國際素養微學程', '自然生物資產微學程']",False
https://selcrs.nsysu.edu.tw/menu5/showoutline.asp?SYEAR=114&SEM=2&CrsDat=GEAI1553&Crsname=海洋無脊椎動物學（二）,,,False,跨院選修(海),GEAI1553,0,不分班,"海洋無脊椎動物學（二）
MARINE INVERTEBRATE ZOOLOGY",2,期,False,20,0,0,20,劉商隱,"五8,7(海MB 2020)","['', '', '', '', '78', '', '']","《講授類》
跨院通識與海資系MBR319課程併班上課","['環境教育學程', '海洋生物資源與實務應用微學程', '擁海學程', '生物多樣性學程', '海洋生產模式整合學程', '海洋循環經濟學程', '熱帶海洋微學程']",False
https://selcrs.nsysu.edu.tw/menu5/showoutline.asp?SYEAR=114&SEM=2&CrsDat=GEAI1559&Crsname=基礎海洋學,,,False,跨院選修(海),GEAI1559,0,不分班,"基礎海洋學
FUNDAMENTALS OF OCEANOGRAPHY",3,期,False,95,6,11,84,"張詠斌,托星豪,李逸環,黃蔚人","五2,3,4(海MA 3021)","['', '', '', '', '234', '', '']","《講授類》
跨院通識與海科院（學）MRSC102課程併班上課","['探索海洋國家公園微學程', '環境教育學程', '看見臺灣海岸微學程', '海洋永續發展產業科技微學程', '熱帶海洋微學程']",False
https://selcrs.nsysu.edu.tw/menu5/showoutline.asp?SYEAR=114&SEM=2&CrsDat=GEAI1569&Crsname=地球科學概論,,,False,跨院選修(海),GEAI1569,0,不分班,"地球科學概論
INTRODUCTION TO EARTH SCIENCE",2,期,False,15,8,13,2,林慧玲,"二3,4(海MA 3020)","['', '34', '', '', '', '', '']","《講授類》
跨院通識與海科系DO237課程併班上課","['環境教育學程', '看見臺灣海岸微學程']",False
https://selcrs.nsysu.edu.tw/menu5/showoutline.asp?SYEAR=114&SEM=2&CrsDat=GEAI1573&Crsname=環境教育教材教法,,,False,跨院選修(海),GEAI1573,0,不分班,"環境教育教材教法
SUBJECT MATTER & TEACHING METHODS FOR ENVIRONMENTAL EDUCATION",2,期,False,15,1,5,10,謝百淇,"二3,4(社SS 2001)","['', '34', '', '', '', '', '']","《講授類》
跨院通識與海科院（學）MRSC104課程併班上課","['氣膠科學環境教育微學程', '原民文化探索及永續發展學程', '環境教育學程', '實踐環境教育微學程']",False
https://selcrs.nsysu.edu.tw/menu5/showoutline.asp?SYEAR=114&SEM=2&CrsDat=GEAI1582&Crsname=人因工程,,,False,跨院選修(海),GEAI1582,0,不分班,"人因工程
HUMAN FACTORS ENGINEERING",3,期,False,40,2,6,34,謝孟璋,"三5,6,7(海MA 3021)","['', '', '567', '', '', '', '']","《講授類》
跨院通識與海科院（學）MRSC118課程併班上課",[],False
https://selcrs.nsysu.edu.tw/menu5/showoutline.asp?SYEAR=114&SEM=2&CrsDat=GEAI1584&Crsname=海洋生態學概論,,,False,跨院選修(海),GEAI1584,0,不分班,"海洋生態學概論
PRINCIPLES OF MARINE ECOLOGY",3,期,False,25,3,2,23,熊寶兒,"二5,6,7(海MA 2022)","['', '567', '', '', '', '', '']","《講授類》
跨院通識與海科系DO220課程併班上課",['海洋永續發展產業科技微學程'],True
https://selcrs.nsysu.edu.tw/menu5/showoutline.asp?SYEAR=114&SEM=2&CrsDat=GEAI1585&Crsname=海洋與大氣環流,,,False,跨院選修(海),GEAI1585,0,不分班,"海洋與大氣環流
OCEAN AND ATMOSPHERE CIRCULATIONS",2,期,False,20,2,4,16,李逸環,"四6,7(海MA 3020)","['', '', '', '67', '', '', '']","《講授類》
跨院通識與海科系DO249課程併班上課",[],False
https://selcrs.nsysu.edu.tw/menu5/showoutline.asp?SYEAR=114&SEM=2&CrsDat=GEAI1589&Crsname=工程力學,,,False,跨院選修(海),GEAI1589,0,不分班,"工程力學
ENGINEERING MECHANICS",3,期,True,7,1,0,7,李政賢,"一2,3,4(海ME 2005)","['234', '', '', '', '', '', '']","《講授類》
跨院通識與海工系MAEV240課程併班上課",[],True
https://selcrs.nsysu.edu.tw/menu5/showoutline.asp?SYEAR=114&SEM=2&CrsDat=GEAI1591&Crsname=國家公園概論,,,False,跨院選修(海),GEAI1591,0,不分班,"國家公園概論
INTRODUCTION TO NATIONAL PARKS",2,期,False,30,3,8,22,塗子萱,"五B,5(海MA 3020)","['', '', '', '', 'B5', '', '']","《講授類》
共同授課業界專家：海洋國家公園管理處徐韶良處長、吳岱穎技士。跨院通識與海科院（學）MRSC119課程併班上課",['探索海洋國家公園微學程'],False
https://selcrs.nsysu.edu.tw/menu5/showoutline.asp?SYEAR=114&SEM=2&CrsDat=GEAI1594&Crsname=環境科學概論,,,False,跨院選修(海),GEAI1594,0,不分班,"環境科學概論
INTRODUCTION TO ENVIRONMENTAL SCIENCE",2,期,False,30,0,4,26,雷漢杰,"四3,4(海MA 3020)","['', '', '', '34', '', '', '']","《講授類》
跨院通識與海科系DO223課程併班上課","['環境科技與管理學程', '環境教育學程', '永續管理微學程', '看見臺灣海岸微學程', '氣候變遷與調適學分學程', '地方創生與永續發展整合學程', '企業社會責任學程', '淨零轉型與永續發展整合學程', '海洋永續發展產業科技微學程']",False
https://selcrs.nsysu.edu.tw/menu5/showoutline.asp?SYEAR=114&SEM=2&CrsDat=GEAI1596&Crsname=海洋生態學,異動,更換主授教師1/27,False,跨院選修(海),GEAI1596,0,不分班,"海洋生態學
MARINE ECOLOGY",2,期,False,10,1,0,10,"劉商隱,林秀瑾","三3,4(海MB 2015)","['', '', '34', '', '', '', '']","《講授類》
跨院通識與海資系MBR316課程併班上課","['海洋生物資源與實務應用微學程', '環境教育學程', '環境科技與管理學程', '生物多樣性學程']",False
https://selcrs.nsysu.edu.tw/menu5/showoutline.asp?SYEAR=114&SEM=2&CrsDat=GEAI1601&Crsname=心理學,,,False,跨院選修(社),GEAI1601,0,不分班,"心理學
INTRODUCTION TO PSYCHOLOGY",3,期,False,80,16,80,0,"鄭雯,馮雅群","一5,6,7(社SS 2001)","['567', '', '', '', '', '', '']","《講授類》
跨院通識與社科院CSS101課程併班上課",['人力資源管理學程'],False
https://selcrs.nsysu.edu.tw/menu5/showoutline.asp?SYEAR=114&SEM=2&CrsDat=GEAI1605&Crsname=經濟學原理（二）,,,False,跨院選修(社),GEAI1605,0,不分班,"經濟學原理（二）
PRINCIPLES OF ECONOMICS(II)",3,期,False,40,4,10,30,吳世傑,"一2,3,4(社SS 3005)","['234', '', '', '', '', '', '']","《講授類》
跨院通識與政經系PE127課程併班上課",['金融工程學程'],False
https://selcrs.nsysu.edu.tw/menu5/showoutline.asp?SYEAR=114&SEM=2&CrsDat=GEAI1614&Crsname=經濟學,,,False,跨院選修(社),GEAI1614,0,不分班,"經濟學
ECONOMICS",3,期,False,30,9,17,13,鄭子長,"五8,6,7(社SS 4001)","['', '', '', '', '678', '', '']","《講授類》
跨院通識與社科院CSS106課程併班上課","['國際素養微學程', '金融工程學程']",False
https://selcrs.nsysu.edu.tw/menu5/showoutline.asp?SYEAR=114&SEM=2&CrsDat=GEAI1616&Crsname=國際關係,,,False,跨院選修(社),GEAI1616,0,不分班,"國際關係
INTERNATIONAL RELATIONS",3,期,False,10,3,9,1,辛翠玲,"三2,3,4(社SS 3005)","['', '', '234', '', '', '', '']","《講授類》
跨院通識與政經系PE208課程併班上課","['日本研究學程', '法國語言、文化與社會學程']",False
https://selcrs.nsysu.edu.tw/menu5/showoutline.asp?SYEAR=114&SEM=2&CrsDat=GEAI1640&Crsname=創意程式設計,,,False,跨院選修(社),GEAI1640,0,不分班,"創意程式設計
CREATIVE PROGRAMMING",3,期,False,20,7,9,11,李春雄,"四2,3,4(圖IL PC03)","['', '', '', '234', '', '', '']","《講授類》
限非應數、電機、機電、資工、材光、光電、資管、海工系學生修習跨院通識與社科院CSS123課程併班上課",[],False
https://selcrs.nsysu.edu.tw/menu5/showoutline.asp?SYEAR=114&SEM=2&CrsDat=GEAI1641&Crsname=程式思維與多媒體開發,,,False,跨院選修(社),GEAI1641,0,不分班,"程式思維與多媒體開發
PROGRAM THINKING AND MEDIA",3,期,False,20,5,2,18,陳俊宏,"三5,6,7(圖IL PC03)","['', '', '567', '', '', '', '']","《講授類》
限非應數、電機、機電、資工、材光、光電、資管、海工系學生修習跨院通識與社科院CSS124課程併班上課",[],False
https://selcrs.nsysu.edu.tw/menu5/showoutline.asp?SYEAR=114&SEM=2&CrsDat=GEAI1652&Crsname=智慧城市與智慧運輸趨勢、發展及課題研析,,,False,跨院選修(社),GEAI1652,0,不分班,"智慧城市與智慧運輸趨勢、發展及課題研析
THE TREND, DEVELOPMENT, AND CHALLENGE OF SMART CITY AND SMART TRANSIT",3,期,False,70,11,70,0,李予綱,"五5,6,7(社SS 3001)","['', '', '', '', '567', '', '']","《演講/參訪》
跨院通識與社科院CSS134課程併班上課","['製造與大數據分析微學程', '數據科學微學程', '都市文化與地景微學程', '環境、社會及公司治理微學程', '公共交通行動服務微學程', '智慧城市與智慧運輸學程', '城市行銷微學程', '都市永續規劃與管理微學程', '運輸管理微學程']",False
https://selcrs.nsysu.edu.tw/menu5/showoutline.asp?SYEAR=114&SEM=2&CrsDat=GEAI1661&Crsname=總體經濟與政策分析,,,False,跨院選修(社),GEAI1661,0,不分班,"總體經濟與政策分析
MACROECONOMICS AND POLICY ANALYSIS",3,期,False,30,3,30,0,陳冠任,"五2,3,4(社SS 4001)","['', '', '', '', '234', '', '']","《講授類》
跨院通識與社科院CSS147課程併班上課",[],False
https://selcrs.nsysu.edu.tw/menu5/showoutline.asp?SYEAR=114&SEM=2&CrsDat=GEAI1665&Crsname=全球政治,,,False,跨院選修(社),GEAI1665,0,不分班,"全球政治
GLOBAL POLITICS",3,期,False,25,4,2,23,方志恒,"二8,6,7(社SS 4001)","['', '678', '', '', '', '', '']","《講授類》
跨院通識與社會系SOC257課程併班上課","['全球研究學分學程', '國際素養微學程', '全球半導體經營管理微學程', '地方發展與永續農業微學程']",True
https://selcrs.nsysu.edu.tw/menu5/showoutline.asp?SYEAR=114&SEM=2&CrsDat=GEAI1667&Crsname=台灣發展歷程,,,False,跨院選修(社),GEAI1667,0,不分班,"台灣發展歷程
TAIWAN’S DEVELOPMENT HISTORY",3,期,False,25,1,0,25,希家玹,"一8,6,7(社SS 4005)","['678', '', '', '', '', '', '']","《講授類》
跨院通識與社科院CSS153課程併班上課",[],False
https://selcrs.nsysu.edu.tw/menu5/showoutline.asp?SYEAR=114&SEM=2&CrsDat=GEAI1680&Crsname=情感教育,,,False,跨院選修(社),GEAI1680,0,不分班,"情感教育
AFFECTIVE EDUCATION",2,期,False,30,1,30,0,"宋呈澔,張宇慧,張至慶,林靜慧,馮雅群","四3,4(社SS 2001)","['', '', '', '34', '', '', '']","《講授類》
跨院通識與社科院CSS163課程併班上課",['社會情緒學習與內在永續發展微學程'],False
https://selcrs.nsysu.edu.tw/menu5/showoutline.asp?SYEAR=114&SEM=2&CrsDat=GEAI1681&Crsname=永續發展與社會創新,,,False,跨院選修(社),GEAI1681,0,不分班,"永續發展與社會創新
SUSTAINABILITY AND SOCIAL INNOVATION",3,期,False,7,0,0,7,"吳亦昕,邱花妹",,"['', '', '567', '', '', '12345678', '12345678']","《講授類》
學期中至日本密集式授課3/11-3/16，限有修課同學選修跨院通識與社會系SOC240課程併班上課","['公民參與微學程', '環境教育學程', '文化產業創新學程', '社會情緒學習與內在永續發展微學程', '永續發展與社會創新微學程']",False
https://selcrs.nsysu.edu.tw/menu5/showoutline.asp?SYEAR=114&SEM=2&CrsDat=GEAI1682&Crsname=原民知識與實作,,,False,跨院選修(社),GEAI1682,0,不分班,"原民知識與實作
INDIGENOUS KNOWLEDGE AND PRACTICE",3,期,False,5,0,0,5,"伊藤佳代,王梅香",,"['123456789CD', '123456789CD', '1234567DEF', '123456789CD', '123456789CD', '', '']","《講授類》
寒假密集式授課2/9-2/13，限有修課同學選修跨院通識與社會系SOC262課程併班上課",[],True
https://selcrs.nsysu.edu.tw/menu5/showoutline.asp?SYEAR=114&SEM=2&CrsDat=GEAI1908&Crsname=基礎生物學,,,False,跨院選修(醫),GEAI1908,0,不分班,"基礎生物學
BASIC CONCEPTS OF BIOLOGY",2,期,False,95,7,39,56,"張玉泉,薛佑玲,鄭光宏","四8,9(通GE 1010)","['', '', '', '89', '', '', '']","《講授類》
跨院通識與醫學院MED101課程併班上課",[],False
https://selcrs.nsysu.edu.tw/menu5/showoutline.asp?SYEAR=114&SEM=2&CrsDat=GEAI1911&Crsname=智慧長照服務創新開發模式,,,False,跨院選修(醫),GEAI1911,0,不分班,"智慧長照服務創新開發模式
DEVELOPMENT MODEL OF SERVICE INNOVATION FOR SMART LONG-TERM CARE",3,期,False,40,13,26,14,莊承鑫,"三5,6,7(醫IL 3017)","['', '', '567', '', '', '', '']","《講授類》
跨院通識與醫學院MED103課程併班上課",['智慧高齡生活微學程'],False
https://selcrs.nsysu.edu.tw/menu5/showoutline.asp?SYEAR=114&SEM=2&CrsDat=GEAI1915&Crsname=醫學史（二）-台灣醫學史,,,False,跨院選修(醫),GEAI1915,0,不分班,"醫學史（二）-台灣醫學史
MEDICAL HISTORY (II) – HISTORY OF MEDICINE IN TAIWAN",2,期,False,20,4,13,7,劉景寬,"四8,7(國IR 4002)","['', '', '', '78', '', '', '']","《講授類》
跨院通識與醫學院MED105課程併班上課",['日本研究學程'],False
https://selcrs.nsysu.edu.tw/menu5/showoutline.asp?SYEAR=114&SEM=2&CrsDat=GEAI1919&Crsname=神經科學應用概論,,,False,跨院選修(醫),GEAI1919,0,不分班,"神經科學應用概論
INTRODUCTION OF NEUROSCIENCE AND APPLICATION",2,期,False,30,8,29,1,柯瓊媛,"一5,6(醫IL 9012)","['56', '', '', '', '', '', '']","《講授類》
跨院通識與醫學院MED128課程併班上課",['基礎醫學數位微學程'],False
https://selcrs.nsysu.edu.tw/menu5/showoutline.asp?SYEAR=114&SEM=2&CrsDat=GEAI1922&Crsname=塑膠星球,,,False,跨院選修(醫),GEAI1922,0,不分班,"塑膠星球
PLASTIC PLANET",3,期,False,40,4,39,1,李昇翰,"一8,9,7(醫IL 9010)","['789', '', '', '', '', '', '']","《講授類》
跨院通識與醫學院MED116課程併班上課",[],False
https://selcrs.nsysu.edu.tw/menu5/showoutline.asp?SYEAR=114&SEM=2&CrsDat=GEAI1927&Crsname=瘟疫與人類歷史,,,False,跨院選修(醫),GEAI1927,0,不分班,"瘟疫與人類歷史
PANDEMICS AND HUMAN HISTORY",2,期,False,35,9,35,0,王文宏,"四5,6(醫IL 9012)","['', '', '', '56', '', '', '']","《講授類》
跨院通識與醫學院MED121課程併班上課",['基礎醫學數位微學程'],False
https://selcrs.nsysu.edu.tw/menu5/showoutline.asp?SYEAR=114&SEM=2&CrsDat=GEAI1930&Crsname=環境毒理學,,,False,跨院選修(醫),GEAI1930,0,不分班,"環境毒理學
ENVIRONMENTAL TOXICOLOGY",2,期,False,40,21,25,15,李昇翰,"四1,2(醫IL 9012)","['', '', '', '12', '', '', '']","《講授類》
跨院通識與醫學院MED117課程併班上課",[],False
https://selcrs.nsysu.edu.tw/menu5/showoutline.asp?SYEAR=114&SEM=2&CrsDat=GEAI1931&Crsname=醫用微生物學概論,,,False,跨院選修(醫),GEAI1931,0,不分班,"醫用微生物學概論
BASIC MEDICAL MICROBIOLOGY",3,期,False,30,5,24,6,陳彥樺,"一8,9,7(醫IL 9012)","['789', '', '', '', '', '', '']","《講授類》
跨院通識與醫學院MED125課程併班上課",['基礎醫學數位微學程'],False
https://selcrs.nsysu.edu.tw/menu5/showoutline.asp?SYEAR=114&SEM=2&CrsDat=GEAI1932&Crsname=人體結構探索–初階人體解剖學,,,False,跨院選修(醫),GEAI1932,0,不分班,"人體結構探索–初階人體解剖學
HUMAN STRUCTURE EXPLORATION-BASIC HUMAN ANATOMY",3,期,False,40,3,40,0,柯翠玲,"三2,3,4(醫IL 9012)","['', '', '234', '', '', '', '']","《講授類》
跨院通識與醫學院MED106課程併班上課",['基礎醫學數位微學程'],False
https://selcrs.nsysu.edu.tw/menu5/showoutline.asp?SYEAR=114&SEM=2&CrsDat=GEAI1934&Crsname=毒理學概論,,,False,跨院選修(醫),GEAI1934,0,不分班,"毒理學概論
THE BASIC PRINCIPLE OFTOXICOLOGY",3,期,False,40,14,40,0,趙敏吾,"三5,6,7(醫IL 9012)","['', '', '567', '', '', '', '']","《講授類》
跨院通識與醫學院MED109課程併班上課",['基礎醫學數位微學程'],False
https://selcrs.nsysu.edu.tw/menu5/showoutline.asp?SYEAR=114&SEM=2&CrsDat=GEAI1938&Crsname=環境與職業衛生：飲食生活工作對健康的影響,,,False,跨院選修(醫),GEAI1938,0,不分班,"環境與職業衛生：飲食生活工作對健康的影響
ENVIRONMENTAL ANDOCCUPATIONAL HEALTH:HEALTH EFFECTS FROM DIET,LIFE AND WORK",3,期,False,40,9,40,0,鄭雅勻,"二8,9,7(醫IL 9012)","['', '789', '', '', '', '', '']","《講授類》
跨院通識與醫學院MED112課程併班上課",[],False
https://selcrs.nsysu.edu.tw/menu5/showoutline.asp?SYEAR=114&SEM=2&CrsDat=GEAI1946&Crsname=基礎外傷急救,,,False,跨院選修(醫),GEAI1946,0,不分班,"基礎外傷急救
BASICS OF TRAUMA CARE",2,期,False,30,1,30,0,唐逸文,"一5,6(醫IL 9010)","['56', '', '', '', '', '', '']","《講授類》
跨院通識與醫學院MED129課程併班上課","['基礎醫學數位微學程', '全民國防微學程']",False
https://selcrs.nsysu.edu.tw/menu5/showoutline.asp?SYEAR=114&SEM=2&CrsDat=GEAI1953&Crsname=生物資訊初探,,,False,跨院選修(醫),GEAI1953,0,不分班,"生物資訊初探
INTRODUCTION TO BIOINFORMATICS",2,期,False,30,6,20,10,陳彥樺,"二3,4(圖IL PC01)","['', '34', '', '', '', '', '']","《講授類》
跨院通識與醫學院MED136課程併班上課",[],False
https://selcrs.nsysu.edu.tw/menu5/showoutline.asp?SYEAR=114&SEM=2&CrsDat=GEAI1957&Crsname=展示我們的健康-醫學與博物館學,,,False,跨院選修(醫),GEAI1957,0,不分班,"展示我們的健康-醫學與博物館學
MEDICINE AND MUSEOLOGY: EXHIBITING THE HEALTH",2,期,False,30,4,30,0,劉勃佑,"二5,6(醫IL 9012)","['', '56', '', '', '', '', '']","《講授類》
跨院通識與醫學院MED140課程併班上課",[],False
https://selcrs.nsysu.edu.tw/menu5/showoutline.asp?SYEAR=114&SEM=2&CrsDat=GEAI1960&Crsname=基礎生物醫學技術與應用,,,False,跨院選修(醫),GEAI1960,0,不分班,"基礎生物醫學技術與應用
BASICS OF BIOMEDICAL TECHNOLOGY AND APPLICATIONS",2,期,False,40,11,6,34,李昇翰,"二8,7(醫IL 9010)","['', '78', '', '', '', '', '']","《講授類》
跨院通識與醫學院MED149課程併班上課",['基礎醫學數位微學程'],False
https://selcrs.nsysu.edu.tw/menu5/showoutline.asp?SYEAR=114&SEM=2&CrsDat=GEAI1962&Crsname=藥物獵人：天然物與藥物化學,,,False,跨院選修(醫),GEAI1962,0,不分班,"藥物獵人：天然物與藥物化學
THE DRUG HUNTER: NATURAL PRODUCTS AND MEDICINAL CHEMISTRY",3,期,False,30,4,29,1,陳亮傑,"三5,6,7(醫IL 9010)","['', '', '567', '', '', '', '']","《講授類》
跨院通識與醫學院MED151課程併班上課",['基礎醫學數位微學程'],False
https://selcrs.nsysu.edu.tw/menu5/showoutline.asp?SYEAR=114&SEM=2&CrsDat=GEAI1964&Crsname=神經心理學：大腦與情緒,,,False,跨院選修(醫),GEAI1964,0,不分班,"神經心理學：大腦與情緒
NEUROPSYCHOLOGY: THE BRAIN AND EMOTIONS",3,期,False,40,14,40,0,楊仁豪,"五8,6,7(國IR 4002)","['', '', '', '', '678', '', '']","《講授類》
跨院通識與醫學院MED153課程併班上課","['基礎醫學數位微學程', '音樂與高齡照護學程', '表達性藝術治療學程']",True
https://selcrs.nsysu.edu.tw/menu5/showoutline.asp?SYEAR=114&SEM=2&CrsDat=GEAI1967&Crsname=深睡的力量：揭開睡眠與健康的面紗,,,False,跨院選修(醫),GEAI1967,0,不分班,"深睡的力量：揭開睡眠與健康的面紗
THE DEEP POWER OF SLEEP: UNDERSTANDING SLEEP AND HEALTH",3,期,False,30,6,30,0,陳嬿今,"三5,6,7(醫IL3013)","['', '', '567', '', '', '', '']","《講授類》
跨院通識與護理系NURS111課程併班上課","['智慧高齡生活微學程', '智慧長照微學程']",False
https://selcrs.nsysu.edu.tw/menu5/showoutline.asp?SYEAR=114&SEM=2&CrsDat=GEAI1973&Crsname=生命的奈米世界：初階細胞生物學,,,False,跨院選修(醫),GEAI1973,0,不分班,"生命的奈米世界：初階細胞生物學
THE NANOWORLD OF LIFE: BASIC CELL BIOLOGY",2,期,False,30,5,30,0,柯瓊媛,"二5,6(醫IL 9010)","['', '56', '', '', '', '', '']","《講授類》
跨院通識與醫學院MED161課程併班上課",['基礎醫學數位微學程'],False
https://selcrs.nsysu.edu.tw/menu5/showoutline.asp?SYEAR=114&SEM=2&CrsDat=GEAI1979&Crsname=中醫暨整合醫學,,,False,跨院選修(醫),GEAI1979,0,不分班,"中醫暨整合醫學
CHINESE AND INTEGRATIVE MEDICINE",2,期,False,30,3,30,0,"張嘉祐,謝孟倉,陳貞吟","四3,4(醫IL 9012)","['', '', '', '34', '', '', '']","《講授類》
跨院通識與醫學院MED168課程併班上課",[],False
https://selcrs.nsysu.edu.tw/menu5/showoutline.asp?SYEAR=114&SEM=2&CrsDat=GEAI1980&Crsname=多元健康管理,,,False,跨院選修(醫),GEAI1980,0,不分班,"多元健康管理
MULTIDIMENSIONAL HEALTH MANAGEMENT",2,期,False,25,8,16,9,郭素娥,"四8,7(醫IL3013)","['', '', '', '78', '', '', '']","《講授類》
跨院通識與護理系NURS114課程併班上課",['智慧高齡生活微學程'],True
https://selcrs.nsysu.edu.tw/menu5/showoutline.asp?SYEAR=114&SEM=2&CrsDat=GEAI1981&Crsname=家庭與健康,異動,變更授課方式1/15,False,跨院選修(醫),GEAI1981,0,不分班,"家庭與健康
FAMILIES AND HEALTH",2,期,False,25,7,14,11,王美卿,"四3,4(醫IL 3013)","['', '', '', '34', '', '', '']","《講授類》
跨院通識與護理系NURS115課程併班上課",[],False
https://selcrs.nsysu.edu.tw/menu5/showoutline.asp?SYEAR=114&SEM=2&CrsDat=GEAI1982&Crsname=氣候變遷下的健康生活學,,,False,跨院選修(醫),GEAI1982,0,不分班,"氣候變遷下的健康生活學
LIVING WELL IN A CHANGING CLIMATE",3,期,False,25,6,13,12,葉俊吟,"二5,6,7(醫IL3005)","['', '567', '', '', '', '', '']","《講授類》
跨院通識與護理系NURS116課程併班上課",['智慧高齡生活微學程'],True
https://selcrs.nsysu.edu.tw/menu5/showoutline.asp?SYEAR=114&SEM=2&CrsDat=GEAIE705&Crsname=科技英文閱讀（中高級）,,,False,跨院EAP,GEAIE705,0,不分班,"科技英文閱讀（中高級）
ENGLISH READING FOR SCIENCE AND TECHNOLOGY（HIGH-INTERMEDIATE LEVEL）",3,期,False,50,8,19,31,陳美淑,"二2,3,4(社SS 3006)","['', '234', '', '', '', '', '']","《講授類》
限非外文系。建議英文程度『中高級』以上程度學生修習選課。","['實用英語跨域學程', '全英語通識教育菁英學程']",True
https://selcrs.nsysu.edu.tw/menu5/showoutline.asp?SYEAR=114&SEM=2&CrsDat=GEAIE706&Crsname=極限閱讀：挑戰想像力與創造力（中高級）,異動,更教室1/29,False,跨院EAP,GEAIE706,0,不分班,"極限閱讀：挑戰想像力與創造力（中高級）
EXTREME READING: CHALLENGES OF IMAGINATION AND CREATIVITY（HIGH-INTERMEDIATE LEVEL）",3,期,False,50,3,43,7,陳瑞華,"五5,6,7(海ME 3004)","['', '', '', '', '567', '', '']","《講授類》
建議英文程度『中高級』以上程度學生修習選課。",['實用英語跨域學程'],True
https://selcrs.nsysu.edu.tw/menu5/showoutline.asp?SYEAR=114&SEM=2&CrsDat=GEAIE708&Crsname=英文閱讀與寫作（中高級）,異動,調整名額1/20,False,跨院EAP,GEAIE708,0,不分班,"英文閱讀與寫作（中高級）
ENGLISH READING AND WRITING  (HIGH-INTERMEDIATE LEVEL)",3,期,False,35,1,10,25,陳美淑,"三2,3,4(圖IL PC03)","['', '', '234', '', '', '', '']","《講授類》
限非外文系。建議英文程度『中高級』以上程度學生修習選課。",['實用英語跨域學程'],True
https://selcrs.nsysu.edu.tw/menu5/showoutline.asp?SYEAR=114&SEM=2&CrsDat=GEAIE805&Crsname=多模式識字和作文（高級）,,,False,跨院EAP,GEAIE805,0,不分班,"多模式識字和作文（高級）
MULTIMODAL LITERACY & COMPOSITION FOR ADVANCED LEVEL STUDENTS（ADVANCED LEVEL）",3,期,False,35,0,7,28,戴藤懋,"四2,3,4(海ME 2007)","['', '', '', '234', '', '', '']","《講授類》
限非外文系。建議英文程度『高級』以上程度學生修習選課。",[],True
https://selcrs.nsysu.edu.tw/menu5/showoutline.asp?SYEAR=114&SEM=2&CrsDat=GEAP204&Crsname=英文溝通技巧與批判性思維 （中高級）,,,False,跨院EAP,GEAP204,0,不分班,"英文溝通技巧與批判性思維 （中高級）
ENGLISH COMMUNICATION SKILLS AND CRITICAL THINKING (HIGH-INTERMEDIATE LEVEL)",3,期,False,50,5,11,39,曾千紋,"五2,3,4(管CM 2025)","['', '', '', '', '234', '', '']","《講授類》
限非外文系。建議英文程度『中高級』以上程度學生修習選課。",['全英語通識教育菁英學程'],True
https://selcrs.nsysu.edu.tw/menu5/showoutline.asp?SYEAR=114&SEM=2&CrsDat=GEAP207&Crsname=英文寫作：資料視覺化與描述 （中高級）,異動,更換時間及名額1/20,False,跨院EAP,GEAP207,0,不分班,"英文寫作：資料視覺化與描述 （中高級）
ENGLISH WRITING: DATA VISUALIZATION AND DESCRIPTION (HIGH-INTERMEDIATE LEVEL)",3,期,False,35,7,22,13,陳瑞華,"二5,6,7(通GE 3013)","['', '567', '', '', '', '', '']","《講授類》
限非外文系。建議英文程度『中高級』以上程度學生修習選課。",[],True
https://selcrs.nsysu.edu.tw/menu5/showoutline.asp?SYEAR=114&SEM=2&CrsDat=GEAP401&Crsname=草稿到傑作:AI精煉英語寫作技巧（高級）,,,False,跨院EAP,GEAP401,0,不分班,"草稿到傑作:AI精煉英語寫作技巧（高級）
FROM DRAFT TO MASTERPIECE: REFINING ENGLISH WRITING WITH AI (ADVANCED LEVEL)",3,期,False,35,2,35,0,李佳容,"二2,3,4(文LA 1002)","['', '234', '', '', '', '', '']","《講授類》
限非外文系。建議英文程度『高級』以上程度學生修習選課。",[],True
https://selcrs.nsysu.edu.tw/menu5/showoutline.asp?SYEAR=114&SEM=2&CrsDat=GESP298&Crsname=成功的英文寫作（中高級）,,,False,跨院EAP,GESP298,0,不分班,"成功的英文寫作（中高級）
WRITING FOR SUCCESS IN ENGLISH (HIGH-INTERMEDIATE LEVEL)",3,期,False,35,2,5,30,戴藤懋,"五2,3,4(海ME 3004)","['', '', '', '', '234', '', '']","《講授類》
限非外文系。建議英文程度『中高級』以上程度學生修習選課。","['實用英語跨域學程', '全英語通識教育菁英學程']",True
https://selcrs.nsysu.edu.tw/menu5/showoutline.asp?SYEAR=114&SEM=2&CrsDat=GEAIE709&Crsname=運輸交通工具英文（中高級）,,,False,跨院ESP,GEAIE709,0,不分班,"運輸交通工具英文（中高級）
ENGLISH FOR TRANSPORT (HIGH-INTERMEDIATE LEVEL)",3,期,False,50,13,48,2,莊家雄,"五2,3,4(海ME 3006)","['', '', '', '', '234', '', '']","《講授類》
限非外文系。建議英文程度『中高級』以上程度學生修習選課。",['實用英語跨域學程'],True
https://selcrs.nsysu.edu.tw/menu5/showoutline.asp?SYEAR=114&SEM=2&CrsDat=GEAIE710&Crsname=透過電影學英文（中高級）,異動,更正教室1/7,False,跨院ESP,GEAIE710,0,不分班,"透過電影學英文（中高級）
LEARNING ENGLISH THROUGH MOVIES (HIGH-INTERMEDIATE LEVEL)",3,期,False,50,3,12,38,白士禮,"三5,6,7(文LA 1002)","['', '', '567', '', '', '', '']","《講授類》
限非外文系。建議英文程度『中高級』以上程度學生修習選課。",['實用英語跨域學程'],True
https://selcrs.nsysu.edu.tw/menu5/showoutline.asp?SYEAR=114&SEM=2&CrsDat=GEAP206&Crsname=科技英文聽講練習（中高級）,異動,確認教室1/20,False,跨院ESP,GEAP206,0,不分班,"科技英文聽講練習（中高級）
ENGLISH LISTENING AND SPEAKING FOR SCIENCE AND TECHNOLOGY (HIGH-INTERMEDIATE LEVEL)",3,期,False,50,11,31,19,曾彩楣,"五5,6,7(管CM 1019)","['', '', '', '', '567', '', '']","《講授類》
限非外文系。建議英文程度『中高級』以上程度學生修習選課。",['全英語通識教育菁英學程'],True
https://selcrs.nsysu.edu.tw/menu5/showoutline.asp?SYEAR=114&SEM=2&CrsDat=GESP001&Crsname=歐美音樂劇賞析學英語（中級）,,,False,跨院ESP,GESP001,0,不分班,"歐美音樂劇賞析學英語（中級）
ENGLISH FOR MUSICAL THEATRE (INTERMEDIATE LEVEL)",3,期,False,50,6,20,30,王品惠,"一2,3,4(通GE 4016)","['234', '', '', '', '', '', '']","《講授類》
限非外文系。建議英文程度『中級』以上程度學生修習選課。",[],True
https://selcrs.nsysu.edu.tw/menu5/showoutline.asp?SYEAR=114&SEM=2&CrsDat=GESP201&Crsname=國際會展英語（中高級）,,,False,跨院ESP,GESP201,0,不分班,"國際會展英語（中高級）
INTERNATIONAL ENGLISH FOR MICE:MEETING, INCENTIVES, CONVENTIONS, EXHIBITIONS(HIGH-INTERMEDIATE LEVEL",3,期,False,50,3,50,0,傅安德,"四3,4,B(西SW 1007)","['', '', '', '34B', '', '', '']","《講授類》
限非外文系。建議英文程度『中高級』以上程度學生修習選課。","['實用英語跨域學程', '全英語通識教育菁英學程']",True
https://selcrs.nsysu.edu.tw/menu5/showoutline.asp?SYEAR=114&SEM=2&CrsDat=GESP205&Crsname=商業英語溝通 （中高級）,,,False,跨院ESP,GESP205,0,不分班,"商業英語溝通 （中高級）
ENGLISH FOR BUSINESS COMMUNICATION  (HIGH-INTERMEDIATE LEVEL)",3,期,False,50,2,11,39,劉季貞,"五5,6,7(管CM 2025)","['', '', '', '', '567', '', '']","《講授類》
限非外文系。建議英文程度『中高級』以上程度學生修習選課。",[],True
https://selcrs.nsysu.edu.tw/menu5/showoutline.asp?SYEAR=114&SEM=2&CrsDat=GESP207&Crsname=實用醫療英語 （中高級）,,,False,跨院ESP,GESP207,0,不分班,"實用醫療英語 （中高級）
PRACTICAL ENGLISH FOR HEALTH (HIGH-INTERMEDIATE LEVEL)",3,期,False,50,17,50,0,傅安德,"二2,3,4(管CM 1032)","['', '234', '', '', '', '', '']","《講授類》
限非外文系。建議英文程度『中高級』以上程度學生修習選課。",[],True
https://selcrs.nsysu.edu.tw/menu5/showoutline.asp?SYEAR=114&SEM=2&CrsDat=GESP211&Crsname=工程英文 （中高級）,,,False,跨院ESP,GESP211,0,不分班,"工程英文 （中高級）
ENGLISH FOR ENGINEERING (HIGH-INTERMEDIATE LEVEL)",3,期,False,50,1,20,30,莊家雄,"三2,3,4(海ME 3006)","['', '', '234', '', '', '', '']","《講授類》
限非外文系。建議英文程度『中高級』以上程度學生修習選課。",[],True
https://selcrs.nsysu.edu.tw/menu5/showoutline.asp?SYEAR=114&SEM=2&CrsDat=GESP405&Crsname=進階英文閱讀：英美詩歌賞析 （高級）,,,False,跨院ESP,GESP405,0,不分班,"進階英文閱讀：英美詩歌賞析 （高級）
ADVANCED ENGLISH READING: APPRECIATION OF ENGLISH AND AMERICAN POETRY (ADVANCED LEVEL)",3,期,False,50,8,36,14,盧莉茹,"三2,3,4(文LA 2001)","['', '', '234', '', '', '', '']","《講授類》
限非外文系。建議英文程度『高級』以上程度學生修習選課。",['法國語言、文化與社會學程'],True
https://selcrs.nsysu.edu.tw/menu5/showoutline.asp?SYEAR=114&SEM=2&CrsDat=GESP406&Crsname=海外工作與學習之英語與文化（高級）,,,False,跨院ESP,GESP406,0,不分班,"海外工作與學習之英語與文化（高級）
ENGLISHES AND CULTURES FOR OVERSEAS STUDIES AND WORK(ADVANCED LEVEL)",3,期,False,50,10,50,0,施智閔,"四5,6,7(文LA 1004)","['', '', '', '567', '', '', '']","《講授類》
限非外文系。建議英文程度『高級』以上程度學生修習選課。",['全英語通識教育菁英學程'],True
https://selcrs.nsysu.edu.tw/menu5/showoutline.asp?SYEAR=114&SEM=2&CrsDat=GESP408&Crsname=國際商務領導英語（高級）,,,False,跨院ESP,GESP408,0,不分班,"國際商務領導英語（高級）
ENGLISH FOR INTERNATIONAL BUSINESS LEADERSHIP (ADVANCED LEVEL)",3,期,False,50,29,50,0,傅安德,"二5,6,7(醫IL 3017)","['', '567', '', '', '', '', '']","《講授類》
限非外文系。建議英文程度『高級』以上程度學生修習選課。",[],True
https://selcrs.nsysu.edu.tw/menu5/showoutline.asp?SYEAR=114&SEM=2&CrsDat=GESP409&Crsname=醫學學術英文表達（高級）,異動,確認教室1/29,False,跨院ESP,GESP409,0,不分班,"醫學學術英文表達（高級）
MEDICAL ACADEMIC ORAL PRESENTATION (ADVANCED LEVEL)",3,期,False,50,15,49,1,傅安德,"三2,3,4(醫IL 3017)","['', '', '234', '', '', '', '']","《講授類》
限非外文系。建議英文程度『高級』以上程度學生修習選課。",[],True
https://selcrs.nsysu.edu.tw/menu5/showoutline.asp?SYEAR=114&SEM=2&CrsDat=GESP410&Crsname=英文短篇小說（高級）,,,False,跨院ESP,GESP410,0,不分班,"英文短篇小說（高級）
ENGLISH SHORT STORIES (ADVANCED LEVEL)",3,期,False,50,14,24,26,賴淑芳,"四5,6,7(文LA 7001)","['', '', '', '567', '', '', '']","《講授類》
限非外文系。建議英文程度『高級』以上程度學生修習選課。",[],True
https://selcrs.nsysu.edu.tw/menu5/showoutline.asp?SYEAR=114&SEM=2&CrsDat=GESL351&Crsname=服務學習：兒童照顧與個人成長,,,False,服務學習,GESL351,0,不分班,"服務學習：兒童照顧與個人成長
SERVICE LEARNING: VOLUNTEER SERVICES",1,期,True,30,2,30,0,"林梅芳,林裕䕒","二3,4(通GE 3013)","['', '34', '', '', '', '', '']",《服務學習類》,[],False
https://selcrs.nsysu.edu.tw/menu5/showoutline.asp?SYEAR=114&SEM=2&CrsDat=GESL354&Crsname=服務學習：臺灣獼猴生態宣導,,,False,服務學習,GESL354,0,不分班,"服務學習：臺灣獼猴生態宣導
SERVICE LEARNING: VOLUNTEER SERVICES",1,期,True,30,4,30,0,徐芝敏,"四6,7(通GE 3011)","['', '', '', '67', '', '', '']",《服務學習類》,"['臺灣研究學程', '生物多樣性學程']",False
https://selcrs.nsysu.edu.tw/menu5/showoutline.asp?SYEAR=114&SEM=2&CrsDat=GESL356&Crsname=服務學習：弱勢兒少視訊教學服務,,,False,服務學習,GESL356,0,不分班,"服務學習：弱勢兒少視訊教學服務
SERVICE LEARNING: VOLUNTEER SERVICE",1,期,True,30,1,30,0,葉博弘,"二C,D(通GE 1008)","['', 'CD', '', '', '', '', '']","《服務學習類》
異常處理階段高年級學生優先。",['環境教育學程'],False
https://selcrs.nsysu.edu.tw/menu5/showoutline.asp?SYEAR=114&SEM=2&CrsDat=GESL373&Crsname=服務學習：自主性計畫服務學習,,,False,服務學習,GESL373,0,不分班,"服務學習：自主性計畫服務學習
SERVICE LEARNING :AUTONOMY PROGRAM OF SERVICE LEARNING",1,期,True,30,0,13,17,王以亮,"一C,D(通GE 3013)","['CD', '', '', '', '', '', '']","《服務學習類》
限大三以上修習",[],False
https://selcrs.nsysu.edu.tw/menu5/showoutline.asp?SYEAR=114&SEM=2&CrsDat=GESL374&Crsname=服務學習：學生自治與社團服務實踐,,,False,服務學習,GESL374,0,不分班,"服務學習：學生自治與社團服務實踐
SERVICE LEARNING : PRACTICE OF STUDENTS' SELF-GOVERNANCE, CLUB ACTIVITY AND SERVICE LEARNING",1,期,True,30,5,21,9,楊靜利,"四5,6(社SS 1003)","['', '', '', '56', '', '', '']","《服務學習類》
修課同學限學生自治組織與社團（含運動代表隊）之幹部（含校級各委員會議之學生代表）。「服務學習實作」採積點認證制，若本學期結束前累積足夠點數，得不參與五月之服務實作（暫定為「中山永續月」協力）。點數累積辦法詳參閱「國立中山大學學生參與學生社團、自治組織服務學習課程實施要點」",[],False
https://selcrs.nsysu.edu.tw/menu5/showoutline.asp?SYEAR=114&SEM=2&CrsDat=GESL376&Crsname=服務學習：文化設計與社區實作,,,False,服務學習,GESL376,0,不分班,"服務學習：文化設計與社區實作
SERVICE LEARNING : CULTURE DESIGN AND COMMUNITY PRACTICE",1,期,True,40,3,13,27,楊士奇,"二8,9(西SW 1007)","['', '89', '', '', '', '', '']",《服務學習類》,"['環境教育學程', '地方敘事與文化設計微學程', '地方敘事與創生學程', '臺灣研究學程']",False
https://selcrs.nsysu.edu.tw/menu5/showoutline.asp?SYEAR=114&SEM=2&CrsDat=GESL379&Crsname=服務學習：築夢計畫,,,False,服務學習,GESL379,0,不分班,"服務學習：築夢計畫
SERVICE LEARNING：PROJECT OF DREAM-BUILDING",1,期,True,40,0,40,0,古錦松,"一8,9(西SW 1007)","['89', '', '', '', '', '', '']",《服務學習類》,[],False
https://selcrs.nsysu.edu.tw/menu5/showoutline.asp?SYEAR=114&SEM=2&CrsDat=GESL385&Crsname=服務學習：長照政策與高齡化社會,,,False,服務學習,GESL385,0,不分班,"服務學習：長照政策與高齡化社會
SERVICE LEARNING: LONG-TERM CARE POLICY AND AGING POPULATION SOCIETY",1,期,True,30,0,30,0,林玉華,"一3,4(管CM 3022)","['34', '', '', '', '', '', '']",《服務學習類》,[],False
https://selcrs.nsysu.edu.tw/menu5/showoutline.asp?SYEAR=114&SEM=2&CrsDat=GESL392&Crsname=服務學習：新住民學童培力服務,,,False,服務學習,GESL392,0,不分班,"服務學習：新住民學童培力服務
SERVICE LEARNING：ABILITY DEVELOPMENT FOR CHILDREN OF NEW IMMIGRANTS",1,期,True,30,2,15,15,古錦松,"一6,7(西SW 1004)","['67', '', '', '', '', '', '']",《服務學習類》,['環境教育學程'],False
https://selcrs.nsysu.edu.tw/menu5/showoutline.asp?SYEAR=114&SEM=2&CrsDat=GESL393&Crsname=服務學習：動物保護、收容與送養服務,,,False,服務學習,GESL393,0,不分班,"服務學習：動物保護、收容與送養服務
SERVICE LEARNING: ANIMAL PROTECTION, SHELTERING AND ADOPTION",1,期,True,40,1,36,4,彭渰雯,"一6,7(西SW 1007)","['67', '', '', '', '', '', '']",《服務學習類》,[],False
https://selcrs.nsysu.edu.tw/menu5/showoutline.asp?SYEAR=114&SEM=2&CrsDat=GESL397&Crsname=服務學習：國際學生服務志工,異動,更換時間1/27,False,服務學習,GESL397,0,不分班,"服務學習：國際學生服務志工
SERVICE LEARNING: SERVICES FOR INTERNATIONAL STUDENTS IN NSYSU",1,期,True,40,2,39,1,唐文慧,"一8,9(通GE 2006)","['89', '', '', '', '', '', '']",《服務學習類》,[],False
https://selcrs.nsysu.edu.tw/menu5/showoutline.asp?SYEAR=114&SEM=2&CrsDat=GESL415&Crsname=服務學習：弱勢孩童的標靶教學,,,False,服務學習,GESL415,0,不分班,"服務學習：弱勢孩童的標靶教學
SERVICE LEARNING: TARGET LEARNING FOR DISADVANTAGED STUDENTS",1,期,True,45,3,41,4,郭瑞坤,"四8,9(管CM 4112)","['', '', '', '89', '', '', '']","《服務學習類》
1.第一週務必參與了解課程規劃。 2.職前講習訓練修課同學一律要求參加，若不克前來請勿選修或請退選本課程。",[],False
https://selcrs.nsysu.edu.tw/menu5/showoutline.asp?SYEAR=114&SEM=2&CrsDat=GESL418&Crsname=服務學習：校園科普展演,,,False,服務學習,GESL418,0,不分班,"服務學習：校園科普展演
SERVICE LEARNING: GENERAL SCIENCE DEMONSTRATION IN CAMPUS",1,期,True,50,3,50,0,黃旭明,"六3,4(理PH 1008)","['', '', '', '', '', '34', '']",《服務學習類》,[],False
https://selcrs.nsysu.edu.tw/menu5/showoutline.asp?SYEAR=114&SEM=2&CrsDat=GESL421&Crsname=服務學習：日本地方創生實務,異動,修正備註內容1/9,False,服務學習,GESL421,0,不分班,"服務學習：日本地方創生實務
SERVICE LEARNING: PRACTICAL STUDIES IN REGIONAL REVITALIZATION IN JAPAN",1,期,True,20,0,0,20,吳亦昕,"五8,7(通GE 3013)","['', '', '', '', '78', '', '']","《服務學習類》
1.須參加2月25日(三)16:10說明會(詳細資訊預計115年2月上旬於西灣學院網頁公告)，說明會後須於期限內繳交家長同意書等資料後才符合篩選基本資格，篩選上同學應於異常處理期間辦理選課。 2. 多個場域（暫定北海道名寄市、富山縣氷見市等），各場域會有不同的任務、出隊日期和費用。每一場域至多五名學生前往，學生須擇一完成事前調查與線上課程後，在指定期間（暑假期間）自行前往場域實作學習。完成課程回國繳交出國報告後，有機會獲得最多一萬台幣補助。 3. 115年6月畢業者不建議選修。",['台日跨文化微學程'],False
https://selcrs.nsysu.edu.tw/menu5/showoutline.asp?SYEAR=114&SEM=2&CrsDat=GESL422&Crsname=服務學習：人本交通環境促進,,,False,服務學習,GESL422,0,不分班,"服務學習：人本交通環境促進
SERVICE LEARNING: ADVANCING HUMAN-CENTERED TRANSPORTATION ENVIRONMENT",1,期,True,40,2,40,0,彭渰雯,"一3,4(西SW 1007)","['34', '', '', '', '', '', '']",《服務學習類》,['環境教育學程'],False
https://selcrs.nsysu.edu.tw/menu5/showoutline.asp?SYEAR=114&SEM=2&CrsDat=GESL423&Crsname=服務學習：公民參與及議會監督,,,False,服務學習,GESL423,0,不分班,"服務學習：公民參與及議會監督
SERVICE LEARNING: CIVIC ENGAGEMENT & CITY COUNCIL WATCH",1,期,True,30,1,2,28,任懷鳴,"四8,7(通GE 3013)","['', '', '', '78', '', '', '']",《服務學習類》,[],False
https://selcrs.nsysu.edu.tw/menu5/showoutline.asp?SYEAR=114&SEM=2&CrsDat=GESL425&Crsname=服務學習：推動高中民防實作教育,,,False,服務學習,GESL425,0,不分班,"服務學習：推動高中民防實作教育
SERVICE LEARNING: PROMOTING CIVIL DEFENSE EDUCATION IN HIGH SCHOOLS",1,期,True,40,2,19,21,佘健源,"五6,7(西SW 1005)","['', '', '', '', '67', '', '']",《服務學習類》,['全民國防微學程'],False
https://selcrs.nsysu.edu.tw/menu5/showoutline.asp?SYEAR=114&SEM=2&CrsDat=GESL426&Crsname=服務學習：弱勢兒童課輔,,,False,服務學習,GESL426,0,不分班,"服務學習：弱勢兒童課輔
SERVICE LEARNING: TUTORING FOR SOCIOECONOMICALLY DISADVANTAGED STUDENTS",1,期,True,40,1,38,2,吳亦昕,"一9,C(通GE 3011)","['9C', '', '', '', '', '', '']","《服務學習類》
服務時間須滿28小時，服務時間跟地點請詳閱課綱",[],False
https://selcrs.nsysu.edu.tw/menu5/showoutline.asp?SYEAR=114&SEM=2&CrsDat=GESL426A&Crsname=服務學習：弱勢兒童課輔,,,False,服務學習,GESL426A,0,不分班,"服務學習：弱勢兒童課輔
SERVICE LEARNING: TUTORING FOR SOCIOECONOMICALLY DISADVANTAGED STUDENTS",1,期,True,40,3,35,5,王以亮,"二C,D(通GE 3011)","['', 'CD', '', '', '', '', '']","《服務學習類》
服務時間須滿28小時，服務時間跟地點請詳閱課綱",[],False
https://selcrs.nsysu.edu.tw/menu5/showoutline.asp?SYEAR=114&SEM=2&CrsDat=GESL427&Crsname=服務學習：以霧台為基地實踐跨文化健康照顧,異動,更換部份教室1/27,False,服務學習,GESL427,0,不分班,"服務學習：以霧台為基地實踐跨文化健康照顧
SERVICE LEARNING: IMPLEMENTING CROSS-CULTURAL HEALTH CARE PRACTICES IN WUTAI",1,期,True,50,0,3,47,"李宛儒,陳嬿今",,"['234567', '234567', '1234B567', '1234B56789', '', '', '']","《服務學習類》
短期密集授課，限護理學系學生修習",[],False
https://selcrs.nsysu.edu.tw/menu5/showoutline.asp?SYEAR=114&SEM=2&CrsDat=CL104&Crsname=國學導讀（二）,,,False,中文系,CL104,1,不分班,"國學導讀（二）
INTRODUCTION TO CHINESE CLASSICAL STUDIES(II)",2,期,True,50,1,42,8,黃羽璿,"三3,4(文LA 4005)","['', '', '34', '', '', '', '']",《講授類》,[],False
https://selcrs.nsysu.edu.tw/menu5/showoutline.asp?SYEAR=114&SEM=2&CrsDat=CL106&Crsname=文學概論（二）,,,False,中文系,CL106,1,不分班,"文學概論（二）
INTRODUCTION TO LITERATURE(II)",2,期,True,50,0,42,8,莫加南,"四3,4(文LA 4005)","['', '', '', '34', '', '', '']",《講授類》,[],False
https://selcrs.nsysu.edu.tw/menu5/showoutline.asp?SYEAR=114&SEM=2&CrsDat=CL121&Crsname=現代詩選與寫作,異動,確認教師1/14,False,中文系,CL121,1,不分班,"現代詩選與寫作
MODERN POETRY:READINGS AND COMPOSITION",3,期,False,50,0,0,50,涂書瑋,"一5,6,7(文LA 4001)","['567', '', '', '', '', '', '']",《講授類》,['中文創意跨域應用整合學程'],False
https://selcrs.nsysu.edu.tw/menu5/showoutline.asp?SYEAR=114&SEM=2&CrsDat=CL123&Crsname=影像與文學,,,False,中文系,CL123,2,不分班,"影像與文學
FILMS PRODUCTION AND LITERATURE",3,期,False,25,7,0,25,楊濟襄,"一5,6,7(文LA 2004)","['567', '', '', '', '', '', '']",《講授類》,[],False
https://selcrs.nsysu.edu.tw/menu5/showoutline.asp?SYEAR=114&SEM=2&CrsDat=CL133&Crsname=現代散文選與寫作,異動,確認教師1/14,False,中文系,CL133,1,不分班,"現代散文選與寫作
READINGS OF MODERN ESSAYS AND WRITING",3,期,False,50,11,0,50,涂書瑋,"五2,3,4(文LA 4001)","['', '', '', '', '234', '', '']",《講授類》,['中文創意跨域應用整合學程'],False
https://selcrs.nsysu.edu.tw/menu5/showoutline.asp?SYEAR=114&SEM=2&CrsDat=CL143&Crsname=歐蘇文,,,False,中文系,CL143,3,不分班,"歐蘇文
OUYANG XIU'S AND SU SHIH'S PROSE",3,期,False,30,4,0,30,鍾志偉,"四5,6,7(文LA 4003)","['', '', '', '567', '', '', '']",《講授類》,['中文創意跨域應用整合學程'],False
https://selcrs.nsysu.edu.tw/menu5/showoutline.asp?SYEAR=114&SEM=2&CrsDat=CL149&Crsname=語言學概論,,,False,中文系,CL149,1,不分班,"語言學概論
LINGUISTICS",2,期,True,50,0,41,9,蘇凰蘭,"三6,7(文LA 4005)","['', '', '67', '', '', '', '']",《講授類》,['中文創意跨域應用整合學程'],False
https://selcrs.nsysu.edu.tw/menu5/showoutline.asp?SYEAR=114&SEM=2&CrsDat=CL170&Crsname=中國五四時期的文本文化,,,False,中文系,CL170,4,不分班,"中國五四時期的文本文化
TEXTUAL CULTURES OF THE MAY FOURTH ERA",3,期,False,50,3,0,50,莫加南,"四8,6,7(文LA 4004)","['', '', '', '678', '', '', '']",《講授類》,['國際漢學微學程'],False
https://selcrs.nsysu.edu.tw/menu5/showoutline.asp?SYEAR=114&SEM=2&CrsDat=CL171&Crsname=陶淵明詩文選讀,,,False,中文系,CL171,4,不分班,"陶淵明詩文選讀
READING IN TAO YUAN-MING'S POEMS AND PROSE",3,期,False,35,2,0,35,陳秋宏,"三2,3,4(文LA 4004)","['', '', '234', '', '', '', '']",《講授類》,['中文創意跨域應用整合學程'],False
https://selcrs.nsysu.edu.tw/menu5/showoutline.asp?SYEAR=114&SEM=2&CrsDat=CL189&Crsname=中外文學經典選讀（二）,,,False,中文系,CL189,4,不分班,"中外文學經典選讀（二）
SELECTIONS OF  CHINESE AND FOREIGN LITERATURE CLASSICS （II）",3,期,False,50,5,0,50,黃資婷,"五5,6,7(文LA 4004)","['', '', '', '', '567', '', '']",《講授類》,['中文創意跨域應用整合學程'],False
https://selcrs.nsysu.edu.tw/menu5/showoutline.asp?SYEAR=114&SEM=2&CrsDat=CL202&Crsname=中國文學史（二）,,,False,中文系,CL202,2,不分班,"中國文學史（二）
HISTORY OF CHINESE LITERATURE(II)",3,期,True,50,6,40,10,羅景文,"四2,3,4(文LA 2004)","['', '', '', '234', '', '', '']",《講授類》,['中文創意跨域應用整合學程'],False
https://selcrs.nsysu.edu.tw/menu5/showoutline.asp?SYEAR=114&SEM=2&CrsDat=CL206&Crsname=詩選及習作（二）,,,True,中文系,CL206,2,不分班,"詩選及習作（二）
READING IN CHINESE CLASSICAL POETRY SHIH(II)",3,期,True,30,2,0,30,陳秋宏,"三5,6,7(文LA 4002)","['', '', '567', '', '', '', '']",《講授類》,['中文創意跨域應用整合學程'],False
https://selcrs.nsysu.edu.tw/menu5/showoutline.asp?SYEAR=114&SEM=2&CrsDat=CL206A&Crsname=詩選及習作（二）,,,True,中文系,CL206A,2,不分班,"詩選及習作（二）
READING IN CHINESE CLASSICAL POETRY SHIH(II)",3,期,True,30,13,0,30,林孜曄,"四5,6,7(文LA 4002)","['', '', '', '567', '', '', '']",《講授類》,['中文創意跨域應用整合學程'],False
https://selcrs.nsysu.edu.tw/menu5/showoutline.asp?SYEAR=114&SEM=2&CrsDat=CL208&Crsname=歷代文選及習作（二）,,,True,中文系,CL208,2,不分班,"歷代文選及習作（二）
READING IN CHINESE CLASSICAL PROSE(II)",3,期,True,30,5,0,30,鍾志偉,"一5,6,7(文LA 4002)","['567', '', '', '', '', '', '']",《講授類》,['中文創意跨域應用整合學程'],False
https://selcrs.nsysu.edu.tw/menu5/showoutline.asp?SYEAR=114&SEM=2&CrsDat=CL208A&Crsname=歷代文選及習作（二）,,,True,中文系,CL208A,2,不分班,"歷代文選及習作（二）
READING IN CHINESE CLASSICAL PROSE(II)",3,期,True,30,7,0,30,吳孟謙,"二5,6,7(文LA 4002)","['', '567', '', '', '', '', '']",《講授類》,['中文創意跨域應用整合學程'],False
https://selcrs.nsysu.edu.tw/menu5/showoutline.asp?SYEAR=114&SEM=2&CrsDat=CL241&Crsname=傳習錄,,,False,中文系,CL241,3,不分班,"傳習錄
CHUANXI LU",3,期,False,35,3,0,35,吳孟謙,"三5,6,7(文LA 4003)","['', '', '567', '', '', '', '']",《講授類》,[],False
https://selcrs.nsysu.edu.tw/menu5/showoutline.asp?SYEAR=114&SEM=2&CrsDat=CL250&Crsname=文字學,異動,確認教師1/12,False,中文系,CL250,2,不分班,"文字學
CHINESE PALEOGRAPHY",3,期,True,50,5,39,11,歐瑞安,"三2,3,4(文LA 4002)","['', '', '234', '', '', '', '']",《講授類》,['中文創意跨域應用整合學程'],False
https://selcrs.nsysu.edu.tw/menu5/showoutline.asp?SYEAR=114&SEM=2&CrsDat=CL267&Crsname=經學概論（二）,,,False,中文系,CL267,1,不分班,"經學概論（二）
INTRODUCTION TO THE CLASSICS (II)",3,期,False,50,1,0,50,黃羽璿,"二8,6,7(文LA 4001)","['', '678', '', '', '', '', '']",《講授類》,[],False
https://selcrs.nsysu.edu.tw/menu5/showoutline.asp?SYEAR=114&SEM=2&CrsDat=CL270&Crsname=先秦兩漢史傳選讀,,,False,中文系,CL270,1,不分班,"先秦兩漢史傳選讀
READINGS IN THE PRE-CHIN AND HAN LITERATURE",3,期,False,50,14,0,50,黃羽璿,"二2,3,4(文LA 4001)","['', '234', '', '', '', '', '']",《講授類》,[],False
https://selcrs.nsysu.edu.tw/menu5/showoutline.asp?SYEAR=114&SEM=2&CrsDat=CL272&Crsname=佛學概論,,,False,中文系,CL272,3,不分班,"佛學概論
INTRODUCTION TO BUDDHISM",3,期,False,50,6,0,50,謝薇娜,"二2,3,4(文LA 4003)","['', '234', '', '', '', '', '']",《講授類》,['國際漢學微學程'],False
https://selcrs.nsysu.edu.tw/menu5/showoutline.asp?SYEAR=114&SEM=2&CrsDat=CL304&Crsname=中國思想史（二）,,,False,中文系,CL304,3,不分班,"中國思想史（二）
HISTORY OF CHINESE THOUGHTS(II)",3,期,True,50,3,43,7,紀志昌,"二5,6,7(文LA 2004)","['', '567', '', '', '', '', '']",《講授類》,['中文創意跨域應用整合學程'],False
https://selcrs.nsysu.edu.tw/menu5/showoutline.asp?SYEAR=114&SEM=2&CrsDat=CL308&Crsname=詞曲選及習作（二）,,,False,中文系,CL308,3,不分班,"詞曲選及習作（二）
READING IN TZ'U & CH'U POETRY(WITH EXERCISE)(II)",3,期,True,50,2,39,11,林芷瑩,"一5,6,7(文LA 4003)","['567', '', '', '', '', '', '']",《講授類》,['中文創意跨域應用整合學程'],False
https://selcrs.nsysu.edu.tw/menu5/showoutline.asp?SYEAR=114&SEM=2&CrsDat=CL325&Crsname=語意學概論,異動,確認教師1/12,False,中文系,CL325,2,不分班,"語意學概論
INTRODUCTION TO SEMANTICS",3,期,False,50,2,0,50,歐瑞安,"一2,3,4(文LA 4002)","['234', '', '', '', '', '', '']",《講授類》,[],False
https://selcrs.nsysu.edu.tw/menu5/showoutline.asp?SYEAR=114&SEM=2&CrsDat=CL435&Crsname=閩南民間文學與文化采風,異動,更換部份時間1/27,False,中文系,CL435,3,不分班,"閩南民間文學與文化采風
COLLECTIONS AND RECORD OF SOUTHERN MIN FOLK TALE AND LITERATURE",3,期,False,20,5,0,20,"杜佳倫,林芷瑩,羅景文",,"['12345678', '', '567', '12345678', '12345678', '12345678', '12345678']","《講授類》
1.課程補助部分移地越南機票費用，其餘住宿與交通雜支須於課前預繳（每人7000元整）待課程結束後，依補助額度結算多退少補。 2. 有意選修的同學請參加01/12線上說明會，並於01/20前填寫報名表單，經通知錄取並完成繳費者，始得選課。",['臺灣閩南語文書寫應用與創作微學程'],False
https://selcrs.nsysu.edu.tw/menu5/showoutline.asp?SYEAR=114&SEM=2&CrsDat=CL442&Crsname=地方敘事與數位遊戲設計,,,False,中文系,CL442,3,不分班,"地方敘事與數位遊戲設計
LOCAL NARRATIVE AND GAME PROGRAMMING",3,期,False,50,3,0,50,"杜佳倫,蘇凰蘭","四5,6,7(文LA 5004)","['', '', '', '567', '', '', '']",《講授類》,['中文創意跨域應用整合學程'],False
https://selcrs.nsysu.edu.tw/menu5/showoutline.asp?SYEAR=114&SEM=2&CrsDat=CL448&Crsname=主題策展規畫與實踐（一）,,,False,中文系,CL448,4,不分班,"主題策展規畫與實踐（一）
CURATING THEMATIC EXHIBITIONS DESIGN AND PRACTICE (I)",3,期,False,50,5,0,50,"杜佳倫,林芷瑩,羅景文","三2,3,4(文LA 5004)","['', '', '234', '', '', '', '']",《展演》,[],False
https://selcrs.nsysu.edu.tw/menu5/showoutline.asp?SYEAR=114&SEM=2&CrsDat=CL460&Crsname=早期台語電影與文化,,,False,中文系,CL460,3,不分班,"早期台語電影與文化
EARLY TAIWANESE LANGUAGE CINEMA AND CULTURE",3,期,False,40,3,0,40,蘇凰蘭,"四2,3,4(文LA 4003)","['', '', '', '234', '', '', '']",《講授類》,['臺灣閩南語文書寫應用與創作微學程'],False
https://selcrs.nsysu.edu.tw/menu5/showoutline.asp?SYEAR=114&SEM=2&CrsDat=CL462&Crsname=臺灣民間信仰文化,,,False,中文系,CL462,2,不分班,"臺灣民間信仰文化
TAIWAN FOLK BELIEF CULTURE",3,期,False,35,7,0,35,羅景文,"二5,6,7(文LA 4003)","['', '567', '', '', '', '', '']",《講授類》,[],False
https://selcrs.nsysu.edu.tw/menu5/showoutline.asp?SYEAR=114&SEM=2&CrsDat=DFLL106&Crsname=英語口語訓練一（二）,,,True,外文系,DFLL106,1,不分班,"英語口語訓練一（二）
ENGLISH ORAL TRAINING I(II)",2,期,True,16,0,19,-3,楊郁芬,"五2,3,4(文LA 3003)","['', '', '', '', '234', '', '']","《講授類》
限本系修畢「英語口語訓練一(一)」學生修習",[],True
https://selcrs.nsysu.edu.tw/menu5/showoutline.asp?SYEAR=114&SEM=2&CrsDat=DFLL106A&Crsname=英語口語訓練一（二）,,,True,外文系,DFLL106A,1,不分班,"英語口語訓練一（二）
ENGLISH ORAL TRAINING I(II)",2,期,True,16,0,19,-3,李祁芳,"五2,3,4(文LA 3004)","['', '', '', '', '234', '', '']","《講授類》
限本系修畢「英語口語訓練一(一)」學生修習",[],True
https://selcrs.nsysu.edu.tw/menu5/showoutline.asp?SYEAR=114&SEM=2&CrsDat=DFLL108&Crsname=英文寫作一（二）,,,True,外文系,DFLL108,1,不分班,"英文寫作一（二）
ENGLISH WRITING I(II)",2,期,True,16,0,13,3,白士禮,"三2,3,4(文LA 3012)","['', '', '234', '', '', '', '']","《講授類》
限本系修畢「英文寫作一(一)」學生修習",[],True
https://selcrs.nsysu.edu.tw/menu5/showoutline.asp?SYEAR=114&SEM=2&CrsDat=DFLL108A&Crsname=英文寫作一（二）,,,True,外文系,DFLL108A,1,不分班,"英文寫作一（二）
ENGLISH WRITING I(II)",2,期,True,16,0,14,2,楊郁芬,"三2,3,4(文LA 3016)","['', '', '234', '', '', '', '']","《講授類》
限本系修畢英文寫作一(一)學生修習",[],True
https://selcrs.nsysu.edu.tw/menu5/showoutline.asp?SYEAR=114&SEM=2&CrsDat=DFLL108B&Crsname=英文寫作一（二）,,,True,外文系,DFLL108B,1,不分班,"英文寫作一（二）
ENGLISH WRITING I(II)",2,期,True,16,0,15,1,黃舒屏,"三2,3,4(文LA 3014)","['', '', '234', '', '', '', '']","《講授類》
限本系修畢英文寫作一(一)學生修習",[],False
https://selcrs.nsysu.edu.tw/menu5/showoutline.asp?SYEAR=114&SEM=2&CrsDat=DFLL110&Crsname=文學作品導讀（二）,,,False,外文系,DFLL110,1,不分班,"文學作品導讀（二）
GUIDED READING OF LITERARY WORKS (II)",3,期,True,50,9,43,7,范澤凱,"一5,6,7(文LA 3001)","['567', '', '', '', '', '', '']",《講授類》,[],True
https://selcrs.nsysu.edu.tw/menu5/showoutline.asp?SYEAR=114&SEM=2&CrsDat=DFLL112&Crsname=西洋文學概論（二）,,,False,外文系,DFLL112,1,不分班,"西洋文學概論（二）
INTRODUCTION TO WESTERN LITERATURE(II)",3,期,True,50,3,40,10,李祁芳,"五5,6,7(文LA 3001)","['', '', '', '', '567', '', '']",《講授類》,"['西洋經典文學與文化學程', '法國語言、文化與社會學程']",True
https://selcrs.nsysu.edu.tw/menu5/showoutline.asp?SYEAR=114&SEM=2&CrsDat=DFLL206&Crsname=英語口語訓練二（二）,,,True,外文系,DFLL206,2,不分班,"英語口語訓練二（二）
ENGLISH ORAL TRAINING II(II)",2,期,True,20,0,14,6,白士禮,"四2,3,4(文LA 3003)","['', '', '', '234', '', '', '']","《講授類》
限本系修畢「英語口語訓練一(一)、一(二)」、「英語口語訓練二(一)」學生修習",[],True
https://selcrs.nsysu.edu.tw/menu5/showoutline.asp?SYEAR=114&SEM=2&CrsDat=DFLL206A&Crsname=英語口語訓練二（二）,,,True,外文系,DFLL206A,2,不分班,"英語口語訓練二（二）
ENGLISH ORAL TRAINING II(II)",2,期,True,20,1,20,0,溫惠珍,"四2,3,4(文LA 3012)","['', '', '', '234', '', '', '']","《講授類》
限本系修畢「英語口語訓練一(一)、一(二)」、「英語口語訓練二(一)」學生修習",[],True
https://selcrs.nsysu.edu.tw/menu5/showoutline.asp?SYEAR=114&SEM=2&CrsDat=DFLL208&Crsname=英文寫作二（二）,,,True,外文系,DFLL208,2,不分班,"英文寫作二（二）
ENGLISH WRITING II(II)",2,期,True,16,1,8,8,范澤凱,"三2,3,4(文LA 3015)","['', '', '234', '', '', '', '']","《講授類》
限本系修畢「英文寫作一(一)、一(二)」、「英文寫作二(一)」學生修習",[],True
https://selcrs.nsysu.edu.tw/menu5/showoutline.asp?SYEAR=114&SEM=2&CrsDat=DFLL208A&Crsname=英文寫作二（二）,,,True,外文系,DFLL208A,2,不分班,"英文寫作二（二）
ENGLISH WRITING II(II)",2,期,True,16,1,14,2,盧家達,"三2,3,4(文LA 3001)","['', '', '234', '', '', '', '']","《講授類》
限本系修畢「英文寫作一(一)、一(二)」、「英文寫作二(一)」學生修習",[],True
https://selcrs.nsysu.edu.tw/menu5/showoutline.asp?SYEAR=114&SEM=2&CrsDat=DFLL208B&Crsname=英文寫作二（二）,異動,確認教師1/21,True,外文系,DFLL208B,2,不分班,"英文寫作二（二）
ENGLISH WRITING II(II)",2,期,True,16,3,18,-2,羅佳雯,"三2,3,4(文LA 3002)","['', '', '234', '', '', '', '']","《講授類》
限本系修畢「英文寫作一(一)、一(二)」、「英文寫作二(一)」學生修習",[],True
https://selcrs.nsysu.edu.tw/menu5/showoutline.asp?SYEAR=114&SEM=2&CrsDat=DFLL221&Crsname=英語語言學概論（二）,,,False,外文系,DFLL221,2,不分班,"英語語言學概論（二）
INTRODUCTION TO ENGLISH LINGUISTICS（II）",3,期,True,50,3,43,7,歐淑珍,"一2,3,4(文LA 3001)","['234', '', '', '', '', '', '']",《講授類》,['日本研究學程'],True
https://selcrs.nsysu.edu.tw/menu5/showoutline.asp?SYEAR=114&SEM=2&CrsDat=DFLL223&Crsname=歐洲文學：1800以後,,,True,外文系,DFLL223,2,不分班,"歐洲文學：1800以後
EUROPEAN LITERATURE : AFTER 1800",3,期,True,50,3,0,50,洪敏秀,"五2,3,4(文LA 3002)","['', '', '', '', '234', '', '']",《講授類》,"['西洋經典文學與文化學程', '法國語言、文化與社會學程']",True
https://selcrs.nsysu.edu.tw/menu5/showoutline.asp?SYEAR=114&SEM=2&CrsDat=DFLL225&Crsname=英國文學：1660-1800,,,True,外文系,DFLL225,2,不分班,"英國文學：1660-1800
ENGLISH LITERATURE : 1660-1800",3,期,True,50,10,0,50,李佳容,"二5,6,7(文LA 3002)","['', '567', '', '', '', '', '']",《講授類》,"['西洋經典文學與文化學程', '法國語言、文化與社會學程']",True
https://selcrs.nsysu.edu.tw/menu5/showoutline.asp?SYEAR=114&SEM=2&CrsDat=DFLL232&Crsname=進階英語聽力,,,False,外文系,DFLL232,2,不分班,"進階英語聽力
ADVANCED ENGLISH LISTENING",3,期,False,50,5,0,50,曾銘裕,"二2,3,4(文LA 2001)","['', '234', '', '', '', '', '']","《講授類》
限本系修畢「英語聽力」或「英語聽力一(一)、一(二)」同學選修",[],True
https://selcrs.nsysu.edu.tw/menu5/showoutline.asp?SYEAR=114&SEM=2&CrsDat=DFLL233&Crsname=日文（二）,,,False,外文系,DFLL233,2,不分班,"日文（二）
JAPANESE(II)",3,期,False,20,6,0,20,森國松江,"三5,6,7(文LA 3013)","['', '', '567', '', '', '', '']","《講授類》
初級日文。外文系學生優先選修。本課程限修，於加退選2階段開放選修。",['日本研究學程'],False
https://selcrs.nsysu.edu.tw/menu5/showoutline.asp?SYEAR=114&SEM=2&CrsDat=DFLL233A&Crsname=日文（二）,,,False,外文系,DFLL233A,2,不分班,"日文（二）
JAPANESE(II)",3,期,False,20,11,0,20,森國松江,"三2,3,4(文LA 2003)","['', '', '234', '', '', '', '']","《講授類》
初級日文。非外文系學生優先選修",['日本研究學程'],False
https://selcrs.nsysu.edu.tw/menu5/showoutline.asp?SYEAR=114&SEM=2&CrsDat=DFLL235&Crsname=西班牙文（二）,,,False,外文系,DFLL235,2,不分班,"西班牙文（二）
SPANISH(II)",3,期,False,20,3,0,20,李優俐,"三5,6,7(文LA 3014)","['', '', '567', '', '', '', '']","《講授類》
初級西班牙文。外文系學生優先選修。本課程限修，於加退選2階段開放選修。",['西洋經典文學與文化學程'],False
https://selcrs.nsysu.edu.tw/menu5/showoutline.asp?SYEAR=114&SEM=2&CrsDat=DFLL235A&Crsname=西班牙文（二）,,,False,外文系,DFLL235A,2,不分班,"西班牙文（二）
SPANISH(II)",3,期,False,20,4,0,20,李優俐,"三2,3,4(文LA 1002)","['', '', '234', '', '', '', '']","《講授類》
初級西班牙文。非外文系學生優先選修",['西洋經典文學與文化學程'],False
https://selcrs.nsysu.edu.tw/menu5/showoutline.asp?SYEAR=114&SEM=2&CrsDat=DFLL237&Crsname=法文（二）,,,False,外文系,DFLL237,2,不分班,"法文（二）
FRENCH(II)",3,期,False,20,1,0,20,王柔惠,"一5,6,7(文LA 3003)","['567', '', '', '', '', '', '']","《講授類》
初級法文。外文系學生優先選修。本課程之限修，於加退選2階段開放。","['西洋經典文學與文化學程', '法國語言、文化與社會學程']",False
https://selcrs.nsysu.edu.tw/menu5/showoutline.asp?SYEAR=114&SEM=2&CrsDat=DFLL237A&Crsname=法文（二）,,,False,外文系,DFLL237A,2,不分班,"法文（二）
FRENCH(II)",3,期,False,20,7,0,20,王柔惠,"一2,3,4(文LA 3002)","['234', '', '', '', '', '', '']","《講授類》
初級法文。非外文系學生優先選修","['西洋經典文學與文化學程', '法國語言、文化與社會學程']",False
https://selcrs.nsysu.edu.tw/menu5/showoutline.asp?SYEAR=114&SEM=2&CrsDat=DFLL239&Crsname=德文（二）,,,False,外文系,DFLL239,2,不分班,"德文（二）
GERMAN(II)",3,期,False,20,1,0,20,陳麗雅,"三5,6,7(文LA 3012)","['', '', '567', '', '', '', '']","《講授類》
初級德文。外文系學生優先選修。本課程限修，於加退選2階段開放選修。",['西洋經典文學與文化學程'],False
https://selcrs.nsysu.edu.tw/menu5/showoutline.asp?SYEAR=114&SEM=2&CrsDat=DFLL239A&Crsname=德文（二）,,,False,外文系,DFLL239A,2,不分班,"德文（二）
GERMAN(II)",3,期,False,20,4,0,20,陳麗雅,"三2,3,4(文LA 1001)","['', '', '234', '', '', '', '']","《講授類》
初級德文。非外文系學生優先選修",['西洋經典文學與文化學程'],False
https://selcrs.nsysu.edu.tw/menu5/showoutline.asp?SYEAR=114&SEM=2&CrsDat=DFLL321&Crsname=英國文學：1900以後,,,True,外文系,DFLL321,3,不分班,"英國文學：1900以後
ENGLISH LITERATURE : AFTER 1900",3,期,True,50,10,0,50,盧家達,"一5,6,7(文LA 3004)","['567', '', '', '', '', '', '']",《講授類》,['西洋經典文學與文化學程'],True
https://selcrs.nsysu.edu.tw/menu5/showoutline.asp?SYEAR=114&SEM=2&CrsDat=DFLL331&Crsname=英文中譯（二）,,,False,外文系,DFLL331,3,不分班,"英文中譯（二）
TRANSLATING ENGLISH TEXTS INTO CHINESE (II)",3,期,False,20,2,0,20,林毓凱,"二5,6,7(文LA 2003)","['', '567', '', '', '', '', '']",《講授類》,[],True
https://selcrs.nsysu.edu.tw/menu5/showoutline.asp?SYEAR=114&SEM=2&CrsDat=DFLL334&Crsname=應用英語與溝通,,,False,外文系,DFLL334,4,不分班,"應用英語與溝通
APPLIED ENGLISH AND COMMUNICATION",3,期,False,50,8,0,50,曾銘裕,"一2,3,4(文LA 2001)","['234', '', '', '', '', '', '']",《講授類》,[],True
https://selcrs.nsysu.edu.tw/menu5/showoutline.asp?SYEAR=114&SEM=2&CrsDat=DFLL336&Crsname=多媒體英文與溝通,,,False,外文系,DFLL336,3,不分班,"多媒體英文與溝通
MULTIMEDIA AND ENGLISH COMMUNICATION",3,期,False,50,14,0,50,楊郁芬,"四2,3,4(文LA 3004)","['', '', '', '234', '', '', '']",《講授類》,['跨文化人文思潮與美學微學程'],True
https://selcrs.nsysu.edu.tw/menu5/showoutline.asp?SYEAR=114&SEM=2&CrsDat=DFLL338&Crsname=語言評量概論,,,False,外文系,DFLL338,3,不分班,"語言評量概論
INTRODUCTION TO LANGUAGE ASSESSMENT",3,期,False,50,17,0,50,施智閔,"三5,6,7(海ME 3006)","['', '', '567', '', '', '', '']",《講授類》,[],True
https://selcrs.nsysu.edu.tw/menu5/showoutline.asp?SYEAR=114&SEM=2&CrsDat=DFLL342&Crsname=日文（四）,,,False,外文系,DFLL342,3,不分班,"日文（四）
JAPANESE(IV)",3,期,False,20,7,0,20,森國松江,"一2,3,4(文LA 3014)","['234', '', '', '', '', '', '']","《講授類》
中級日文",['日本研究學程'],False
https://selcrs.nsysu.edu.tw/menu5/showoutline.asp?SYEAR=114&SEM=2&CrsDat=DFLL344&Crsname=西班牙文（四）,異動,更換時間1/2,False,外文系,DFLL344,3,不分班,"西班牙文（四）
SPANISH(IV)",3,期,False,20,3,0,20,李優俐,"一2,3,4(文LA 3015)","['234', '', '', '', '', '', '']","《講授類》
中級西班牙文",['西洋經典文學與文化學程'],False
https://selcrs.nsysu.edu.tw/menu5/showoutline.asp?SYEAR=114&SEM=2&CrsDat=DFLL346&Crsname=法文（四）,,,False,外文系,DFLL346,3,不分班,"法文（四）
FRENCH(IV)",3,期,False,20,7,0,20,王柔惠,"四5,6,7(文LA 3015)","['', '', '', '567', '', '', '']","《講授類》
中級法文",['西洋經典文學與文化學程'],False
https://selcrs.nsysu.edu.tw/menu5/showoutline.asp?SYEAR=114&SEM=2&CrsDat=DFLL348&Crsname=德文（四）,,,False,外文系,DFLL348,3,不分班,"德文（四）
GERMAN(IV)",3,期,False,20,5,0,20,陳麗雅,"二2,3,4(文LA 3015)","['', '234', '', '', '', '', '']","《講授類》
中級德文",['西洋經典文學與文化學程'],False
https://selcrs.nsysu.edu.tw/menu5/showoutline.asp?SYEAR=114&SEM=2&CrsDat=DFLL421&Crsname=美國文學：1865以後,,,True,外文系,DFLL421,4,不分班,"美國文學：1865以後
AMERICAN LITERATURE : AFTER 1865",3,期,True,50,24,0,50,盧莉茹,"二2,3,4(文LA 2003)","['', '234', '', '', '', '', '']",《講授類》,['西洋經典文學與文化學程'],True
https://selcrs.nsysu.edu.tw/menu5/showoutline.asp?SYEAR=114&SEM=2&CrsDat=DFLL429&Crsname=歐洲文藝復興之歷史與文化,,,False,外文系,DFLL429,4,不分班,"歐洲文藝復興之歷史與文化
HISTORY AND CULTURE OF THE EUROPEAN RENAISSANCE",3,期,False,50,15,0,50,李祁芳,"四5,6,7(文LA 3003)","['', '', '', '567', '', '', '']",《講授類》,['西洋經典文學與文化學程'],True
https://selcrs.nsysu.edu.tw/menu5/showoutline.asp?SYEAR=114&SEM=2&CrsDat=DFLL440&Crsname=應用語言學概論,異動,確認教師1/21,False,外文系,DFLL440,4,不分班,"應用語言學概論
INTRODUCTION TO APPLIED LINGUISTICS",3,期,False,50,2,0,50,羅佳雯,"二5,6,7(文LA 3003)","['', '567', '', '', '', '', '']",《講授類》,[],True
https://selcrs.nsysu.edu.tw/menu5/showoutline.asp?SYEAR=114&SEM=2&CrsDat=DFLL445&Crsname=言談分析概論,,,False,外文系,DFLL445,4,不分班,"言談分析概論
INTRODUCTION TO DISCOURSE ANALYSIS",3,期,False,50,7,0,50,曾銘裕,"三2,3,4(文LA 3004)","['', '', '234', '', '', '', '']",《講授類》,[],True
https://selcrs.nsysu.edu.tw/menu5/showoutline.asp?SYEAR=114&SEM=2&CrsDat=DFLL452&Crsname=新聞翻譯,,,False,外文系,DFLL452,4,不分班,"新聞翻譯
TRANSLATING JOURNALISTIC WRITING",3,期,False,20,8,0,20,李佳容,"一2,3,4(文LA 3003)","['234', '', '', '', '', '', '']",《講授類》,[],True
https://selcrs.nsysu.edu.tw/menu5/showoutline.asp?SYEAR=114&SEM=2&CrsDat=DFLL456&Crsname=英譯臺灣文學,,,False,外文系,DFLL456,4,不分班,"英譯臺灣文學
ENGLISH TRANSLATION OF TAIWAN LITERATURE",3,期,False,20,4,0,20,賴淑芳,"三5,6,7(文LA 7001)","['', '', '567', '', '', '', '']",《講授類》,['音樂劇學程'],True
https://selcrs.nsysu.edu.tw/menu5/showoutline.asp?SYEAR=114&SEM=2&CrsDat=DFLL471&Crsname=加拿大英語文學與文化,,,False,外文系,DFLL471,4,不分班,"加拿大英語文學與文化
ENGLISH CANADIAN LITERATURE AND CULTURE",3,期,False,50,6,0,50,洪敏秀,"三2,3,4(文LA 3003)","['', '', '234', '', '', '', '']",《講授類》,[],True
https://selcrs.nsysu.edu.tw/menu5/showoutline.asp?SYEAR=114&SEM=2&CrsDat=DFLL483&Crsname=日文溝通,,,False,外文系,DFLL483,4,不分班,"日文溝通
JAPANESE COMMUNICATION",3,期,False,20,4,0,20,森國松江,"一5,6,7(文LA 3013)","['567', '', '', '', '', '', '']","《講授類》
進階課程，適合具有一定程度同學。",['日本研究學程'],False
https://selcrs.nsysu.edu.tw/menu5/showoutline.asp?SYEAR=114&SEM=2&CrsDat=DFLL485&Crsname=西班牙文溝通,,,False,外文系,DFLL485,4,不分班,"西班牙文溝通
SPANISH COMMUNICATION",3,期,False,20,2,0,20,高長空,"三5,6,7(文LA 3016)","['', '', '567', '', '', '', '']","《講授類》
進階課程，適合具有一定程度同學。",['西洋經典文學與文化學程'],False
https://selcrs.nsysu.edu.tw/menu5/showoutline.asp?SYEAR=114&SEM=2&CrsDat=DFLL487&Crsname=法文溝通,,,False,外文系,DFLL487,4,不分班,"法文溝通
FRENCH COMMUNICATION",3,期,False,20,3,0,20,王柔惠,"四2,3,4(文LA 3016)","['', '', '', '234', '', '', '']","《講授類》
進階課程，適合具有一定程度同學。",['西洋經典文學與文化學程'],False
https://selcrs.nsysu.edu.tw/menu5/showoutline.asp?SYEAR=114&SEM=2&CrsDat=DFLL489&Crsname=德文溝通,,,False,外文系,DFLL489,4,不分班,"德文溝通
GERMAN C0MMUNICATION",3,期,False,20,3,0,20,陳麗雅,"二5,6,7(文LA 3014)","['', '567', '', '', '', '', '']","《講授類》
進階課程，適合具有一定程度同學。",['西洋經典文學與文化學程'],False
https://selcrs.nsysu.edu.tw/menu5/showoutline.asp?SYEAR=114&SEM=2&CrsDat=MUSI101&Crsname=合奏,,,True,音樂系,MUSI101,1,不分班,"合奏
ENSEMBLE",2,期,True,90,11,0,90,楊智欽,"三6,7(文FA 4031) 五5,6(文FA 4031)","['', '', '67', '', '56', '', '']","《音樂類》
開放20個名額予跨院修課，學生選課於第一週參加樂團甄試，通過後始得修課，外系學生借用琴房練習，依規定繳交費用",['音樂劇學程'],False
https://selcrs.nsysu.edu.tw/menu5/showoutline.asp?SYEAR=114&SEM=2&CrsDat=MUSI102&Crsname=合唱,,,True,音樂系,MUSI102,1,不分班,"合唱
CHORUS",2,期,True,60,6,0,60,張成璞,"三6,7(文FA 4028) 四8,9(文FA 4028)","['', '', '67', '89', '', '', '']","《音樂類》
開放20個名額予跨院修課，選課學生須於第一週參加視譜及歌唱測驗，通過後始得修課，外系學生借用琴房練習須依規定繳交費用",['音樂劇學程'],False
https://selcrs.nsysu.edu.tw/menu5/showoutline.asp?SYEAR=114&SEM=2&CrsDat=MUSI103&Crsname=流行樂團合奏（一）,,,False,音樂系,MUSI103,1,不分班,"流行樂團合奏（一）
POPULAR MUSIC ENSEMBLE（I）",1,期,False,50,4,0,50,黃盟傑,"二8,7(文FA 4029)","['', '78', '', '', '', '', '']","《音樂類》
限音樂系學生修課",[],False
https://selcrs.nsysu.edu.tw/menu5/showoutline.asp?SYEAR=114&SEM=2&CrsDat=MUSI105&Crsname=音樂基礎訓練（二）,,,True,音樂系,MUSI105,1,不分班,"音樂基礎訓練（二）
MUSICIAN SHIP (Ⅱ)",1,期,True,50,4,0,50,游詠晴,一2(文FA 4034),"['2', '', '', '', '', '', '']","《講授類》
限音樂系學生修課，且須修畢音樂基礎訓練(一)課程，始得修課",[],False
https://selcrs.nsysu.edu.tw/menu5/showoutline.asp?SYEAR=114&SEM=2&CrsDat=MUSI105A&Crsname=音樂基礎訓練（二）,,,True,音樂系,MUSI105A,1,不分班,"音樂基礎訓練（二）
MUSICIAN SHIP (Ⅱ)",1,期,True,50,5,0,50,游詠晴,一3(文FA 4034),"['3', '', '', '', '', '', '']","《講授類》
限音樂系學生修課，且須修畢音樂基礎訓練(一)課程，始得修課",[],False
https://selcrs.nsysu.edu.tw/menu5/showoutline.asp?SYEAR=114&SEM=2&CrsDat=MUSI114&Crsname=調性音樂理論與分析（二）,,,False,音樂系,MUSI114,1,不分班,"調性音樂理論與分析（二）
THEORY AND ANALYSIS IN TONAL MUSIC (II)",2,期,True,50,0,28,22,陳以軒,"二5,6(文FA 7003)","['', '56', '', '', '', '', '']",《講授類》,[],True
https://selcrs.nsysu.edu.tw/menu5/showoutline.asp?SYEAR=114&SEM=2&CrsDat=MUSI117&Crsname=主修（鋼琴）,,,True,音樂系,MUSI117,1,不分班,"主修（鋼琴）
MAJOR (PIANO)",2,期,True,50,5,0,50,"吳亞欣,唐佳迎,林雅叙,楊妮蓉,陳宜蓁,顏竹君,黃楚涵,黃瓊儀","六1,2()","['', '', '', '', '', '12', '']","《音樂類》
限音樂系學生修課",[],False
https://selcrs.nsysu.edu.tw/menu5/showoutline.asp?SYEAR=114&SEM=2&CrsDat=MUSI119&Crsname=鋼琴重奏（一）,,,False,音樂系,MUSI119,2,不分班,"鋼琴重奏（一）
PIANO CHAMBER ENSENBLE(I)",1,期,False,50,1,0,50,顏竹君,二3(文FA 5011) 二4(文FA 5012),"['', '34', '', '', '', '', '']","《音樂類》
限音樂系學生修課",[],False
https://selcrs.nsysu.edu.tw/menu5/showoutline.asp?SYEAR=114&SEM=2&CrsDat=MUSI125&Crsname=主修（小提琴）,,,True,音樂系,MUSI125,1,不分班,"主修（小提琴）
MAJOR (VIOLIN)",2,期,True,50,4,0,50,"林子平,熊書宜,葉翹任,陳鈺雯","六1,2()","['', '', '', '', '', '12', '']","《音樂類》
限音樂系學生修課",[],False
https://selcrs.nsysu.edu.tw/menu5/showoutline.asp?SYEAR=114&SEM=2&CrsDat=MUSI126&Crsname=主修（中提琴）,,,True,音樂系,MUSI126,1,不分班,"主修（中提琴）
MAJOR (VIOLA)",2,期,True,50,0,0,50,"富澤直子,莊孟勳","六1,2()","['', '', '', '', '', '12', '']","《音樂類》
限音樂系學生修課",[],False
https://selcrs.nsysu.edu.tw/menu5/showoutline.asp?SYEAR=114&SEM=2&CrsDat=MUSI127&Crsname=主修（大提琴）,,,True,音樂系,MUSI127,1,不分班,"主修（大提琴）
MAJOR (VIOLONCELLO)",2,期,True,50,2,0,50,"曾加宜,謝孟軒","六1,2()","['', '', '', '', '', '12', '']","《音樂類》
限音樂系學生修課",[],False
https://selcrs.nsysu.edu.tw/menu5/showoutline.asp?SYEAR=114&SEM=2&CrsDat=MUSI128&Crsname=主修（低音提琴）,,,True,音樂系,MUSI128,1,不分班,"主修（低音提琴）
MAJOR (DOUBLE BASS)",2,期,True,50,0,0,50,阮晉志,"六1,2()","['', '', '', '', '', '12', '']","《音樂類》
限音樂系學生修課",[],False
https://selcrs.nsysu.edu.tw/menu5/showoutline.asp?SYEAR=114&SEM=2&CrsDat=MUSI131&Crsname=弦樂合奏（一）,,,False,音樂系,MUSI131,1,不分班,"弦樂合奏（一）
STRING ENSEMBLE(一)",1,期,False,50,1,0,50,阮晉志,"一8,7(文FA 4031)(實驗)","['78', '', '', '', '', '', '']","《音樂類》
限音樂系學生修課",[],False
https://selcrs.nsysu.edu.tw/menu5/showoutline.asp?SYEAR=114&SEM=2&CrsDat=MUSI138&Crsname=主修（聲樂）,,,True,音樂系,MUSI138,1,不分班,"主修（聲樂）
MAJOR (VOICE)",2,期,True,50,2,0,50,"林健吉,邱麗君,馮悅情,黃子珊","六1,2()","['', '', '', '', '', '12', '']","《音樂類》
限音樂系學生修課",[],False
https://selcrs.nsysu.edu.tw/menu5/showoutline.asp?SYEAR=114&SEM=2&CrsDat=MUSI146&Crsname=主修（雙簧管）,,,True,音樂系,MUSI146,1,不分班,"主修（雙簧管）
MAJOR (OBOE)",2,期,True,50,0,0,50,張瑞芝,"六1,2()","['', '', '', '', '', '12', '']","《音樂類》
限音樂系學生修課",[],False
https://selcrs.nsysu.edu.tw/menu5/showoutline.asp?SYEAR=114&SEM=2&CrsDat=MUSI147&Crsname=主修（豎笛）,,,True,音樂系,MUSI147,1,不分班,"主修（豎笛）
MAJOR CLARINET",2,期,True,50,1,0,50,"楊蕙祺,陳怡君","六1,2()","['', '', '', '', '', '12', '']","《音樂類》
限音樂系學生修課",[],False
https://selcrs.nsysu.edu.tw/menu5/showoutline.asp?SYEAR=114&SEM=2&CrsDat=MUSI148&Crsname=主修（長笛）,,,True,音樂系,MUSI148,1,不分班,"主修（長笛）
MAJOR (FLUTE)",2,期,True,50,2,0,50,"呂承祐,林鴻君,馬曉珮","六1,2()","['', '', '', '', '', '12', '']","《音樂類》
限音樂系學生修課",[],False
https://selcrs.nsysu.edu.tw/menu5/showoutline.asp?SYEAR=114&SEM=2&CrsDat=MUSI149&Crsname=主修（法國號）,,,True,音樂系,MUSI149,1,不分班,"主修（法國號）
MAJOR (FRENCH HORN)",2,期,True,50,0,0,50,陳冠豪,"六1,2()","['', '', '', '', '', '12', '']","《音樂類》
限音樂系學生修課",[],False
https://selcrs.nsysu.edu.tw/menu5/showoutline.asp?SYEAR=114&SEM=2&CrsDat=MUSI150&Crsname=主修（小號）,,,True,音樂系,MUSI150,1,不分班,"主修（小號）
MAJOR (TRUMPET)",2,期,True,50,0,0,50,劉郁君,"六1,2()","['', '', '', '', '', '12', '']","《音樂類》
限音樂系學生修課",[],False
https://selcrs.nsysu.edu.tw/menu5/showoutline.asp?SYEAR=114&SEM=2&CrsDat=MUSI151&Crsname=主修（低音管）,,,True,音樂系,MUSI151,1,不分班,"主修（低音管）
MAJOR (BASSOON)",2,期,True,50,0,0,50,陳奕秀,"六1,2()","['', '', '', '', '', '12', '']","《音樂類》
限音樂系學生修課",[],False
https://selcrs.nsysu.edu.tw/menu5/showoutline.asp?SYEAR=114&SEM=2&CrsDat=MUSI152&Crsname=主修（長號）,,,True,音樂系,MUSI152,1,不分班,"主修（長號）
MAJOR(TROMBONE)",2,期,True,50,0,0,50,鄭詔駿,"六1,2()","['', '', '', '', '', '12', '']","《音樂類》
限音樂系學生修課",[],False
https://selcrs.nsysu.edu.tw/menu5/showoutline.asp?SYEAR=114&SEM=2&CrsDat=MUSI153&Crsname=管樂合奏（一）,,,False,音樂系,MUSI153,1,不分班,"管樂合奏（一）
WIND ENSEMBLE(I)",1,期,False,90,4,0,90,林鴻君,"二D,E(文FA 4031)(實驗)","['', 'DE', '', '', '', '', '']","《音樂類》
於限修人數中，開放50個名額予跨院修課。外系學生修課借用琴房練習須依規定繳交費用",[],False
https://selcrs.nsysu.edu.tw/menu5/showoutline.asp?SYEAR=114&SEM=2&CrsDat=MUSI155&Crsname=主修（低音號）,,,True,音樂系,MUSI155,1,不分班,"主修（低音號）
MAJOR(TUBA)",2,期,True,50,1,0,50,湯志偉,"六1,2()","['', '', '', '', '', '12', '']","《音樂類》
限音樂系學生修課",[],False
https://selcrs.nsysu.edu.tw/menu5/showoutline.asp?SYEAR=114&SEM=2&CrsDat=MUSI156&Crsname=主修（薩克斯管）,,,True,音樂系,MUSI156,1,不分班,"主修（薩克斯管）
MAJOR (SAXOPHONE)",2,期,True,50,0,0,50,陳品樺,"六1,2()","['', '', '', '', '', '12', '']","《音樂類》
限音樂系學生修課",[],False
https://selcrs.nsysu.edu.tw/menu5/showoutline.asp?SYEAR=114&SEM=2&CrsDat=MUSI157&Crsname=主修 (上低音號),,,True,音樂系,MUSI157,1,不分班,"主修 (上低音號)
MAJOR (EUPHONIUM)",2,期,True,50,1,0,50,黃詩堯,"六1,2()","['', '', '', '', '', '12', '']","《音樂類》
限音樂系學生修課",[],False
https://selcrs.nsysu.edu.tw/menu5/showoutline.asp?SYEAR=114&SEM=2&CrsDat=MUSI160&Crsname=主修（打擊樂）,,,True,音樂系,MUSI160,1,不分班,"主修（打擊樂）
MAJOR (PERCUSSIONS)",2,期,True,50,2,0,50,"鄭雅心,陸淯姿","六1,2()","['', '', '', '', '', '12', '']","《音樂類》
限音樂系學生修課",[],False
https://selcrs.nsysu.edu.tw/menu5/showoutline.asp?SYEAR=114&SEM=2&CrsDat=MUSI168&Crsname=主修（創作與應用）,,,True,音樂系,MUSI168,1,不分班,"主修（創作與應用）
MUSIC COMPOSITION AND PRODUCTION",3,期,True,50,2,0,50,"劉聖賢,陳以軒","一8,9,7(文FA 6011)","['789', '', '', '', '', '', '']","《音樂類》
限音樂系創作與應用組學生修課",[],False
https://selcrs.nsysu.edu.tw/menu5/showoutline.asp?SYEAR=114&SEM=2&CrsDat=MUSI168A&Crsname=主修（創作與應用）,,,True,音樂系,MUSI168A,2,不分班,"主修（創作與應用）
MUSIC COMPOSITION AND PRODUCTION",3,期,True,50,1,0,50,"李思嫺,江俊典","一B,5,6(文FA 6011)","['B56', '', '', '', '', '', '']","《音樂類》
限音樂系創作與應用組學生修課",[],False
https://selcrs.nsysu.edu.tw/menu5/showoutline.asp?SYEAR=114&SEM=2&CrsDat=MUSI201&Crsname=鋼琴演奏實務,,,False,音樂系,MUSI201,3,不分班,"鋼琴演奏實務
PIANO PERFORMANCE CLASS",2,期,False,50,1,0,50,唐佳迎,"四6,7(文FA 4034)","['', '', '', '67', '', '', '']","《音樂類》
限音樂系學生修課",[],False
https://selcrs.nsysu.edu.tw/menu5/showoutline.asp?SYEAR=114&SEM=2&CrsDat=MUSI204&Crsname=弦樂演奏實務,,,False,音樂系,MUSI204,2,不分班,"弦樂演奏實務
STRINGS PERFORMANCE CLASS",2,期,False,50,2,0,50,陳鈺雯,"一5,6(文FA 4031)","['56', '', '', '', '', '', '']","《音樂類》
限音樂系學生修課",[],False
https://selcrs.nsysu.edu.tw/menu5/showoutline.asp?SYEAR=114&SEM=2&CrsDat=MUSI206&Crsname=基礎聲樂教學,,,False,音樂系,MUSI206,2,不分班,"基礎聲樂教學
BASIC VOCAL PEDAGOGY",2,期,False,50,5,0,50,黃子珊,"一5,6(文FA 4030)","['56', '', '', '', '', '', '']",《講授類》,[],False
https://selcrs.nsysu.edu.tw/menu5/showoutline.asp?SYEAR=114&SEM=2&CrsDat=MUSI211&Crsname=音樂基礎訓練（四）,,,True,音樂系,MUSI211,2,不分班,"音樂基礎訓練（四）
MUSICIANSHIP (IV)",1,期,True,50,4,0,50,楊妮蓉,一2(文FA 4030),"['2', '', '', '', '', '', '']","《講授類》
限音樂系學生修課，且須修畢音樂基礎訓練(一)、音樂基礎訓練(二)及音樂基礎訓練(三)課程，始得修課",[],False
https://selcrs.nsysu.edu.tw/menu5/showoutline.asp?SYEAR=114&SEM=2&CrsDat=MUSI211A&Crsname=音樂基礎訓練（四）,,,True,音樂系,MUSI211A,2,不分班,"音樂基礎訓練（四）
MUSICIANSHIP (IV)",1,期,True,50,1,0,50,楊妮蓉,一3(文FA 4030),"['3', '', '', '', '', '', '']","《講授類》
限音樂系學生修課，且須修畢音樂基礎訓練(一)、音樂基礎訓練(二)及音樂基礎訓練(三)課程，始得修課",[],False
https://selcrs.nsysu.edu.tw/menu5/showoutline.asp?SYEAR=114&SEM=2&CrsDat=MUSI212&Crsname=鍵盤和聲（一）,,,False,音樂系,MUSI212,2,不分班,"鍵盤和聲（一）
KEYBOARD HARMONY (I)",1,期,False,50,9,0,50,李思嫺,二B(文FA 6011),"['', 'B', '', '', '', '', '']","《講授類》
限音樂系學生修課",[],False
https://selcrs.nsysu.edu.tw/menu5/showoutline.asp?SYEAR=114&SEM=2&CrsDat=MUSI219&Crsname=西洋音樂史（二）,,,False,音樂系,MUSI219,2,不分班,"西洋音樂史（二）
HISTORY OF WESTERN MUSIC II",2,期,True,50,7,20,30,郭瓊嬌,"五3,4(文FA 7003)","['', '', '', '', '34', '', '']",《講授類》,['音樂劇學程'],False
https://selcrs.nsysu.edu.tw/menu5/showoutline.asp?SYEAR=114&SEM=2&CrsDat=MUSI233&Crsname=調性音樂理論與分析（四）,,,False,音樂系,MUSI233,2,不分班,"調性音樂理論與分析（四）
THEORY AND ANALYSIS IN TONAL MUSIC (IV)",2,期,True,50,0,19,31,李思嫺,"三3,4(文FA 4034)","['', '', '34', '', '', '', '']",《講授類》,[],False
https://selcrs.nsysu.edu.tw/menu5/showoutline.asp?SYEAR=114&SEM=2&CrsDat=MUSI246&Crsname=弦樂曲目,,,False,音樂系,MUSI246,3,不分班,"弦樂曲目
STRING REPERTOIRE",2,期,False,50,8,0,50,莊孟勳,"四5,6(文FA 4030)","['', '', '', '56', '', '', '']","《講授類》
限音樂系學生修課",[],False
https://selcrs.nsysu.edu.tw/menu5/showoutline.asp?SYEAR=114&SEM=2&CrsDat=MUSI272&Crsname=管樂曲目,異動,更換時間1/29,False,音樂系,MUSI272,2,不分班,"管樂曲目
WIND REPERTOIRE",2,期,False,50,0,0,50,張瑞芝,"四3,4(文FA 4030)","['', '', '', '34', '', '', '']","《講授類》
限音樂系學生修課",[],False
https://selcrs.nsysu.edu.tw/menu5/showoutline.asp?SYEAR=114&SEM=2&CrsDat=MUSI301&Crsname=弦樂重奏（一）,,,False,音樂系,MUSI301,3,不分班,"弦樂重奏（一）
STRING CHAMBER ENSEMBLE(I)",1,期,False,50,1,0,50,富澤直子,"二3,4(文FA 4031)","['', '34', '', '', '', '', '']","《音樂類》
限音樂系學生修課",[],False
https://selcrs.nsysu.edu.tw/menu5/showoutline.asp?SYEAR=114&SEM=2&CrsDat=MUSI315&Crsname=音樂心理學,,,False,音樂系,MUSI315,3,不分班,"音樂心理學
PSYCHOLOGY OF MUSIC",2,期,False,50,6,0,50,鄭夙雯,"三3,4(文FA 7003)","['', '', '34', '', '', '', '']","《講授類》
限音樂系學生修課","['音樂與高齡照護學程', '表達性藝術治療學程']",False
https://selcrs.nsysu.edu.tw/menu5/showoutline.asp?SYEAR=114&SEM=2&CrsDat=MUSI317&Crsname=管弦樂指揮法,,,False,音樂系,MUSI317,4,不分班,"管弦樂指揮法
ORCHESTRAL CONDUCTING",2,期,False,50,5,0,50,楊智欽,"五8,7(文FA 4031)","['', '', '', '', '78', '', '']","《講授類》
限音樂系學生修課，先修課程基礎指揮法。",[],False
https://selcrs.nsysu.edu.tw/menu5/showoutline.asp?SYEAR=114&SEM=2&CrsDat=MUSI320&Crsname=數位化編曲理論與實作（一）,,,False,音樂系,MUSI320,2,不分班,"數位化編曲理論與實作（一）
MIDI ARRANGEMENTS THEORY AND PRACTICE (I)",2,期,False,50,13,0,50,江俊典,"一8,7(文LA 1012)","['78', '', '', '', '', '', '']",《講授類》,"['沉浸式體驗技術與應用學程', '音場技術與情境感受微學程', '沉浸式體驗內容應用微學程']",False
https://selcrs.nsysu.edu.tw/menu5/showoutline.asp?SYEAR=114&SEM=2&CrsDat=MUSI333&Crsname=鋼琴曲目,,,False,音樂系,MUSI333,3,不分班,"鋼琴曲目
PIANO REPERTOIRE",2,期,False,50,3,0,50,唐佳迎,"二8,7(文FA 4034)","['', '78', '', '', '', '', '']","《講授類》
限音樂系學生修課",[],True
https://selcrs.nsysu.edu.tw/menu5/showoutline.asp?SYEAR=114&SEM=2&CrsDat=MUSI334&Crsname=鋼琴維修與調音,,,False,音樂系,MUSI334,3,不分班,"鋼琴維修與調音
PIANO TUNING AND BASIC REPAIR",2,期,False,20,2,0,20,呂佳能,"五3,4(文FA 4031)","['', '', '', '', '34', '', '']","《講授類》
限音樂系學生修課",[],False
https://selcrs.nsysu.edu.tw/menu5/showoutline.asp?SYEAR=114&SEM=2&CrsDat=MUSI355&Crsname=管樂重奏（二）,異動,更換時間1/29,False,音樂系,MUSI355,3,不分班,"管樂重奏（二）
WIND CHAMBER ENSEMBLE(Ⅱ)",1,期,False,50,1,0,50,張瑞芝,"四1,2(文FA 4031)","['', '', '', '12', '', '', '']","《音樂類》
限音樂系學生修課",[],False
https://selcrs.nsysu.edu.tw/menu5/showoutline.asp?SYEAR=114&SEM=2&CrsDat=MUSI366&Crsname=樂團擊樂聲部詮釋概論,,,False,音樂系,MUSI366,3,不分班,"樂團擊樂聲部詮釋概論
PERCUSSION INTERPRETATION OF ORCHESTRA EXCERPTS",2,期,False,50,1,0,50,陸淯姿,"一8,7(文FA 4030)","['78', '', '', '', '', '', '']","《講授類》
限音樂系學生修課",[],False
https://selcrs.nsysu.edu.tw/menu5/showoutline.asp?SYEAR=114&SEM=2&CrsDat=MUSI372&Crsname=主修（作曲）,,,True,音樂系,MUSI372,3,不分班,"主修（作曲）
MAJOR (THEORY & COMPOSITION)",2,期,True,5,0,0,5,"應廣儀,李思嫺,陳以軒","六1,2()","['', '', '', '', '', '12', '']","《音樂類》
限音樂系學生修課",[],False
https://selcrs.nsysu.edu.tw/menu5/showoutline.asp?SYEAR=114&SEM=2&CrsDat=MUSI374&Crsname=主修（製作）,,,True,音樂系,MUSI374,3,不分班,"主修（製作）
MAJOR(PRODUCTION)",2,期,True,50,1,0,50,"劉聖賢,李思嫺,江俊典,陳以軒,顏竹君,黃盟傑","六1,2()","['', '', '', '', '', '12', '']","《音樂類》
限音樂系學生修課",[],False
https://selcrs.nsysu.edu.tw/menu5/showoutline.asp?SYEAR=114&SEM=2&CrsDat=MUSI378&Crsname=混錄音工程理論與實作（二）,,,False,音樂系,MUSI378,3,不分班,"混錄音工程理論與實作（二）
MIXING AND RECORDING ENGINEERING THEORY AND PRACTICE (II)",2,期,False,50,1,0,50,林鴻君,"二3,4(文FA 5007)","['', '34', '', '', '', '', '']","《講授類》
限音樂系學生修課",[],False
https://selcrs.nsysu.edu.tw/menu5/showoutline.asp?SYEAR=114&SEM=2&CrsDat=MUSI406&Crsname=現代音樂曲目,,,False,音樂系,MUSI406,4,不分班,"現代音樂曲目
MODERN MUSIC REPERTOIRE",2,期,False,50,4,0,50,李思嫺,"五3,4(文FA 4030)","['', '', '', '', '34', '', '']",《講授類》,[],False
https://selcrs.nsysu.edu.tw/menu5/showoutline.asp?SYEAR=114&SEM=2&CrsDat=MUSI409&Crsname=音樂美學,,,False,音樂系,MUSI409,4,不分班,"音樂美學
MUSICAL AESTHETICS",2,期,False,50,11,0,50,郭瓊嬌,"四3,4(文FA 7003)","['', '', '', '34', '', '', '']","《講授類》
限音樂學系學生修課",['跨文化人文思潮與美學微學程'],False
https://selcrs.nsysu.edu.tw/menu5/showoutline.asp?SYEAR=114&SEM=2&CrsDat=MUSI410&Crsname=畢業製作,,,True,音樂系,MUSI410,4,不分班,"畢業製作
GRADUATION RECITAL",0,期,True,50,5,0,50,林雅叙,六B(),"['', '', '', '', '', 'B', '']","《講授類》
限音樂系學生修課",[],False
https://selcrs.nsysu.edu.tw/menu5/showoutline.asp?SYEAR=114&SEM=2&CrsDat=TA107&Crsname=劇場技術基礎,,,True,劇藝系,TA107,1,不分班,"劇場技術基礎
THE FUNDAMENTALS OF THEATRICAL TECHNIQUES",2,期,True,25,5,0,25,"吳怡瑱,蔡詔羽","二3,4(文FA 1014, 2016, 2019)","['', '34', '', '', '', '', '']","《講授類》
限本系單號學生",[],False
https://selcrs.nsysu.edu.tw/menu5/showoutline.asp?SYEAR=114&SEM=2&CrsDat=TA107A&Crsname=劇場技術基礎,,,True,劇藝系,TA107A,1,不分班,"劇場技術基礎
THE FUNDAMENTALS OF THEATRICAL TECHNIQUES",2,期,False,25,6,0,25,"吳怡瑱,蔡詔羽","二3,4(文FA 1014, 2016, 2019)","['', '34', '', '', '', '', '']","《講授類》
限本系雙號學生",[],False
https://selcrs.nsysu.edu.tw/menu5/showoutline.asp?SYEAR=114&SEM=2&CrsDat=TA109&Crsname=排演基礎（二）,,,False,劇藝系,TA109,1,不分班,"排演基礎（二）
INTRODUCTION TO THEATRE PRODUCTION(II)",3,期,False,50,11,0,50,"杜思慧,蔡詔羽","二5,6,7(文FA 3012, 2019)","['', '567', '', '', '', '', '']","《展演》
限修畢排演基礎一",[],False
https://selcrs.nsysu.edu.tw/menu5/showoutline.asp?SYEAR=114&SEM=2&CrsDat=TA153&Crsname=基礎表演（二）,異動,更換時間1/29,False,劇藝系,TA153,1,不分班,"基礎表演（二）
BASIC ACTING(II)",3,期,False,25,5,0,25,何怡璉,"一5,6,7(文FA 2017)","['567', '', '', '', '', '', '']","《展演》
限修畢基礎表演一",[],False
https://selcrs.nsysu.edu.tw/menu5/showoutline.asp?SYEAR=114&SEM=2&CrsDat=TA156&Crsname=基礎發聲,,,False,劇藝系,TA156,1,不分班,"基礎發聲
BASIC VOICE TRAINING",2,期,False,50,6,0,50,林宜誠,"一3,4(文FA 2017)","['34', '', '', '', '', '', '']","《展演》
限修畢基礎表演一","['原民文化探索及永續發展學程', '音樂劇學程']",False
https://selcrs.nsysu.edu.tw/menu5/showoutline.asp?SYEAR=114&SEM=2&CrsDat=TA172&Crsname=基礎設計,,,False,劇藝系,TA172,1,不分班,"基礎設計
FUNDAMENTAL SCENE DESIGN",3,期,False,50,5,0,50,曾景濱,"三2,3,4(文FA 1014)","['', '', '234', '', '', '', '']","《展演》
限修畢劇場設計導論",[],False
https://selcrs.nsysu.edu.tw/menu5/showoutline.asp?SYEAR=114&SEM=2&CrsDat=TA173&Crsname=視覺藝術（二）：繪畫,,,False,劇藝系,TA173,1,不分班,"視覺藝術（二）：繪畫
VISUAL ARTS(II)：DRAWING",2,期,False,30,3,0,30,王以亮,"一5,6(文FA 3009)","['56', '', '', '', '', '', '']",《展演》,[],False
https://selcrs.nsysu.edu.tw/menu5/showoutline.asp?SYEAR=114&SEM=2&CrsDat=TA175&Crsname=技術繪圖,,,False,劇藝系,TA175,1,不分班,"技術繪圖
TECHNICAL DRAWING",2,期,False,50,5,0,50,曾景濱,"一8,9(文FA 1014)","['89', '', '', '', '', '', '']",《講授類》,['機器學習與多媒體技術學程'],False
https://selcrs.nsysu.edu.tw/menu5/showoutline.asp?SYEAR=114&SEM=2&CrsDat=TA202&Crsname=中國戲劇史（二）,,,False,劇藝系,TA202,2,不分班,"中國戲劇史（二）
HISTORY OF CHINESE DRAMA AND THEATER(II)",2,期,True,50,3,42,8,康尹貞,"三3,4(文FA 3009)","['', '', '34', '', '', '', '']",《講授類》,['跨文化人文思潮與美學微學程'],False
https://selcrs.nsysu.edu.tw/menu5/showoutline.asp?SYEAR=114&SEM=2&CrsDat=TA203&Crsname=東方名劇選讀,,,False,劇藝系,TA203,2,不分班,"東方名劇選讀
GUIDED READING AND ANALYSIS OF ORIENTAL PLAYS",3,期,True,50,2,44,6,康尹貞,"二3,4,B(文FA 3009)","['', '34B', '', '', '', '', '']",《講授類》,['跨文化人文思潮與美學微學程'],False
https://selcrs.nsysu.edu.tw/menu5/showoutline.asp?SYEAR=114&SEM=2&CrsDat=TA206&Crsname=劇場管理導論,,,False,劇藝系,TA206,2,不分班,"劇場管理導論
INTRODUCTION TO THEATRE MANAGEMENT",2,期,True,50,1,42,8,吳維緯,"二6,7(文FA 3009)","['', '67', '', '', '', '', '']",《講授類》,['音樂藝術管理與行銷學程'],False
https://selcrs.nsysu.edu.tw/menu5/showoutline.asp?SYEAR=114&SEM=2&CrsDat=TA208&Crsname=劇本解析,,,False,劇藝系,TA208,1,不分班,"劇本解析
SCRIPT INTERPRETATION AND ANALYSIS",3,期,True,50,2,39,11,黃資絜,"三5,6,7(文FA 3012)","['', '', '567', '', '', '', '']",《講授類》,[],False
https://selcrs.nsysu.edu.tw/menu5/showoutline.asp?SYEAR=114&SEM=2&CrsDat=TA210&Crsname=西洋戲劇史（二）,,,False,劇藝系,TA210,1,不分班,"西洋戲劇史（二）
HISTORY OF WESTERN DRAMA(II)",2,期,True,50,1,40,10,許仁豪,"四3,4(文FA 3012)","['', '', '', '34', '', '', '']",《講授類》,['跨文化人文思潮與美學微學程'],False
https://selcrs.nsysu.edu.tw/menu5/showoutline.asp?SYEAR=114&SEM=2&CrsDat=TA231&Crsname=當代劇場與展演,,,False,劇藝系,TA231,2,不分班,"當代劇場與展演
CONTEMPORARY THEATRE AND PERFORMANCE",2,期,False,50,5,0,50,黃資絜,"一8,9(文FA 3012)","['89', '', '', '', '', '', '']",《講授類》,['與社會交往的表演藝術微學程'],False
https://selcrs.nsysu.edu.tw/menu5/showoutline.asp?SYEAR=114&SEM=2&CrsDat=TA255&Crsname=傳統戲曲表演身段（二）,,,False,劇藝系,TA255,1,不分班,"傳統戲曲表演身段（二）
PERFORMANCE TECHNIQUES OF CHINESE TRADITIONAL THEATRE(Ⅱ)",2,期,False,30,0,0,30,王海玲,"四8,9(文FA 2017)","['', '', '', '89', '', '', '']","《展演》
限修畢傳統戲曲身段一",[],False
https://selcrs.nsysu.edu.tw/menu5/showoutline.asp?SYEAR=114&SEM=2&CrsDat=TA259&Crsname=導演（一）,,,False,劇藝系,TA259,2,不分班,"導演（一）
DIRECTING(I)",3,期,False,25,5,0,25,楊士平,"三5,6,7(文FA 2019)","['', '', '567', '', '', '', '']","《展演》
限修畢導演概論",[],False
https://selcrs.nsysu.edu.tw/menu5/showoutline.asp?SYEAR=114&SEM=2&CrsDat=TA260&Crsname=進階表演（二）,,,False,劇藝系,TA260,2,不分班,"進階表演（二）
ADVANCED ACTING (II)",3,期,False,50,6,0,50,杜思慧,"一5,6,7(文FA 2019)","['567', '', '', '', '', '', '']","《展演》
限修畢進階表演一",[],False
https://selcrs.nsysu.edu.tw/menu5/showoutline.asp?SYEAR=114&SEM=2&CrsDat=TA261&Crsname=排演（三）,,,False,劇藝系,TA261,2,不分班,"排演（三）
REHEARSAL（Ⅲ）",3,期,False,50,13,0,50,"吳怡瑱,杜思慧,許仁豪","二8,9,C(文FA 3012, 2019)","['', '89C', '', '', '', '', '']","《展演》
限畢製劇組助理",[],False
https://selcrs.nsysu.edu.tw/menu5/showoutline.asp?SYEAR=114&SEM=2&CrsDat=TA263&Crsname=觀點技巧表演,,,False,劇藝系,TA263,2,不分班,"觀點技巧表演
VIEWPOINTS ON ACTING METHODOLOGY",2,期,False,50,4,0,50,楊士平,"四5,6(文FA 2019)","['', '', '', '56', '', '', '']","《展演》
限修畢進階表演一",[],False
https://selcrs.nsysu.edu.tw/menu5/showoutline.asp?SYEAR=114&SEM=2&CrsDat=TA277&Crsname=舞臺設計（二）,,,False,劇藝系,TA277,2,不分班,"舞臺設計（二）
STAGE DESIGN (II)",3,期,False,50,4,0,50,李怡賡,"四5,6,7(文FA 1014)","['', '', '', '567', '', '', '']","《展演》
限修畢舞臺設計一",[],False
https://selcrs.nsysu.edu.tw/menu5/showoutline.asp?SYEAR=114&SEM=2&CrsDat=TA278&Crsname=電腦輔助繪圖,,,False,劇藝系,TA278,2,不分班,"電腦輔助繪圖
COMPUTER-AIDED DRAFTING",2,期,False,50,5,0,50,李怡賡,"五3,4(文LA 1012)","['', '', '', '', '34', '', '']",《講授類》,"['機器學習與多媒體技術學程', '沉浸式體驗技術與應用學程', '音場技術與情境感受微學程', '沉浸式體驗內容應用微學程']",False
https://selcrs.nsysu.edu.tw/menu5/showoutline.asp?SYEAR=114&SEM=2&CrsDat=TA280&Crsname=劇場服裝設計,,,False,劇藝系,TA280,2,不分班,"劇場服裝設計
COSTUME DESIGN FOR THEATRE",3,期,False,50,4,0,50,吳怡瑱,"三5,6,7(文FA 2016)","['', '', '567', '', '', '', '']",《講授類》,[],False
https://selcrs.nsysu.edu.tw/menu5/showoutline.asp?SYEAR=114&SEM=2&CrsDat=TA281&Crsname=佈景、道具製作技術,,,False,劇藝系,TA281,1,不分班,"佈景、道具製作技術
TECHNIQUES OF SETS AND PROPS PRODUCTION",3,期,False,50,2,0,50,李怡賡,,"['12345678', '12345678', 'A1234567', '12345678', '12345678', '12345678', '']","《展演》
限修畢寒期先修課程及劇場設計導論",[],False
https://selcrs.nsysu.edu.tw/menu5/showoutline.asp?SYEAR=114&SEM=2&CrsDat=TA283&Crsname=舞臺化妝與造型,,,False,劇藝系,TA283,2,不分班,"舞臺化妝與造型
MAKEUP & STYLING FOR PERFORMING ARTS",2,期,False,50,3,0,50,陳盈汝,"一5,6(文FA 2016)","['56', '', '', '', '', '', '']","《展演》
限修畢劇場技術基礎",[],False
https://selcrs.nsysu.edu.tw/menu5/showoutline.asp?SYEAR=114&SEM=2&CrsDat=TA301&Crsname=藝術管理概論,,,False,劇藝系,TA301,3,不分班,"藝術管理概論
INTRODUCTION TO ARTS MANAGEMENT",2,期,False,50,4,0,50,陳尚盈,"四3,4(文FA 3009)","['', '', '', '34', '', '', '']",《講授類》,"['環境教育學程', '法國語言、文化與社會學程', '音樂劇學程']",False
https://selcrs.nsysu.edu.tw/menu5/showoutline.asp?SYEAR=114&SEM=2&CrsDat=TA307&Crsname=演出製作（二）,,,True,劇藝系,TA307,3,不分班,"演出製作（二）
PRODUCTION(II)",3,期,True,50,5,0,50,"何怡璉,康尹貞,李怡賡,黃資絜","四8,9,C(文FA 3009, 2019)","['', '', '', '89C', '', '', '']","《展演》
限修畢演出製作一",[],False
https://selcrs.nsysu.edu.tw/menu5/showoutline.asp?SYEAR=114&SEM=2&CrsDat=TA332&Crsname=基礎研究方法,,,False,劇藝系,TA332,3,不分班,"基礎研究方法
INTRODUCTION TO RESEARCH METHODS",2,期,True,50,5,38,12,黃資絜,"四6,7(文FA 3012)","['', '', '', '67', '', '', '']",《講授類》,[],False
https://selcrs.nsysu.edu.tw/menu5/showoutline.asp?SYEAR=114&SEM=2&CrsDat=TA365&Crsname=歌唱技巧（一）,,,False,劇藝系,TA365,2,不分班,"歌唱技巧（一）
SINGING TECHNIQUE AND STYLE (I)",2,期,False,50,5,0,50,林宜誠,"四3,4(文FA 2017)","['', '', '', '34', '', '', '']",《展演》,"['社區文創微學程', '音樂劇學程']",False
https://selcrs.nsysu.edu.tw/menu5/showoutline.asp?SYEAR=114&SEM=2&CrsDat=TA367&Crsname=音樂劇表演與製作（二）,,,False,劇藝系,TA367,4,不分班,"音樂劇表演與製作（二）
ACTING AND PRODUCTION FOR MUSICAL（II）",3,期,False,50,0,0,50,林宜誠,"一8,9,C(文FA 2017)","['89C', '', '', '', '', '', '']",《展演》,"['原民文化探索及永續發展學程', '音樂劇學程']",False
https://selcrs.nsysu.edu.tw/menu5/showoutline.asp?SYEAR=114&SEM=2&CrsDat=TA368&Crsname=排演（七）,異動,增加合授教師2/3,False,劇藝系,TA368,4,不分班,"排演（七）
REHEARSAL(VII)",3,期,False,50,0,0,50,"曾景濱,林宜誠,蔡詔羽","五5,6,7(文FA 3009, 2019)","['', '', '', '', '567', '', '']","《展演》
限2026年度製作劇組同學",[],False
https://selcrs.nsysu.edu.tw/menu5/showoutline.asp?SYEAR=114&SEM=2&CrsDat=TA375&Crsname=舞臺設計（四）,,,False,劇藝系,TA375,3,不分班,"舞臺設計（四）
STAGE DESIGN (IV)",3,期,False,50,1,0,50,蔡詔羽,"三5,6,7(文FA 1014)","['', '', '567', '', '', '', '']","《展演》
限修畢舞臺設計三",[],False
https://selcrs.nsysu.edu.tw/menu5/showoutline.asp?SYEAR=114&SEM=2&CrsDat=TA376&Crsname=服裝造型與構成（二）,,,False,劇藝系,TA376,2,不分班,"服裝造型與構成（二）
CLOTHES PATTERN DESIGN AND PRACTICE(Ⅱ)",3,期,False,20,2,0,20,劉美蓮,"一8,9,7(文FA 2016)","['789', '', '', '', '', '', '']","《展演》
限修畢服裝造型與構成一或劇場技術基礎",[],False
https://selcrs.nsysu.edu.tw/menu5/showoutline.asp?SYEAR=114&SEM=2&CrsDat=TA377&Crsname=燈光設計（二）,,,False,劇藝系,TA377,3,不分班,"燈光設計（二）
LIGHTING DESIGN (II)",2,期,False,50,3,0,50,蔡詔羽,"二1,2(文FA 2012, 2019)","['', '12', '', '', '', '', '']","《展演》
限修畢燈光設計一",[],False
https://selcrs.nsysu.edu.tw/menu5/showoutline.asp?SYEAR=114&SEM=2&CrsDat=TA378&Crsname=劇場服裝設計專題研討,,,False,劇藝系,TA378,4,不分班,"劇場服裝設計專題研討
SEMINAR IN THEATRE COSTUME DESIGN",3,期,False,50,1,0,50,吳怡瑱,"二5,6,7(文FA 2016)","['', '567', '', '', '', '', '']","《研討類》
限修畢劇場服裝設計",[],False
https://selcrs.nsysu.edu.tw/menu5/showoutline.asp?SYEAR=114&SEM=2&CrsDat=TA394&Crsname=行為和現場藝術,,,False,劇藝系,TA394,3,不分班,"行為和現場藝術
PERFORMANCE AND LIVE ART",3,期,False,50,8,0,50,約書亞沙發兒,"二2,3,4(文FA 2017)","['', '234', '', '', '', '', '']",《展演》,[],True
https://selcrs.nsysu.edu.tw/menu5/showoutline.asp?SYEAR=114&SEM=2&CrsDat=TA404&Crsname=畢業製作（二）,,,True,劇藝系,TA404,4,不分班,"畢業製作（二）
GRADUATION PRODUCTION (Ⅱ)",3,期,True,50,10,0,50,"吳怡瑱,杜思慧,許仁豪","二8,9,C(文FA 3012, 2019)","['', '89C', '', '', '', '', '']","《展演》
限修畢畢業製作一",[],False
https://selcrs.nsysu.edu.tw/menu5/showoutline.asp?SYEAR=114&SEM=2&CrsDat=TA433&Crsname=戲劇評論,,,False,劇藝系,TA433,3,不分班,"戲劇評論
DRAMA REVIEW",3,期,False,50,1,0,50,康尹貞,"一5,6,7(文FA 3012)","['567', '', '', '', '', '', '']",《講授類》,['與社會交往的表演藝術微學程'],False
https://selcrs.nsysu.edu.tw/menu5/showoutline.asp?SYEAR=114&SEM=2&CrsDat=TA451&Crsname=創意表演（三）,,,False,劇藝系,TA451,3,不分班,"創意表演（三）
CREATIVE PERFORMANCE（Ⅲ）",2,期,False,50,1,0,50,楊士平,"三3,4(文FA 2017)","['', '', '34', '', '', '', '']","《展演》
限修畢進階表演一",[],False
https://selcrs.nsysu.edu.tw/menu5/showoutline.asp?SYEAR=114&SEM=2&CrsDat=LIBA122&Crsname=跨文化人文思潮與美學導論,,,False,文學院,LIBA122,0,不分班,"跨文化人文思潮與美學導論
INTRODUCTION TO CROSS-CULTURAL STUDIES AND AESTHETICS",3,期,False,20,5,0,20,何重誼,"四2,3,4(文LA 1001)","['', '', '', '234', '', '', '']",《講授類》,"['當代策展與藝術行政學程', '跨文化人文思潮與美學微學程', '臺灣閩南語文書寫應用與創作微學程', '與社會交往的表演藝術微學程']",True
https://selcrs.nsysu.edu.tw/menu5/showoutline.asp?SYEAR=114&SEM=2&CrsDat=LIBA123&Crsname=跨文化人文思潮與美學-課程與教學實作專題,,,False,文學院,LIBA123,0,不分班,"跨文化人文思潮與美學-課程與教學實作專題
SPECIAL TOPICS IN CROSS-CULTURAL STUDIES AND AESTHETICS",3,期,False,30,1,0,30,"杜思慧,許仁豪,辛翠玲",,"['234567', '234567', '234567', '234567', '234567', '', '']","《講授類》
本課程為暑假至泰國朱拉隆功大學移地教學，包括參訪、工作坊等，且包含部分自費行程。","['跨文化人文思潮與美學微學程', '與社會交往的表演藝術微學程']",False
https://selcrs.nsysu.edu.tw/menu5/showoutline.asp?SYEAR=114&SEM=2&CrsDat=LIBA143&Crsname=基礎程式設計應用,,,False,文學院,LIBA143,0,不分班,"基礎程式設計應用
APPLICATION OF BASIC PROGRAMMING",3,期,False,30,0,0,30,溫嘉榮,"五2,3,4(圖IL PC03)","['', '', '', '', '234', '', '']","《講授類》
『本課程之限修，於加退選2階段開放選修』。限非應數、電機、機電、資工、材光、光電、資管、海工系學生修習 ※併班0330","['智慧高齡生活微學程', '金融工程學程']",False
https://selcrs.nsysu.edu.tw/menu5/showoutline.asp?SYEAR=114&SEM=2&CrsDat=LIBA251&Crsname=哲學問題導論,,,False,文學院,LIBA251,0,不分班,"哲學問題導論
INTRODUCTION TO PHILOSOPHICAL PROBLEMS",3,期,False,30,4,0,30,高長空,"二2,3,4(文LA 1003)","['', '234', '', '', '', '', '']",《講授類》,['法國語言、文化與社會學程'],False
https://selcrs.nsysu.edu.tw/menu5/showoutline.asp?SYEAR=114&SEM=2&CrsDat=BIOS112&Crsname=普通生物學（二）,,,False,生科系,BIOS112,1,不分班,"普通生物學（二）
GENERAL BIOLOGY(II)",4,期,True,50,3,25,25,"傅瀚儀,吳長益,汪海晏,高資棟","一1,2(理SC 1003) 三3,4(理SC 1003)","['12', '', '34', '', '', '', '']",《講授類》,[],False
https://selcrs.nsysu.edu.tw/menu5/showoutline.asp?SYEAR=114&SEM=2&CrsDat=BIOS112A&Crsname=普通生物學（二）,,,False,生科系,BIOS112A,1,全英班,"普通生物學（二）
GENERAL BIOLOGY(II)",4,期,True,50,1,19,31,"傅瀚儀,吳長益,汪海晏,高資棟","一3,4(理SC 1003) 三1,2(理SC 1003)","['34', '', '12', '', '', '', '']",《講授類》,[],True
https://selcrs.nsysu.edu.tw/menu5/showoutline.asp?SYEAR=114&SEM=2&CrsDat=BIOS113&Crsname=普通生物學實驗（二）,,,False,生科系,BIOS113,1,不分班,"普通生物學實驗（二）
GENERAL BIOLOGY LABORATORY(II)",1,期,True,30,2,25,5,"傅瀚儀,汪海晏,高資棟,黃明德","五2,3,4(理SC 3008)(實驗)","['', '', '', '', '234', '', '']","《實驗類》
限本系、雙主修、輔系學生選修及本系一年級(一般組)選修。",[],False
https://selcrs.nsysu.edu.tw/menu5/showoutline.asp?SYEAR=114&SEM=2&CrsDat=BIOS113A&Crsname=普通生物學實驗（二）,,,False,生科系,BIOS113A,1,不分班,"普通生物學實驗（二）
GENERAL BIOLOGY LABORATORY(II)",1,期,True,30,0,20,10,"傅瀚儀,汪海晏,高資棟,黃明德","五5,6,7(理SC 3008)(實驗)","['', '', '', '', '567', '', '']","《實驗類》
限本系、雙主修、輔系學生選修及本系一年級(英語組)選修。",[],False
https://selcrs.nsysu.edu.tw/menu5/showoutline.asp?SYEAR=114&SEM=2&CrsDat=BIOS200&Crsname=有機化學（一）,,,False,生科系,BIOS200,1,不分班,"有機化學（一）
ORGANIC CHEMISTRY(I)",2,期,True,50,3,25,25,王志偉,"四6,7(理SC 0009)","['', '', '', '67', '', '', '']",《講授類》,[],False
https://selcrs.nsysu.edu.tw/menu5/showoutline.asp?SYEAR=114&SEM=2&CrsDat=BIOS200A&Crsname=有機化學（一）,,,False,生科系,BIOS200A,1,全英班,"有機化學（一）
ORGANIC CHEMISTRY(I)",2,期,True,50,1,19,31,張均然,"四5,6(海MB 2020)","['', '', '', '56', '', '', '']",《講授類》,[],True
https://selcrs.nsysu.edu.tw/menu5/showoutline.asp?SYEAR=114&SEM=2&CrsDat=BIOS201&Crsname=有機化學實驗（一）,,,False,生科系,BIOS201,1,不分班,"有機化學實驗（一）
ORGANIC CHEMISTRY LABORATORY(I)",1,期,True,50,1,44,6,黃建智,"四2,3,4(理SC 4020)(實驗)","['', '', '', '234', '', '', '']",《實驗類》,[],False
https://selcrs.nsysu.edu.tw/menu5/showoutline.asp?SYEAR=114&SEM=2&CrsDat=BIOS212&Crsname=遺傳學,,,False,生科系,BIOS212,2,不分班,"遺傳學
GENETICS",3,期,True,50,1,17,33,"劉世慧,吳長益","三2,3,4(理SC 3005)","['', '', '234', '', '', '', '']",《講授類》,"['環境教育學程', '生物技術學程']",False
https://selcrs.nsysu.edu.tw/menu5/showoutline.asp?SYEAR=114&SEM=2&CrsDat=BIOS212A&Crsname=遺傳學,,,False,生科系,BIOS212A,2,全英班,"遺傳學
GENETICS",3,期,True,50,1,13,37,"劉世慧,吳長益","三5,6,7(理SC 3005)","['', '', '567', '', '', '', '']",《講授類》,"['環境教育學程', '生物技術學程']",True
https://selcrs.nsysu.edu.tw/menu5/showoutline.asp?SYEAR=114&SEM=2&CrsDat=BIOS213&Crsname=生物技術實驗,,,False,生科系,BIOS213,2,不分班,"生物技術實驗
BIOTECHNOLOGY LABORATORY",2,期,True,50,0,18,32,"吳長益,李哲欣,陳俊霖,黃明德","一8,9,B,5,6,7(理SC 3009)(實驗)","['B56789', '', '', '', '', '', '']",《實驗類》,"['環境教育學程', '海洋生物資源開發學程', '生物技術學程']",False
https://selcrs.nsysu.edu.tw/menu5/showoutline.asp?SYEAR=114&SEM=2&CrsDat=BIOS213A&Crsname=生物技術實驗,異動,增加合授教師1/14,False,生科系,BIOS213A,2,全英班,"生物技術實驗
BIOTECHNOLOGY LABORATORY",2,期,True,50,1,15,35,"吳長益,李哲欣,陳俊霖,黃明德","二8,9,B,5,6,7(理SC 3009)(實驗)","['', 'B56789', '', '', '', '', '']",《實驗類》,"['環境教育學程', '海洋生物資源開發學程', '生物技術學程']",True
https://selcrs.nsysu.edu.tw/menu5/showoutline.asp?SYEAR=114&SEM=2&CrsDat=BIOS232&Crsname=生物化學（二）,,,False,生科系,BIOS232,2,不分班,"生物化學（二）
BIOCHEMISTRY (II)",3,期,False,50,5,0,50,黃明德,"四2,3,4(理SC 1003)","['', '', '', '234', '', '', '']",《講授類》,['天然藥物合成學程'],False
https://selcrs.nsysu.edu.tw/menu5/showoutline.asp?SYEAR=114&SEM=2&CrsDat=BIOS238&Crsname=細胞生物學,,,False,生科系,BIOS238,3,不分班,"細胞生物學
CELL BIOLOGY",3,期,True,50,1,16,34,"謝文發,高資棟","二2,3,4(理SC 0009)","['', '234', '', '', '', '', '']",《講授類》,['生物技術學程'],False
https://selcrs.nsysu.edu.tw/menu5/showoutline.asp?SYEAR=114&SEM=2&CrsDat=BIOS238A&Crsname=細胞生物學,,,False,生科系,BIOS238A,3,全英班,"細胞生物學
CELL BIOLOGY",3,期,True,50,3,12,38,"謝文發,高資棟","二5,6,7(理SC 0009)","['', '567', '', '', '', '', '']",《講授類》,['生物技術學程'],True
https://selcrs.nsysu.edu.tw/menu5/showoutline.asp?SYEAR=114&SEM=2&CrsDat=BIOS267&Crsname=靈長類行為概論,,,False,生科系,BIOS267,2,不分班,"靈長類行為概論
INTRODUCTION TO PRIMATE BEHAVIOR",2,期,False,50,11,0,50,徐芝敏,"五6,7(理SC 0009)","['', '', '', '', '67', '', '']",《講授類》,[],False
https://selcrs.nsysu.edu.tw/menu5/showoutline.asp?SYEAR=114&SEM=2&CrsDat=BIOS310&Crsname=生態學,,,False,生科系,BIOS310,2,不分班,"生態學
ECOLOGY",3,期,True,50,3,16,34,江友中,"二2,3,4(理SC 3005)","['', '234', '', '', '', '', '']",《講授類》,"['生態想想微學程', '環境科技與管理學程', '生物多樣性學程']",False
https://selcrs.nsysu.edu.tw/menu5/showoutline.asp?SYEAR=114&SEM=2&CrsDat=BIOS310A&Crsname=生態學,異動,修正備註說明1/21,False,生科系,BIOS310A,2,全英班,"生態學
ECOLOGY",3,期,True,50,2,15,35,"夏燦風,邊安台,黃淑萍","二2,3,4(理BI 3001)","['', '234', '', '', '', '', '']","《講授類》
限生科系","['生態想想微學程', '環境科技與管理學程', '生物多樣性學程']",True
https://selcrs.nsysu.edu.tw/menu5/showoutline.asp?SYEAR=114&SEM=2&CrsDat=BIOS313&Crsname=動物生理學,,,False,生科系,BIOS313,3,不分班,"動物生理學
ANIMAL PHYSIOLOGY",3,期,True,50,3,11,39,李昆澤,"四2,3,4(理SC 3005)","['', '', '', '234', '', '', '']",《講授類》,['生物技術學程'],False
https://selcrs.nsysu.edu.tw/menu5/showoutline.asp?SYEAR=114&SEM=2&CrsDat=BIOS313A&Crsname=動物生理學,,,False,生科系,BIOS313A,3,全英班,"動物生理學
ANIMAL PHYSIOLOGY",3,期,True,50,3,14,36,李昆澤,"五2,3,4(理SC 3005)","['', '', '', '', '234', '', '']",《講授類》,['生物技術學程'],True
https://selcrs.nsysu.edu.tw/menu5/showoutline.asp?SYEAR=114&SEM=2&CrsDat=BIOS330&Crsname=免疫學,,,False,生科系,BIOS330,3,不分班,"免疫學
IMMUNOLOGY",3,期,False,50,5,0,50,李哲欣,"一2,3,4(理SC 3005)","['234', '', '', '', '', '', '']",《講授類》,"['海洋天然物微學程', '生物技術學程']",False
https://selcrs.nsysu.edu.tw/menu5/showoutline.asp?SYEAR=114&SEM=2&CrsDat=BIOS334&Crsname=生物技術概論,,,False,生科系,BIOS334,3,不分班,"生物技術概論
INTRODUCTION TO BIOTECHNOLOGY",3,期,False,50,9,0,50,吳長益,"五5,6,7(理SC 3005)","['', '', '', '', '567', '', '']",《講授類》,"['環境教育學程', '海洋微生物及應用推廣微學程', '生物技術學程']",False
https://selcrs.nsysu.edu.tw/menu5/showoutline.asp?SYEAR=114&SEM=2&CrsDat=BIOS339&Crsname=生物化學分析方法,,,False,生科系,BIOS339,3,不分班,"生物化學分析方法
ANALYTICAL TECHNIQUES IN BIOCHEMISTRY",3,期,False,50,7,0,50,傅瀚儀,"一5,6,7(理SC 1003)","['567', '', '', '', '', '', '']",《講授類》,"['生物技術微學程', '海洋生產模式整合學程']",False
https://selcrs.nsysu.edu.tw/menu5/showoutline.asp?SYEAR=114&SEM=2&CrsDat=BIOS363&Crsname=昆蟲學,,,False,生科系,BIOS363,2,不分班,"昆蟲學
ENTOMOLOGY",3,期,False,50,0,0,50,顏聖紘,"三D,E,F(理BI 5013)","['', '', 'DEF', '', '', '', '']",《講授類》,"['環境教育學程', '自然生物資產微學程', '生物多樣性學程']",False
https://selcrs.nsysu.edu.tw/menu5/showoutline.asp?SYEAR=114&SEM=2&CrsDat=BIOS364&Crsname=植物形態學,,,False,生科系,BIOS364,3,不分班,"植物形態學
PLANT MORPHOLOGY",3,期,False,50,3,0,50,高資棟,"四5,6,7(理SC 3010)","['', '', '', '567', '', '', '']",《講授類》,"['環境教育學程', '自然生物資產微學程', '生物多樣性學程']",True
https://selcrs.nsysu.edu.tw/menu5/showoutline.asp?SYEAR=114&SEM=2&CrsDat=BIOS370&Crsname=古生物學和古生態學概論,,,False,生科系,BIOS370,3,不分班,"古生物學和古生態學概論
INTRODUCTION TO PALEOBIOLOGY AND PALEOECOLOGY",3,期,False,50,4,0,50,邊安台,"三5,6,7(理BI 6005)","['', '', '567', '', '', '', '']",《講授類》,"['生態想想微學程', '自然生物資產微學程']",True
https://selcrs.nsysu.edu.tw/menu5/showoutline.asp?SYEAR=114&SEM=2&CrsDat=BIOS397&Crsname=生物科學專題（二）,,,False,生科系,BIOS397,3,不分班,"生物科學專題（二）
INDEPENDENT STUDIES IN BIOLOGICAL SCIENCES (II)",3,期,False,50,4,0,50,"傅瀚儀,徐芝敏,謝文發",二1() 四1() 五1(),"['', '1', '', '1', '1', '', '']",《獨立研究》,[],False
https://selcrs.nsysu.edu.tw/menu5/showoutline.asp?SYEAR=114&SEM=2&CrsDat=BIOS411&Crsname=書報討論（二）,,,False,生科系,BIOS411,4,不分班,"書報討論（二）
SEMINAR(II)",1,期,True,50,0,36,14,陳俊霖,"四B,5(理SC 1003)","['', '', '', 'B5', '', '', '']","《演講/參訪》
限本系大四生修習",[],False
https://selcrs.nsysu.edu.tw/menu5/showoutline.asp?SYEAR=114&SEM=2&CrsDat=BIOS442&Crsname=基因組學,,,False,生科系,BIOS442,3,不分班,"基因組學
GENOMICS",3,期,False,50,1,0,50,"傅瀚儀,劉世慧,黃明德","四5,6,7(理 BI 6005)","['', '', '', '567', '', '', '']",《講授類》,"['生物技術微學程', '生物技術學程', '海洋生產模式整合學程']",False
https://selcrs.nsysu.edu.tw/menu5/showoutline.asp?SYEAR=114&SEM=2&CrsDat=BIOS461&Crsname=生物多樣性與保育,,,False,生科系,BIOS461,4,不分班,"生物多樣性與保育
BIODIVERSITY AND CONSERVATION",2,期,False,50,7,0,50,江友中,"二8,7(理BI 6005)","['', '78', '', '', '', '', '']",《講授類》,"['環境教育學程', '氣候變遷與調適學分學程', '生態想想微學程', '自然生物資產微學程', '海洋生物資源開發學程', '生物多樣性學程', '地方發展與永續農業微學程', '生物資訊與演化生態微學程', '探索海洋國家公園微學程']",False
https://selcrs.nsysu.edu.tw/menu5/showoutline.asp?SYEAR=114&SEM=2&CrsDat=BIOS462&Crsname=野生動物貿易監測與管理,,,False,生科系,BIOS462,4,不分班,"野生動物貿易監測與管理
WILDLIFE TRADE MONITORING AND MANAGEMENT",3,期,False,50,2,0,50,顏聖紘,"四2,3,4(理BI 6005)","['', '', '', '234', '', '', '']",《講授類》,[],False
https://selcrs.nsysu.edu.tw/menu5/showoutline.asp?SYEAR=114&SEM=2&CrsDat=BIOS466&Crsname=昆蟲生態與行為學,,,False,生科系,BIOS466,4,不分班,"昆蟲生態與行為學
INSECT ECOLOGY AND BEHAVIOR",3,期,False,50,3,0,50,邊安台,"一5,6,7(理BI 3001)","['567', '', '', '', '', '', '']",《講授類》,"['生態想想微學程', '生物多樣性學程']",True
https://selcrs.nsysu.edu.tw/menu5/showoutline.asp?SYEAR=114&SEM=2&CrsDat=BIOS470&Crsname=入侵生物學,,,False,生科系,BIOS470,3,不分班,"入侵生物學
INVASION BIOLOGY",2,期,False,50,2,0,50,顏聖紘,"三3,4(理SC 0009)","['', '', '34', '', '', '', '']",《講授類》,[],False
https://selcrs.nsysu.edu.tw/menu5/showoutline.asp?SYEAR=114&SEM=2&CrsDat=BIOS496&Crsname=生物科學學士論文專題（二）,,,False,生科系,BIOS496,4,不分班,"生物科學學士論文專題（二）
INDEPENDENT STUDIES IN BACHELOR'S THESIS OF BIOLOGICAL SCIENCES (II)",3,期,False,50,0,0,50,"傅瀚儀,劉世慧,費卡契",三A() 四A() 五A(),"['', '', 'A', 'A', 'A', '', '']","《獨立研究》
限修過生物科學學士論文專題（一）同學選修",[],False
https://selcrs.nsysu.edu.tw/menu5/showoutline.asp?SYEAR=114&SEM=2&CrsDat=CHEM106&Crsname=微積分（二）,,,False,化學系,CHEM106,1,不分班,"微積分（二）
CALCULUS(II)",3,期,True,50,0,18,32,張福春,"一2,3,4(理SC 1005)","['234', '', '', '', '', '', '']","《講授類》
限化學系同學選修。與光電系及材光系併班。",['人工智慧與數學學程'],False
https://selcrs.nsysu.edu.tw/menu5/showoutline.asp?SYEAR=114&SEM=2&CrsDat=CHEM106A&Crsname=微積分（二）,,,True,化學系,CHEM106A,1,全英班,"微積分（二）
CALCULUS(II)",3,期,True,50,11,0,50,翁鵬絜,"一2,3,4(工EC 1009)","['234', '', '', '', '', '', '']","《講授類》
限化學系同學選修。與光電系、材光系併班。擋修條件: 微積分(一) 學期總成績至少有D等第 。",['人工智慧與數學學程'],True
https://selcrs.nsysu.edu.tw/menu5/showoutline.asp?SYEAR=114&SEM=2&CrsDat=CHEM111&Crsname=普通生物學,,,False,化學系,CHEM111,1,不分班,"普通生物學
GENERAL BIOLOGY",3,期,False,50,6,0,50,謝文發,"四2,3,4(理SC 0012)","['', '', '', '234', '', '', '']",《講授類》,[],True
https://selcrs.nsysu.edu.tw/menu5/showoutline.asp?SYEAR=114&SEM=2&CrsDat=CHEM112&Crsname=化學實驗（二）,,,True,化學系,CHEM112,1,不分班,"化學實驗（二）
CHEMISTRY LABORATORY(II)",2,期,True,50,9,0,50,王志偉,"一6(理SC 4020) 一8,7(理SC 4020)(實驗)","['678', '', '', '', '', '', '']","《實驗類》
限學號雙號選",[],False
https://selcrs.nsysu.edu.tw/menu5/showoutline.asp?SYEAR=114&SEM=2&CrsDat=CHEM112A&Crsname=化學實驗（二）,,,True,化學系,CHEM112A,1,全英班,"化學實驗（二）
CHEMISTRY LABORATORY(II)",2,期,True,50,4,0,50,林渝亞,"五6(理SC 4020) 五8,7(理SC 4020)(實驗)","['', '', '', '', '678', '', '']","《實驗類》
限學號單號選",[],True
https://selcrs.nsysu.edu.tw/menu5/showoutline.asp?SYEAR=114&SEM=2&CrsDat=CHEM112B&Crsname=化學實驗（二）,,,True,化學系,CHEM112B,1,不分班,"化學實驗（二）
CHEMISTRY LABORATORY(II)",2,期,True,50,4,0,50,張柏齡,"一6(理SC 4032) 一8,7(理SC 4032)(實驗)","['678', '', '', '', '', '', '']","《實驗類》
限學號單號選",[],False
https://selcrs.nsysu.edu.tw/menu5/showoutline.asp?SYEAR=114&SEM=2&CrsDat=CHEM112C&Crsname=化學實驗（二）,,,True,化學系,CHEM112C,1,全英班,"化學實驗（二）
CHEMISTRY LABORATORY(II)",2,期,True,50,7,0,50,吳慧芬,"五6(理SC 4032) 五8,7(理SC 4032)(實驗)","['', '', '', '', '678', '', '']","《實驗類》
限學號雙號選",[],True
https://selcrs.nsysu.edu.tw/menu5/showoutline.asp?SYEAR=114&SEM=2&CrsDat=CHEM113&Crsname=有機化學（一）,,,False,化學系,CHEM113,1,不分班,"有機化學（一）
ORGANIC CHEMISTRY (I)",3,期,True,60,8,19,41,李志聰,"一5(理SC 0012) 四6,7(理SC 0012)","['5', '', '', '67', '', '', '']",《講授類》,['半導體製程模組學程'],False
https://selcrs.nsysu.edu.tw/menu5/showoutline.asp?SYEAR=114&SEM=2&CrsDat=CHEM113A&Crsname=有機化學（一）,,,False,化學系,CHEM113A,1,全英班,"有機化學（一）
ORGANIC CHEMISTRY (I)",3,期,True,60,6,25,35,林渝亞,"一5(理SC 2001) 五3,4(理SC 2001)","['5', '', '', '', '34', '', '']",《講授類》,['半導體製程模組學程'],True
https://selcrs.nsysu.edu.tw/menu5/showoutline.asp?SYEAR=114&SEM=2&CrsDat=CHEM114&Crsname=分析化學（一）,,,False,化學系,CHEM114,1,不分班,"分析化學（一）
ANAYTICAL CHEMISTRY(I)",3,期,True,50,7,21,29,曾韋龍,"四5(理SC 0012) 五5,6(理SC 0012)","['', '', '', '5', '56', '', '']",《講授類》,"['半導體製程模組學程', '生物技術學程']",False
https://selcrs.nsysu.edu.tw/menu5/showoutline.asp?SYEAR=114&SEM=2&CrsDat=CHEM114A&Crsname=分析化學（一）,,,False,化學系,CHEM114A,1,全英班,"分析化學（一）
ANAYTICAL CHEMISTRY(I)",3,期,True,50,2,25,25,吳慧芬,"一6,7(理SC 2001) 五5(理SC 2001)","['67', '', '', '', '5', '', '']",《講授類》,"['半導體製程模組學程', '生物技術學程']",True
https://selcrs.nsysu.edu.tw/menu5/showoutline.asp?SYEAR=114&SEM=2&CrsDat=CHEM210&Crsname=生物化學（二）,,,False,化學系,CHEM210,4,不分班,"生物化學（二）
BIOCHEMISTRY(II)",3,期,False,50,15,0,50,范秀芳,"二2,3,4(理CH 3002)","['', '234', '', '', '', '', '']","《講授類》
化學系主題課程。2-4年級皆可選修。",['天然藥物合成學程'],False
https://selcrs.nsysu.edu.tw/menu5/showoutline.asp?SYEAR=114&SEM=2&CrsDat=CHEM213&Crsname=化學實驗（四）,,,True,化學系,CHEM213,2,不分班,"化學實驗（四）
CHEMISTRY LABORATORY(IV)",2,期,True,50,6,0,50,蔡明利,二6(理SC 3004) 二7(理SC 4019)(實驗) 二8(理SC 4020)(實驗),"['', '678', '', '', '', '', '']","《實驗類》
限學號單號選",[],False
https://selcrs.nsysu.edu.tw/menu5/showoutline.asp?SYEAR=114&SEM=2&CrsDat=CHEM213A&Crsname=化學實驗（四）,,,True,化學系,CHEM213A,2,全英班,"化學實驗（四）
CHEMISTRY LABORATORY(IV)",2,期,True,50,3,0,50,蔡明利,四5(理SC 3004) 四6(理SC 4019)(實驗) 四7(理SC 4020)(實驗),"['', '', '', '567', '', '', '']","《實驗類》
限學號單號選",[],True
https://selcrs.nsysu.edu.tw/menu5/showoutline.asp?SYEAR=114&SEM=2&CrsDat=CHEM213B&Crsname=化學實驗（四）,,,True,化學系,CHEM213B,2,不分班,"化學實驗（四）
CHEMISTRY LABORATORY(IV)",2,期,True,50,5,0,50,張元賓,"二6(理SC 4031) 二8,7(理SC 4031)(實驗)","['', '678', '', '', '', '', '']","《實驗類》
限學號雙號選",[],False
https://selcrs.nsysu.edu.tw/menu5/showoutline.asp?SYEAR=114&SEM=2&CrsDat=CHEM213C&Crsname=化學實驗（四）,,,True,化學系,CHEM213C,2,全英班,"化學實驗（四）
CHEMISTRY LABORATORY(IV)",2,期,True,50,4,0,50,張元賓,"四5(理SC 4031) 四6,7(理SC 4031)(實驗)","['', '', '', '567', '', '', '']","《實驗類》
限學號雙號選",[],True
https://selcrs.nsysu.edu.tw/menu5/showoutline.asp?SYEAR=114&SEM=2&CrsDat=CHEM216&Crsname=無機化學（一）,,,False,化學系,CHEM216,2,不分班,"無機化學（一）
INORGANIC CHEMISTRY(I)",3,期,True,50,1,31,19,邱政超,"一6,7(理SC 0012) 三4(理SC 0012)","['67', '', '4', '', '', '', '']",《講授類》,"['半導體製程模組學程', '半導體設備工程學程']",False
https://selcrs.nsysu.edu.tw/menu5/showoutline.asp?SYEAR=114&SEM=2&CrsDat=CHEM216A&Crsname=無機化學（一）,,,False,化學系,CHEM216A,2,全英班,"無機化學（一）
INORGANIC CHEMISTRY(I)",3,期,True,50,6,20,30,陳軍互,"三2,3(理SC 2001) 四2(理SC 2001)","['', '', '23', '2', '', '', '']",《講授類》,"['半導體製程模組學程', '半導體設備工程學程']",True
https://selcrs.nsysu.edu.tw/menu5/showoutline.asp?SYEAR=114&SEM=2&CrsDat=CHEM217&Crsname=物理化學（一）,,,False,化學系,CHEM217,2,不分班,"物理化學（一）
PHYSICAL CHEMISTRY (I)",3,期,True,50,3,30,20,丁尚武,"一8(理SC 0012) 三2,3(理SC 0012)","['8', '', '23', '', '', '', '']",《講授類》,['半導體製程模組學程'],False
https://selcrs.nsysu.edu.tw/menu5/showoutline.asp?SYEAR=114&SEM=2&CrsDat=CHEM217A&Crsname=物理化學（一）,,,False,化學系,CHEM217A,2,全英班,"物理化學（一）
PHYSICAL CHEMISTRY (I)",3,期,True,50,5,20,30,丁尚武,"三4(理SC 2001) 四3,4(理SC 2001)","['', '', '4', '34', '', '', '']",《講授類》,['半導體製程模組學程'],True
https://selcrs.nsysu.edu.tw/menu5/showoutline.asp?SYEAR=114&SEM=2&CrsDat=CHEM318&Crsname=專題研究（二）,,,False,化學系,CHEM318,3,不分班,"專題研究（二）
INDEPENDENT STUDIES(II)",3,期,False,50,10,0,50,謝淑貞,一A() 三A() 五A(),"['A', '', 'A', '', 'A', '', '']",《獨立研究》,[],False
https://selcrs.nsysu.edu.tw/menu5/showoutline.asp?SYEAR=114&SEM=2&CrsDat=CHEM404&Crsname=專題研究（四）,,,False,化學系,CHEM404,4,不分班,"專題研究（四）
INDEPENDENT STUDIES(IV)",3,期,False,50,3,0,50,謝淑貞,二A() 四A() 五B(),"['', 'A', '', 'A', 'B', '', '']",《獨立研究》,[],False
https://selcrs.nsysu.edu.tw/menu5/showoutline.asp?SYEAR=114&SEM=2&CrsDat=CHEM423&Crsname=化學與半導體產業創新與創業講座,,,False,化學系,CHEM423,4,不分班,"化學與半導體產業創新與創業講座
SPECIAL LECTURES ON INNOVATION AND ENTREPRENEURSHIP IN CHEMICAL AND SEMICONDUCTOR INDUSTRIES",3,期,False,60,13,0,60,"曾韋龍,謝淑貞","三2,3,4(理SC 1001)","['', '', '234', '', '', '', '']",《演講/參訪》,['半導體化學學程'],False
https://selcrs.nsysu.edu.tw/menu5/showoutline.asp?SYEAR=114&SEM=2&CrsDat=CHEM429&Crsname=氣膠科學導論,,,False,化學系,CHEM429,4,不分班,"氣膠科學導論
FUNDAMENTALS OF AEROSOL SCIENCES",3,期,False,50,3,0,50,王家蓁,"四8,6,7(理SC 2001)","['', '', '', '678', '', '', '']","《講授類》
化學系主題課程。2-4年級皆可選修。","['海洋天然物微學程', '氣膠、大氣與海洋微學程', '氣膠科學環境教育微學程', 'STREAM永續發展培力微學程', '工業污染防治及減排微學程']",True
https://selcrs.nsysu.edu.tw/menu5/showoutline.asp?SYEAR=114&SEM=2&CrsDat=CHEM431&Crsname=生醫技術導論,,,False,化學系,CHEM431,3,不分班,"生醫技術導論
INTRODUCTION TO BIOMEDICAL TECHNIQUES",3,期,False,50,12,0,50,張柏齡,"五8,6,7(理SC 2001)","['', '', '', '', '678', '', '']","《講授類》
化學系主題課程。2-4年級皆可選修。",['天然藥物合成學程'],False
https://selcrs.nsysu.edu.tw/menu5/showoutline.asp?SYEAR=114&SEM=2&CrsDat=CHEM433&Crsname=有機化學（三）,,,False,化學系,CHEM433,2,不分班,"有機化學（三）
ORGANIC CHEMISTRY(III)",3,期,False,50,21,0,50,黃建智,"三5,6,7(理SC 2001)","['', '', '567', '', '', '', '']","《講授類》
化學系主題課程。2-4年級皆可選修。","['半導體製程模組學程', '天然藥物合成學程', '有機和材料合成學程']",False
https://selcrs.nsysu.edu.tw/menu5/showoutline.asp?SYEAR=114&SEM=2&CrsDat=CHEM434&Crsname=書報討論,異動,更換時間1/5,True,化學系,CHEM434,3,不分班,"書報討論
SEMINAR",1,期,True,15,9,0,15,梁子輝,四5(理CH 2002),"['', '', '', '5', '', '', '']","《研討類》
限有機、無機領域",[],False
https://selcrs.nsysu.edu.tw/menu5/showoutline.asp?SYEAR=114&SEM=2&CrsDat=CHEM434A&Crsname=書報討論,,,True,化學系,CHEM434A,3,全英班,"書報討論
SEMINAR",1,期,True,15,3,0,15,克里斯那,二5(理CH 2002),"['', '5', '', '', '', '', '']","《研討類》
限物化、分析領域",[],True
https://selcrs.nsysu.edu.tw/menu5/showoutline.asp?SYEAR=114&SEM=2&CrsDat=CHEM434B&Crsname=書報討論,,,True,化學系,CHEM434B,3,不分班,"書報討論
SEMINAR",1,期,True,15,8,0,15,蔣昭明,四4(理CH 4002),"['', '', '', '4', '', '', '']","《研討類》
限物化、分析領域",[],False
https://selcrs.nsysu.edu.tw/menu5/showoutline.asp?SYEAR=114&SEM=2&CrsDat=CHEM434C&Crsname=書報討論,,,True,化學系,CHEM434C,3,全英班,"書報討論
SEMINAR",1,期,True,15,2,0,15,王志偉,一5(理SC 3004),"['5', '', '', '', '', '', '']","《研討類》
限有機、無機領域",[],True
https://selcrs.nsysu.edu.tw/menu5/showoutline.asp?SYEAR=114&SEM=2&CrsDat=CHEM436&Crsname=無機化學（三）,,,False,化學系,CHEM436,3,不分班,"無機化學（三）
INORGANIC CHEMISTRY (III)",3,期,False,50,13,0,50,陳軍互,"一2,3,4(理SC 2001)","['234', '', '', '', '', '', '']","《講授類》
化學系主題課程。2-4年級皆可選修。","['半導體製程模組學程', '半導體設備工程學程']",True
https://selcrs.nsysu.edu.tw/menu5/showoutline.asp?SYEAR=114&SEM=2&CrsDat=CHEM439&Crsname=半導體微汙染化學分析,,,False,化學系,CHEM439,4,不分班,"半導體微汙染化學分析
CHEMICAL ANALYSIS FOR MICRO-CONTAMINATION IN SEMICONDUCTOR MANUFACTURING",3,期,False,140,35,0,140,謝建台,"二8,6,7(理SC 1005)","['', '678', '', '', '', '', '']",《講授類》,['半導體化學學程'],False
https://selcrs.nsysu.edu.tw/menu5/showoutline.asp?SYEAR=114&SEM=2&CrsDat=CHEM440&Crsname=物理化學（三）,,,False,化學系,CHEM440,3,不分班,"物理化學（三）
PHYSICAL CHEMISTRY (III)",3,期,False,50,9,0,50,張元賓,"五2,3,4(理SC 0012)","['', '', '', '', '234', '', '']","《講授類》
化學系主題課程。2-4年級皆可選修。",[],True
https://selcrs.nsysu.edu.tw/menu5/showoutline.asp?SYEAR=114&SEM=2&CrsDat=CHEM445&Crsname=光電材料概論,,,False,化學系,CHEM445,4,不分班,"光電材料概論
INTRODUCTION TO OPTOELECTRONIC MATERIALS",3,期,False,50,7,0,50,林煒淳,"一2,3,4(工EC 4038)","['234', '', '', '', '', '', '']","《講授類》
化學系主題課程。2-4年級皆可選修。",[],True
https://selcrs.nsysu.edu.tw/menu5/showoutline.asp?SYEAR=114&SEM=2&CrsDat=PHYS102&Crsname=基礎物理實作（二）,,,False,物理系,PHYS102,1,全英班,"基礎物理實作（二）
EXPERIMENTAL APPROACHES IN PHYSICS (II)",3,期,True,50,0,23,27,洪昇廷,"一8,6,7(理SC 0017)","['678', '', '', '', '', '', '']",《講授類》,[],True
https://selcrs.nsysu.edu.tw/menu5/showoutline.asp?SYEAR=114&SEM=2&CrsDat=PHYS112&Crsname=微積分（二）,,,False,物理系,PHYS112,1,不分班,"微積分（二）
CALCULUS(II)",3,期,True,50,1,22,28,陳美如,"四2,3,4(理SC 1005)","['', '', '', '234', '', '', '']","《講授類》
與電機系併班上課",['人工智慧與數學學程'],False
https://selcrs.nsysu.edu.tw/menu5/showoutline.asp?SYEAR=114&SEM=2&CrsDat=PHYS112A&Crsname=微積分（二）,,,False,物理系,PHYS112A,1,全英班,"微積分（二）
CALCULUS(II)",3,期,True,50,0,23,27,陳美如,"五2,3,4(工EC 1001)","['', '', '', '', '234', '', '']","《講授類》
與電機系英文組併班上課",['人工智慧與數學學程'],True
https://selcrs.nsysu.edu.tw/menu5/showoutline.asp?SYEAR=114&SEM=2&CrsDat=PHYS114&Crsname=普通化學（二）,,,False,物理系,PHYS114,1,不分班,"普通化學（二）
GENERAL CHEMISTRY(II)",3,期,True,50,2,22,28,梁子輝,"五2,3,4(理SC 0008)","['', '', '', '', '234', '', '']","《講授類》
與材光系併班上課",['半導體設備工程學程'],False
https://selcrs.nsysu.edu.tw/menu5/showoutline.asp?SYEAR=114&SEM=2&CrsDat=PHYS114A&Crsname=普通化學（二）,,,False,物理系,PHYS114A,1,全英班,"普通化學（二）
GENERAL CHEMISTRY(II)",3,期,True,50,4,23,27,克里斯那,"五5,6,7(工EC 2002)","['', '', '', '', '567', '', '']","《講授類》
與材光系併班上課",['半導體設備工程學程'],True
https://selcrs.nsysu.edu.tw/menu5/showoutline.asp?SYEAR=114&SEM=2&CrsDat=PHYS116&Crsname=普通化學實驗（二）,,,False,物理系,PHYS116,1,不分班,"普通化學實驗（二）
GENERAL CHEMISTRY LABORATORY(II)",1,期,True,50,2,22,28,王家蓁,"五5,6,7(理SC 4019)(實驗)","['', '', '', '', '567', '', '']",《實驗類》,[],False
https://selcrs.nsysu.edu.tw/menu5/showoutline.asp?SYEAR=114&SEM=2&CrsDat=PHYS116A&Crsname=普通化學實驗（二）,,,False,物理系,PHYS116A,1,全英班,"普通化學實驗（二）
GENERAL CHEMISTRY LABORATORY(II)",1,期,True,50,2,23,27,楊崇鑫,"一2,3,4(理SC 4019)(實驗)","['234', '', '', '', '', '', '']",《實驗類》,[],True
https://selcrs.nsysu.edu.tw/menu5/showoutline.asp?SYEAR=114&SEM=2&CrsDat=PHYS118&Crsname=普通物理學演習（二）,,,False,物理系,PHYS118,1,不分班,"普通物理學演習（二）
GENERAL PHYSICS RECITATION (II)",1,期,False,50,8,0,50,陳易馨,三6(理SC 0008),"['', '', '6', '', '', '', '']","《講授類》
本課程與普通物理學(二)一起規劃課程, 需與普通物理學(二)一起修習",[],False
https://selcrs.nsysu.edu.tw/menu5/showoutline.asp?SYEAR=114&SEM=2&CrsDat=PHYS119&Crsname=基礎物理數學,,,False,物理系,PHYS119,1,不分班,"基礎物理數學
MATHEMATICS FOR FUNDAMENTAL PHYSICS",3,期,False,50,4,0,50,朱家誼,"三2,3,4(理PH 1009)","['', '', '234', '', '', '', '']",《講授類》,[],False
https://selcrs.nsysu.edu.tw/menu5/showoutline.asp?SYEAR=114&SEM=2&CrsDat=PHYS120&Crsname=物理發展史,,,False,物理系,PHYS120,1,不分班,"物理發展史
HISTORY OF PHYSICS",3,期,False,30,16,0,30,邱奎霖,"二5,6,7(理SC 1001)","['', '567', '', '', '', '', '']","《講授類》
物理系學生優先選課，與跨院選修GEAI1225 課程併班上課",[],False
https://selcrs.nsysu.edu.tw/menu5/showoutline.asp?SYEAR=114&SEM=2&CrsDat=PHYS202&Crsname=應用數學（二）,,,False,物理系,PHYS202,2,不分班,"應用數學（二）
APPLIED MATHEMATICS (II)",3,期,True,50,1,23,27,陳宗緯,"三6(理PH 1008) 四3,4(理PH 1008)","['', '', '6', '34', '', '', '']","《講授類》
此為一般組必修課程，提供全英組學生做為選修課程","['半導體製程模組學程', '半導體元件學程']",False
https://selcrs.nsysu.edu.tw/menu5/showoutline.asp?SYEAR=114&SEM=2&CrsDat=PHYS204&Crsname=力學（二）,,,False,物理系,PHYS204,2,不分班,"力學（二）
MACHANICS(II)",3,期,True,50,2,23,27,黃旭明,"一2,3,4(理PH 1008)","['234', '', '', '', '', '', '']","《講授類》
此為一般組必修課程，提供全英組學生做為選修課程",[],False
https://selcrs.nsysu.edu.tw/menu5/showoutline.asp?SYEAR=114&SEM=2&CrsDat=PHYS208&Crsname=實驗物理學（二）,,,False,物理系,PHYS208,2,不分班,"實驗物理學（二）
EXPERIMENTAL PHYSICS(II)",3,期,True,30,1,22,8,盧怡穎,"二8,6,7(理SC 2011)","['', '678', '', '', '', '', '']",《講授類》,[],False
https://selcrs.nsysu.edu.tw/menu5/showoutline.asp?SYEAR=114&SEM=2&CrsDat=PHYS213&Crsname=科技專題演講（一）,,,False,物理系,PHYS213,2,不分班,"科技專題演講（一）
COLLOQUIUM ON SCIENCE AND TECHNOLOGY (I)",1,期,False,50,3,0,50,朱家誼,四5(理PH 2006),"['', '', '', '5', '', '', '']",《演講/參訪》,[],False
https://selcrs.nsysu.edu.tw/menu5/showoutline.asp?SYEAR=114&SEM=2&CrsDat=PHYS214&Crsname=近代物理,,,False,物理系,PHYS214,2,不分班,"近代物理
MODERN PHYSICS",3,期,False,50,5,0,50,張鼎張,"五2,3,4(理PH 2006)","['', '', '', '', '234', '', '']",《講授類》,"['量子材料微學程', '矽光子暨半導體學程', '半導體製程模組學程', '半導體元件學程', '半導體物理與先進元件分析微學程']",False
https://selcrs.nsysu.edu.tw/menu5/showoutline.asp?SYEAR=114&SEM=2&CrsDat=PHYS215&Crsname=相對論,異動,更換時間1/27,False,物理系,PHYS215,3,不分班,"相對論
RELATIVITY",3,期,False,50,2,0,50,狄米契,"四8,9(理PH 5009) 五9(理PH 5009)","['', '', '', '89', '9', '', '']",《講授類》,[],True
https://selcrs.nsysu.edu.tw/menu5/showoutline.asp?SYEAR=114&SEM=2&CrsDat=PHYS220&Crsname=基礎量子物理（二）,,,False,物理系,PHYS220,2,全英班,"基礎量子物理（二）
INTRODUCTION TO QUANTUM PHYSICS (II)",3,期,True,50,0,19,31,郭政育,"一7(理PH 1009) 四6,7(理PH 1009)","['7', '', '', '67', '', '', '']","《講授類》
此為全英組必修課程，提供一般組學生做為選修課程",['量子材料微學程'],True
https://selcrs.nsysu.edu.tw/menu5/showoutline.asp?SYEAR=114&SEM=2&CrsDat=PHYS222&Crsname=物理數學與數值方法（二）,,,False,物理系,PHYS222,2,全英班,"物理數學與數值方法（二）
MATHEMATICS AND CODING ON PHYSICS (II)",3,期,True,50,0,19,31,岩本祥,"一5,6(理PH 1009) 四8(理PH 1009)","['56', '', '', '8', '', '', '']","《講授類》
此為全英組必修課程，提供一般組學生做為選修課程",['計算物理及人工智慧微學程'],True
https://selcrs.nsysu.edu.tw/menu5/showoutline.asp?SYEAR=114&SEM=2&CrsDat=PHYS224&Crsname=進階物理實作（二）,,,False,物理系,PHYS224,2,全英班,"進階物理實作（二）
PHYSICS IMPLEMENTATION (II)",3,期,True,50,0,18,32,盧怡穎,"五8,6,7(理SC 2011)","['', '', '', '', '678', '', '']",《講授類》,[],True
https://selcrs.nsysu.edu.tw/menu5/showoutline.asp?SYEAR=114&SEM=2&CrsDat=PHYS227&Crsname=實用光電物理,,,False,物理系,PHYS227,3,不分班,"實用光電物理
APPLIED OPTOELECTRONIC PHYSICS",2,期,False,50,1,0,50,"嚴祖強,洪昇廷,陳易馨","二C,D(理SC 2006)","['', 'CD', '', '', '', '', '']",《講授類》,[],False
https://selcrs.nsysu.edu.tw/menu5/showoutline.asp?SYEAR=114&SEM=2&CrsDat=PHYS304&Crsname=量子物理（二）,,,False,物理系,PHYS304,3,不分班,"量子物理（二）
QUANTUM PHYSICS (II)",3,期,True,50,2,25,25,呂浩宇,"三7(理PH 1009) 五3,4(理PH 1009)","['', '', '7', '', '34', '', '']","《講授類》
此為一般組必修課程，提供全英組學生做為選修課程","['量子材料微學程', '半導體製程模組學程', '半導體元件學程']",False
https://selcrs.nsysu.edu.tw/menu5/showoutline.asp?SYEAR=114&SEM=2&CrsDat=PHYS306&Crsname=實驗物理學（四）,,,False,物理系,PHYS306,3,不分班,"實驗物理學（四）
EXPERIMENTAL PHYSICS (IV)",2,期,False,50,0,0,50,黃旭明,"五6(理SC 2009, 理SC 2010) 五8,7(理SC 2009, 理SC 2010)(實驗)","['', '', '', '', '678', '', '']",《講授類》,[],False
https://selcrs.nsysu.edu.tw/menu5/showoutline.asp?SYEAR=114&SEM=2&CrsDat=PHYS314&Crsname=物理研究專題（二）,,,True,物理系,PHYS314,3,全英班,"物理研究專題（二）
INDEPENDENT STUDIES IN PHYSICS(II)",3,期,True,50,1,0,50,陳易馨,"二A,1,B(理PH 6010)","['', 'A1B', '', '', '', '', '']","《獨立研究》
研究主題：量子光學，請事先與老師洽談。",[],True
https://selcrs.nsysu.edu.tw/menu5/showoutline.asp?SYEAR=114&SEM=2&CrsDat=PHYS314A&Crsname=物理研究專題（二）,,,True,物理系,PHYS314A,3,全英班,"物理研究專題（二）
INDEPENDENT STUDIES IN PHYSICS(II)",3,期,True,50,0,0,50,黃信銘,"三A,1,B(理PH 6001)","['', '', 'A1B', '', '', '', '']","《獨立研究》
研究主題：拓樸物理的對稱研究，請事先與老師洽談。",[],True
https://selcrs.nsysu.edu.tw/menu5/showoutline.asp?SYEAR=114&SEM=2&CrsDat=PHYS314B&Crsname=物理研究專題（二）,,,True,物理系,PHYS314B,3,全英班,"物理研究專題（二）
INDEPENDENT STUDIES IN PHYSICS(II)",3,期,True,50,2,0,50,周雄,"一C,D,E(理PH 7008)","['CDE', '', '', '', '', '', '']","《獨立研究》
研究主題：生物感測器平台之研究、三態超導之研究，請事先與老師洽談。",[],True
https://selcrs.nsysu.edu.tw/menu5/showoutline.asp?SYEAR=114&SEM=2&CrsDat=PHYS314C&Crsname=物理研究專題（二）,,,True,物理系,PHYS314C,3,全英班,"物理研究專題（二）
INDEPENDENT STUDIES IN PHYSICS(II)",3,期,True,50,2,0,50,邱奎霖,"四A,1,B(理PH 3007)","['', '', '', 'A1B', '', '', '']","《獨立研究》
研究主題：量子計算，請事先與老師洽談。",[],True
https://selcrs.nsysu.edu.tw/menu5/showoutline.asp?SYEAR=114&SEM=2&CrsDat=PHYS314D&Crsname=物理研究專題（二）,,,True,物理系,PHYS314D,3,全英班,"物理研究專題（二）
INDEPENDENT STUDIES IN PHYSICS(II)",3,期,True,50,0,0,50,狄米契,"四A,1,B(理PH 6005)","['', '', '', 'A1B', '', '', '']","《獨立研究》
研究主題：Machine learning applications in physics，請事先與老師洽談。",[],True
https://selcrs.nsysu.edu.tw/menu5/showoutline.asp?SYEAR=114&SEM=2&CrsDat=PHYS314E&Crsname=物理研究專題（二）,,,True,物理系,PHYS314E,3,全英班,"物理研究專題（二）
INDEPENDENT STUDIES IN PHYSICS(II)",3,期,True,50,1,0,50,洪昇廷,"五A,1,B(理PH 6008)","['', '', '', '', 'A1B', '', '']","《獨立研究》
研究主題：微流體生醫影像平台，請事先與老師洽談。",[],True
https://selcrs.nsysu.edu.tw/menu5/showoutline.asp?SYEAR=114&SEM=2&CrsDat=PHYS314F&Crsname=物理研究專題（二）,,,True,物理系,PHYS314F,3,全英班,"物理研究專題（二）
INDEPENDENT STUDIES IN PHYSICS(II)",3,期,True,50,1,0,50,郭政育,"四A,1,B(理PH 5005)","['', '', '', 'A1B', '', '', '']","《獨立研究》
研究主題：邁射星系與黑洞質量測量研究，請事先與老師洽談。",[],True
https://selcrs.nsysu.edu.tw/menu5/showoutline.asp?SYEAR=114&SEM=2&CrsDat=PHYS314G&Crsname=物理研究專題（二）,,,True,物理系,PHYS314G,3,全英班,"物理研究專題（二）
INDEPENDENT STUDIES IN PHYSICS(II)",3,期,True,50,0,0,50,朱家誼,"四A,1,B(理PH 5006)","['', '', '', 'A1B', '', '', '']","《獨立研究》
研究主題：幾何與量子物理(Geometry and quantum physics)，請事先與老師洽談。",[],True
https://selcrs.nsysu.edu.tw/menu5/showoutline.asp?SYEAR=114&SEM=2&CrsDat=PHYS314H&Crsname=物理研究專題（二）,,,True,物理系,PHYS314H,3,全英班,"物理研究專題（二）
INDEPENDENT STUDIES IN PHYSICS(II)",3,期,True,50,0,0,50,盧怡穎,"二A,1,B(理PH 6009)","['', 'A1B', '', '', '', '', '']","《獨立研究》
研究主題：二維材料在感應器上的應用，請事先與老師洽談。",[],True
https://selcrs.nsysu.edu.tw/menu5/showoutline.asp?SYEAR=114&SEM=2&CrsDat=PHYS314I&Crsname=物理研究專題（二）,,,True,物理系,PHYS314I,3,全英班,"物理研究專題（二）
INDEPENDENT STUDIES IN PHYSICS(II)",3,期,True,50,0,0,50,莊豐權,"一A,1,B(理PH 4007)","['A1B', '', '', '', '', '', '']","《獨立研究》
研究主題：利用第一原理研究新穎二維材料，請事先與老師洽談。",[],True
https://selcrs.nsysu.edu.tw/menu5/showoutline.asp?SYEAR=114&SEM=2&CrsDat=PHYS314J&Crsname=物理研究專題（二）,,,True,物理系,PHYS314J,3,全英班,"物理研究專題（二）
INDEPENDENT STUDIES IN PHYSICS(II)",3,期,True,50,0,0,50,史丹哲夫,"四A,1,B(理PH 3008)","['', '', '', 'A1B', '', '', '']","《獨立研究》
研究主題：Time-domain terahertz spectroscopy and single-pixel cameras，請事先與老師洽談。",[],True
https://selcrs.nsysu.edu.tw/menu5/showoutline.asp?SYEAR=114&SEM=2&CrsDat=PHYS314K&Crsname=物理研究專題（二）,,,True,物理系,PHYS314K,3,全英班,"物理研究專題（二）
INDEPENDENT STUDIES IN PHYSICS(II)",3,期,True,50,1,0,50,郭建成,"五A,1,B(理PH 2009)","['', '', '', '', 'A1B', '', '']","《獨立研究》
研究主題：二維新穎材料的原子影像，請事先與老師洽談。",[],True
https://selcrs.nsysu.edu.tw/menu5/showoutline.asp?SYEAR=114&SEM=2&CrsDat=PHYS314L&Crsname=物理研究專題（二）,,,True,物理系,PHYS314L,3,全英班,"物理研究專題（二）
INDEPENDENT STUDIES IN PHYSICS(II)",3,期,True,50,0,0,50,黃旭明,"一C,D,E(理PH 2008)","['CDE', '', '', '', '', '', '']","《獨立研究》
研究主題：低微材料的電性傳輸性質，請事先與老師洽談。",[],True
https://selcrs.nsysu.edu.tw/menu5/showoutline.asp?SYEAR=114&SEM=2&CrsDat=PHYS314M&Crsname=物理研究專題（二）,,,True,物理系,PHYS314M,3,全英班,"物理研究專題（二）
INDEPENDENT STUDIES IN PHYSICS(II)",3,期,True,50,1,0,50,張鼎張,"日C,D,E(理PH 7009)","['', '', '', '', '', '', 'CDE']","《獨立研究》
研究主題：前瞻半導體元件性能及可靠度分析、次世代可撓式薄膜電晶體平面顯示器性能及可靠度分析，請事先與老師洽談。",[],True
https://selcrs.nsysu.edu.tw/menu5/showoutline.asp?SYEAR=114&SEM=2&CrsDat=PHYS314N&Crsname=物理研究專題（二）,,,True,物理系,PHYS314N,3,全英班,"物理研究專題（二）
INDEPENDENT STUDIES IN PHYSICS(II)",3,期,True,50,0,0,50,岩本祥,"一A,1,B(理SC 2006-1)","['A1B', '', '', '', '', '', '']","《獨立研究》
研究主題：Particle physics phenomenology 粒子物理現象學，請事先與老師洽談。",[],True
https://selcrs.nsysu.edu.tw/menu5/showoutline.asp?SYEAR=114&SEM=2&CrsDat=PHYS314O&Crsname=物理研究專題（二）,,,True,物理系,PHYS314O,3,全英班,"物理研究專題（二）
INDEPENDENT STUDIES IN PHYSICS(II)",3,期,True,50,0,0,50,范越芳,"二A,1,B(理PH 7011)","['', 'A1B', '', '', '', '', '']","《獨立研究》
研究主題：Materials Physics & Electronic Surfaces，請事先與老師洽談。",[],True
https://selcrs.nsysu.edu.tw/menu5/showoutline.asp?SYEAR=114&SEM=2&CrsDat=PHYS314P&Crsname=物理研究專題（二）,,,True,物理系,PHYS314P,3,全英班,"物理研究專題（二）
INDEPENDENT STUDIES IN PHYSICS(II)",3,期,True,50,1,0,50,呂浩宇,"五A,1,B(理SC 2006-3)","['', '', '', '', 'A1B', '', '']","《獨立研究》
研究主題：電波干涉天文原理與實務應用，請事先與老師洽談。",[],True
https://selcrs.nsysu.edu.tw/menu5/showoutline.asp?SYEAR=114&SEM=2&CrsDat=PHYS314Q&Crsname=物理研究專題（二）,,,True,物理系,PHYS314Q,3,全英班,"物理研究專題（二）
INDEPENDENT STUDIES IN PHYSICS(II)",3,期,True,50,3,0,50,吳紘丞,"三A,1,B(理PH 6003)","['', '', 'A1B', '', '', '', '']","《獨立研究》
研究主題：量子磁性材料合成及物理特性研究，請事先與老師洽談。",[],True
https://selcrs.nsysu.edu.tw/menu5/showoutline.asp?SYEAR=114&SEM=2&CrsDat=PHYS314R&Crsname=物理研究專題（二）,,,False,物理系,PHYS314R,3,不分班,"物理研究專題（二）
INDEPENDENT STUDIES IN PHYSICS(II)",3,期,False,50,0,0,50,林德鴻,"四A,1,B(理PH 7001)","['', '', '', 'A1B', '', '', '']","《獨立研究》
研究主題：隱形斗篷簡介(Introduction to Invisibility Cloak)，請事先與老師洽談。",[],False
https://selcrs.nsysu.edu.tw/menu5/showoutline.asp?SYEAR=114&SEM=2&CrsDat=PHYS314S&Crsname=物理研究專題（二）,,,False,物理系,PHYS314S,3,不分班,"物理研究專題（二）
INDEPENDENT STUDIES IN PHYSICS(II)",3,期,False,50,1,0,50,陳宗緯,"五A,1,B(理PH 7006)","['', '', '', '', 'A1B', '', '']","《獨立研究》
研究主題：相對論與自旋動力學，請事先與老師洽談。",[],False
https://selcrs.nsysu.edu.tw/menu5/showoutline.asp?SYEAR=114&SEM=2&CrsDat=PHYS328&Crsname=電動力學導論,,,False,物理系,PHYS328,2,不分班,"電動力學導論
INTRODUCTION TO ELECTRODYNAMICS",3,期,True,50,2,20,30,黃信銘,"一6,7(理PH 1008) 三3(理PH 1008)","['67', '', '3', '', '', '', '']","《講授類》
此為一般組必修課程，提供全英組學生做為選修課程",[],False
https://selcrs.nsysu.edu.tw/menu5/showoutline.asp?SYEAR=114&SEM=2&CrsDat=PHYS329&Crsname=熱統計物理,,,False,物理系,PHYS329,3,不分班,"熱統計物理
STATISTICAL PHYSICS",3,期,True,50,6,24,26,林德鴻,"三5,6(理PH 1009) 五5(理PH 1009)","['', '', '56', '', '5', '', '']","《講授類》
此為一般組必修課程，提供全英組學生做為選修課程","['半導體製程模組學程', '半導體設備工程學程']",False
https://selcrs.nsysu.edu.tw/menu5/showoutline.asp?SYEAR=114&SEM=2&CrsDat=PHYS415&Crsname=天文學導論,,,False,物理系,PHYS415,4,不分班,"天文學導論
INTRODUCTION TO ASTRONOMY",3,期,False,45,17,0,45,郭政育,"三2,3,4(理PH 2006)","['', '', '234', '', '', '', '']","《講授類》
物理系學生優先選課，與跨院選修GEAI1222 課程併班上課",[],False
https://selcrs.nsysu.edu.tw/menu5/showoutline.asp?SYEAR=114&SEM=2&CrsDat=PHYS419&Crsname=論文專題（二）,,,True,物理系,PHYS419,4,全英班,"論文專題（二）
INDEPENDENT STUDIES IN SPECIAL TOPICS (II)",3,期,True,50,1,0,50,陳易馨,"三A,1,B(理PH 6010)","['', '', 'A1B', '', '', '', '']","《獨立研究》
需先修習論文專題(一)，學生需於學期末繳交畢業論文",[],True
https://selcrs.nsysu.edu.tw/menu5/showoutline.asp?SYEAR=114&SEM=2&CrsDat=PHYS419A&Crsname=論文專題（二）,,,True,物理系,PHYS419A,4,全英班,"論文專題（二）
INDEPENDENT STUDIES IN SPECIAL TOPICS (II)",3,期,True,50,1,0,50,周雄,"三A,1,B(理PH 7008)","['', '', 'A1B', '', '', '', '']","《獨立研究》
需先修習論文專題(一)，學生需於學期末繳交畢業論文",[],True
https://selcrs.nsysu.edu.tw/menu5/showoutline.asp?SYEAR=114&SEM=2&CrsDat=PHYS419B&Crsname=論文專題（二）,,,True,物理系,PHYS419B,4,全英班,"論文專題（二）
INDEPENDENT STUDIES IN SPECIAL TOPICS (II)",3,期,True,50,0,0,50,邱奎霖,"三A,1,B(理PH 3007)","['', '', 'A1B', '', '', '', '']","《獨立研究》
需先修習論文專題(一)，學生需於學期末繳交畢業論文",[],True
https://selcrs.nsysu.edu.tw/menu5/showoutline.asp?SYEAR=114&SEM=2&CrsDat=PHYS419C&Crsname=論文專題（二）,,,True,物理系,PHYS419C,4,全英班,"論文專題（二）
INDEPENDENT STUDIES IN SPECIAL TOPICS (II)",3,期,True,50,0,0,50,洪昇廷,"四A,1,B(理PH 6008)","['', '', '', 'A1B', '', '', '']","《獨立研究》
需先修習論文專題(一)，學生需於學期末繳交畢業論文",[],True
https://selcrs.nsysu.edu.tw/menu5/showoutline.asp?SYEAR=114&SEM=2&CrsDat=PHYS419D&Crsname=論文專題（二）,,,True,物理系,PHYS419D,4,全英班,"論文專題（二）
INDEPENDENT STUDIES IN SPECIAL TOPICS (II)",3,期,True,50,0,0,50,朱家誼,"三A,1,B(理PH 5006)","['', '', 'A1B', '', '', '', '']","《獨立研究》
需先修習論文專題(一)，學生需於學期末繳交畢業論文",[],True
https://selcrs.nsysu.edu.tw/menu5/showoutline.asp?SYEAR=114&SEM=2&CrsDat=PHYS419E&Crsname=論文專題（二）,,,True,物理系,PHYS419E,4,全英班,"論文專題（二）
INDEPENDENT STUDIES IN SPECIAL TOPICS (II)",3,期,True,50,1,0,50,黃旭明,"五C,D,E(理PH 2008)","['', '', '', '', 'CDE', '', '']","《獨立研究》
需先修習論文專題(一)，學生需於學期末繳交畢業論文",[],True
https://selcrs.nsysu.edu.tw/menu5/showoutline.asp?SYEAR=114&SEM=2&CrsDat=PHYS419F&Crsname=論文專題（二）,,,True,物理系,PHYS419F,4,全英班,"論文專題（二）
INDEPENDENT STUDIES IN SPECIAL TOPICS (II)",3,期,True,50,0,0,50,張鼎張,"日5,6,7(理PH 7009)","['', '', '', '', '', '', '567']","《獨立研究》
需先修習論文專題(一)，學生需於學期末繳交畢業論文",[],True
https://selcrs.nsysu.edu.tw/menu5/showoutline.asp?SYEAR=114&SEM=2&CrsDat=PHYS419G&Crsname=論文專題（二）,,,True,物理系,PHYS419G,4,全英班,"論文專題（二）
INDEPENDENT STUDIES IN SPECIAL TOPICS (II)",3,期,True,50,0,0,50,史丹哲夫,"三A,1,B(理PH 3008)","['', '', 'A1B', '', '', '', '']","《獨立研究》
需先修習論文專題(一)，學生需於學期末繳交畢業論文",[],True
https://selcrs.nsysu.edu.tw/menu5/showoutline.asp?SYEAR=114&SEM=2&CrsDat=PHYS419H&Crsname=論文專題（二）,,,True,物理系,PHYS419H,4,全英班,"論文專題（二）
INDEPENDENT STUDIES IN SPECIAL TOPICS (II)",3,期,True,50,1,0,50,郭建成,"四A,1,B(理PH 2009)","['', '', '', 'A1B', '', '', '']","《獨立研究》
需先修習論文專題(一)，學生需於學期末繳交畢業論文",[],True
https://selcrs.nsysu.edu.tw/menu5/showoutline.asp?SYEAR=114&SEM=2&CrsDat=PHYS419I&Crsname=論文專題（二）,,,True,物理系,PHYS419I,4,全英班,"論文專題（二）
INDEPENDENT STUDIES IN SPECIAL TOPICS (II)",3,期,True,50,0,0,50,呂浩宇,"三A,1,B(理SC 2006-3)","['', '', 'A1B', '', '', '', '']","《獨立研究》
需先修習論文專題(一)，學生需於學期末繳交畢業論文",[],True
https://selcrs.nsysu.edu.tw/menu5/showoutline.asp?SYEAR=114&SEM=2&CrsDat=MATH102&Crsname=微積分（二）,,,False,應數系,MATH102,1,不分班,"微積分（二）
CALCULUS (II)",4,期,True,50,2,18,32,黃毅青,"一2,3(理SC 3001) 四2,3(理SC 3001)","['23', '', '', '23', '', '', '']",《講授類》,"['應用數學學程', '人工智慧與數學學程']",False
https://selcrs.nsysu.edu.tw/menu5/showoutline.asp?SYEAR=114&SEM=2&CrsDat=MATH102A&Crsname=微積分（二）,,,False,應數系,MATH102A,1,全英班,"微積分（二）
CALCULUS (II)",4,期,True,50,7,21,29,陳志漢,"一2,3(理SC 0014) 四2,3(理SC 0014)","['23', '', '', '23', '', '', '']",《講授類》,"['應用數學學程', '人工智慧與數學學程']",True
https://selcrs.nsysu.edu.tw/menu5/showoutline.asp?SYEAR=114&SEM=2&CrsDat=MATH104&Crsname=線性代數（二）,,,False,應數系,MATH104,1,不分班,"線性代數（二）
LINEAR ALGEBRA (II)",3,期,True,50,0,26,24,翁鵬絜,"三6,7(理SC 3001) 四5(理SC 3001)","['', '', '67', '5', '', '', '']","《講授類》
限線性代數(一) 學期總成績至少D等第學生選修。演習課上課時間：星期四第B節(理SC 3001)","['應用數學學程', '金融工程學程', '人工智慧與數學學程']",False
https://selcrs.nsysu.edu.tw/menu5/showoutline.asp?SYEAR=114&SEM=2&CrsDat=MATH104A&Crsname=線性代數（二）,,,False,應數系,MATH104A,1,全英班,"線性代數（二）
LINEAR ALGEBRA (II)",3,期,True,50,0,20,30,王以晟,"一4,B,5(理SC 0014)","['4B5', '', '', '', '', '', '']",《講授類》,"['應用數學學程', '金融工程學程', '人工智慧與數學學程']",True
https://selcrs.nsysu.edu.tw/menu5/showoutline.asp?SYEAR=114&SEM=2&CrsDat=MATH106&Crsname=計算機程式,,,False,應數系,MATH106,1,不分班,"計算機程式
COMPUTER PROGRAMMING",3,期,True,50,0,25,25,李宗錂,"一8,6,7(理SC 2004)","['678', '', '', '', '', '', '']","《講授類》
限本系、輔系、雙主修本系學生及修習軟體工程學生選修。","['計算物理及人工智慧微學程', '人工智慧探索應用學分學程', '金融工程學程', '軟體工程學程', '人工智慧與數學學程', '自然科學之程式應用學程']",False
https://selcrs.nsysu.edu.tw/menu5/showoutline.asp?SYEAR=114&SEM=2&CrsDat=MATH106A&Crsname=計算機程式,,,False,應數系,MATH106A,1,全英班,"計算機程式
COMPUTER PROGRAMMING",3,期,True,50,0,21,29,黃杰森,"三3,4(理SC 2004) 五3(理SC 2004)","['', '', '34', '', '3', '', '']","《講授類》
限本系、輔系、雙主修本系學生及修習軟體工程學生選修。演習課上課時間：星期五第4,B節(理SC 2004)","['計算物理及人工智慧微學程', '人工智慧探索應用學分學程', '金融工程學程', '軟體工程學程', '人工智慧與數學學程', '自然科學之程式應用學程']",True
https://selcrs.nsysu.edu.tw/menu5/showoutline.asp?SYEAR=114&SEM=2&CrsDat=MATH108&Crsname=數學導論（二）,,,False,應數系,MATH108,1,不分班,"數學導論（二）
INTRODUCTION TO MATHEMATICS (II)",3,期,False,50,8,0,50,許柏翰,"三5(理SC 3001) 五6,7(理SC 3001)","['', '', '5', '', '67', '', '']",《講授類》,['應用數學學程'],False
https://selcrs.nsysu.edu.tw/menu5/showoutline.asp?SYEAR=114&SEM=2&CrsDat=MATH202&Crsname=高等微積分（二）,異動,更換部份時間1/8,False,應數系,MATH202,2,不分班,"高等微積分（二）
ADVANCED CALCULUS (II)",4,期,True,50,1,21,29,陳志偉,"三2,3(理SC 3001) 五3,4(理SC 3001)","['', '', '23', '', '34', '', '']","《講授類》
選修過微積分(上)(下)或微積分(一)(二)，及高等微積分(一)者才可選修。",['應用數學學程'],False
https://selcrs.nsysu.edu.tw/menu5/showoutline.asp?SYEAR=114&SEM=2&CrsDat=MATH202A&Crsname=高等微積分（二）,,,False,應數系,MATH202A,2,全英班,"高等微積分（二）
ADVANCED CALCULUS (II)",4,期,True,50,3,19,31,許柏翰,"三2,3(理SC 0014) 五2,3(理SC 0014)","['', '', '23', '', '23', '', '']","《講授類》
選修過微積分(上)(下)或微積分(一)(二)，及高等微積分(一)者才可選修。",['應用數學學程'],True
https://selcrs.nsysu.edu.tw/menu5/showoutline.asp?SYEAR=114&SEM=2&CrsDat=MATH204&Crsname=微分方程（一）,,,False,應數系,MATH204,2,不分班,"微分方程（一）
DIFFERENTIAL EQUATIONS (I)",3,期,True,50,0,18,32,黃毅青,"一6(理SC 3001) 二6,7(理SC 3001)","['6', '67', '', '', '', '', '']",《講授類》,"['應用數學學程', '金融工程學程']",False
https://selcrs.nsysu.edu.tw/menu5/showoutline.asp?SYEAR=114&SEM=2&CrsDat=MATH204A&Crsname=微分方程（一）,,,False,應數系,MATH204A,2,全英班,"微分方程（一）
DIFFERENTIAL EQUATIONS (I)",3,期,True,50,2,17,33,陳志漢,"二8,5,7(理SC 0008)","['', '578', '', '', '', '', '']",《講授類》,"['應用數學學程', '金融工程學程']",True
https://selcrs.nsysu.edu.tw/menu5/showoutline.asp?SYEAR=114&SEM=2&CrsDat=MATH206&Crsname=統計學（一）,,,False,應數系,MATH206,2,不分班,"統計學（一）
STATISTICS (I)",3,期,True,50,2,21,29,張中,"一8,7(理SC 3001) 二4(理SC 3001)","['78', '4', '', '', '', '', '']",《講授類》,"['巨量資料分析學程', '應用數學學程', '金融工程學程', '人工智慧與數學學程']",False
https://selcrs.nsysu.edu.tw/menu5/showoutline.asp?SYEAR=114&SEM=2&CrsDat=MATH206A&Crsname=統計學（一）,,,False,應數系,MATH206A,2,全英班,"統計學（一）
STATISTICS (I)",3,期,True,50,3,19,31,施嘉翰,"一8,7(理SC 4011) 二4(理SC 4011)","['78', '4', '', '', '', '', '']",《講授類》,"['巨量資料分析學程', '應用數學學程', '金融工程學程', '人工智慧與數學學程']",True
https://selcrs.nsysu.edu.tw/menu5/showoutline.asp?SYEAR=114&SEM=2&CrsDat=MATH207&Crsname=離散數學（二）,,,False,應數系,MATH207,2,不分班,"離散數學（二）
DISCRETE MATHEMATICS (II)",3,期,False,50,12,0,50,余冠儒,"二2,3(理SC 3001) 三4(理SC 3001)","['', '23', '4', '', '', '', '']",《講授類》,"['應用數學學程', '軟體工程學程', '人工智慧與數學學程']",False
https://selcrs.nsysu.edu.tw/menu5/showoutline.asp?SYEAR=114&SEM=2&CrsDat=MATH208&Crsname=資料結構,,,False,應數系,MATH208,3,不分班,"資料結構
DATA STRUCTURES",3,期,False,50,16,0,50,鍾思齊,"一2,3,4(理SC 2004)","['234', '', '', '', '', '', '']",《講授類》,"['計算物理及人工智慧微學程', '金融科技學程', '軟體工程學程', '人工智慧與數學學程']",False
https://selcrs.nsysu.edu.tw/menu5/showoutline.asp?SYEAR=114&SEM=2&CrsDat=MATH301&Crsname=數值分析（一）,,,False,應數系,MATH301,3,不分班,"數值分析（一）
NUMERICAL ANALYSIS (I)",3,期,False,50,10,0,50,呂宗澤,"三6,7(理SC 0014) 四4(理SC 4011)","['', '', '67', '4', '', '', '']",《講授類》,"['巨量資料分析學程', '應用數學學程', '金融工程學程', '軟體工程學程', '人工智慧與數學學程']",False
https://selcrs.nsysu.edu.tw/menu5/showoutline.asp?SYEAR=114&SEM=2&CrsDat=MATH307&Crsname=機率論（二）,,,False,應數系,MATH307,2,不分班,"機率論（二）
PROBABILITY THEORY (II)",3,期,False,50,3,0,50,李欣倫,"一2,3,4(理SC 4011)","['234', '', '', '', '', '', '']",《講授類》,"['巨量資料分析學程', '人工智慧探索應用學分學程', '應用數學學程', '金融工程學程', '人工智慧與數學學程']",True
https://selcrs.nsysu.edu.tw/menu5/showoutline.asp?SYEAR=114&SEM=2&CrsDat=MATH405&Crsname=統計品管,異動,更換部份時間2/2,False,應數系,MATH405,4,不分班,"統計品管
STATISTICAL QUALITY CONTROL",3,期,False,50,0,0,50,郭美惠,"一3,4(理SC 4009-1) 四4(理SC 4009-1)","['34', '', '', '4', '', '', '']","《講授類》
與碩士班併班上課。",[],False
https://selcrs.nsysu.edu.tw/menu5/showoutline.asp?SYEAR=114&SEM=2&CrsDat=MATH444&Crsname=分析代數專題研討（一）,異動,更換時間及教室1/14,False,應數系,MATH444,4,不分班,"分析代數專題研討（一）
SEMINAR IN ANALYSIS AND ALGEBRA (I)",3,期,False,50,3,0,50,翁鵬絜,"一B,5,6(理SC 4013)","['B56', '', '', '', '', '', '']",《研討類》,[],False
https://selcrs.nsysu.edu.tw/menu5/showoutline.asp?SYEAR=114&SEM=2&CrsDat=MATH449&Crsname=數學建模專題研究,,,False,應數系,MATH449,3,不分班,"數學建模專題研究
INDEPENDENT STUDIES IN MATHEMATICAL MODELING",3,期,False,50,1,0,50,呂宗澤,"一8,6,7(理SC 4011-2)","['678', '', '', '', '', '', '']",《獨立研究》,[],False
https://selcrs.nsysu.edu.tw/menu5/showoutline.asp?SYEAR=114&SEM=2&CrsDat=MATH451&Crsname=數理統計,,,False,應數系,MATH451,4,不分班,"數理統計
MATHEMATICAL STATISTICS",3,期,False,50,1,0,50,林建同,"五5,6,7(理SC 4009-1)","['', '', '', '', '567', '', '']","《講授類》
與碩士班併班上課。",['金融工程學程'],True
https://selcrs.nsysu.edu.tw/menu5/showoutline.asp?SYEAR=114&SEM=2&CrsDat=MATH456&Crsname=存活分析,異動,更換部份時間2/2,False,應數系,MATH456,4,不分班,"存活分析
SURVIVAL ANALYSIS",3,期,False,50,0,0,50,張中,"一2(理SC 4009-1) 四2,3(理SC 4009-1)","['2', '', '', '23', '', '', '']","《講授類》
與碩士班併班上課。",[],False
https://selcrs.nsysu.edu.tw/menu5/showoutline.asp?SYEAR=114&SEM=2&CrsDat=MATH461&Crsname=精算方法與模型,,,False,應數系,MATH461,4,不分班,"精算方法與模型
ACTUARIAL METHODS AND MODELS",3,期,False,50,0,0,50,李欣倫,"二2,3,4(理SC 4009-1)","['', '234', '', '', '', '', '']","《講授類》
與碩士班併班上課。",[],True
https://selcrs.nsysu.edu.tw/menu5/showoutline.asp?SYEAR=114&SEM=2&CrsDat=MATH462&Crsname=Python與機器學習（二）,,,False,應數系,MATH462,3,不分班,"Python與機器學習（二）
MACHINE LEARNING WITH PYTHON (II)",3,期,False,50,1,0,50,張福春,"二5,6,7(理SC 4009-1)","['', '567', '', '', '', '', '']","《講授類》
與碩士班併班上課。",['金融工程學程'],False
https://selcrs.nsysu.edu.tw/menu5/showoutline.asp?SYEAR=114&SEM=2&CrsDat=MATH489&Crsname=拓樸學,,,False,應數系,MATH489,3,不分班,"拓樸學
TOPOLOGY",3,期,False,50,2,0,50,王以晟,"五3,4,B(理SC 4011)","['', '', '', '', '34B', '', '']",《講授類》,[],True
https://selcrs.nsysu.edu.tw/menu5/showoutline.asp?SYEAR=114&SEM=2&CrsDat=EE1004&Crsname=微積分（二）,,,False,電機系,EE1004,1,甲班,"微積分（二）
CALCULUS(II)",3,期,True,60,2,25,35,陳美如,"四2,3,4(理SC 1005)","['', '', '', '234', '', '', '']","《講授類》
甲、乙班與物理系併班上課；本課程英語專班無法抵免",['人工智慧與數學學程'],False
https://selcrs.nsysu.edu.tw/menu5/showoutline.asp?SYEAR=114&SEM=2&CrsDat=EE1004A&Crsname=微積分（二）,,,False,電機系,EE1004A,1,乙班,"微積分（二）
CALCULUS(II)",3,期,True,60,0,23,37,陳美如,"四2,3,4(理SC 1005)","['', '', '', '234', '', '', '']","《講授類》
甲、乙班與物理系併班上課；本課程英語專班無法抵免",['人工智慧與數學學程'],False
https://selcrs.nsysu.edu.tw/menu5/showoutline.asp?SYEAR=114&SEM=2&CrsDat=EE1004B&Crsname=微積分（二）,,,False,電機系,EE1004B,1,全英班,"微積分（二）
CALCULUS(II)",3,期,True,70,3,48,22,陳美如,"五2,3,4(工EC 1001)","['', '', '', '', '234', '', '']","《講授類》
與物理系全英語班併班上課",['人工智慧與數學學程'],True
https://selcrs.nsysu.edu.tw/menu5/showoutline.asp?SYEAR=114&SEM=2&CrsDat=EE1201&Crsname=微分方程,,,False,電機系,EE1201,1,甲班,"微分方程
DIFFERENTIAL EQUATIONS",3,期,True,60,3,26,34,莊子肇,"三5,6,7(工EC 1009)","['', '', '567', '', '', '', '']","《講授類》
甲、乙班併班上課；本課程英語專班無法抵免","['半導體製程模組學程', '金融工程學程']",False
https://selcrs.nsysu.edu.tw/menu5/showoutline.asp?SYEAR=114&SEM=2&CrsDat=EE1201A&Crsname=微分方程,,,False,電機系,EE1201A,1,乙班,"微分方程
DIFFERENTIAL EQUATIONS",3,期,True,60,2,23,37,莊子肇,"三5,6,7(工EC 1009)","['', '', '567', '', '', '', '']","《講授類》
甲、乙班併班上課；本課程英語專班無法抵免","['半導體製程模組學程', '金融工程學程']",False
https://selcrs.nsysu.edu.tw/menu5/showoutline.asp?SYEAR=114&SEM=2&CrsDat=EE1201B&Crsname=微分方程,,,False,電機系,EE1201B,1,全英班,"微分方程
DIFFERENTIAL EQUATIONS",3,期,True,75,8,49,26,吳珮歆,"三5,6,7(工EC 6019)","['', '', '567', '', '', '', '']",《講授類》,"['半導體製程模組學程', '金融工程學程']",True
https://selcrs.nsysu.edu.tw/menu5/showoutline.asp?SYEAR=114&SEM=2&CrsDat=EE2007&Crsname=電工實驗（二）,,,False,電機系,EE2007,2,甲班,"電工實驗（二）
ELECTRICAL ENGINEERING LAB. (II)",1,期,True,56,1,27,29,"謝東佑,陳有德","四5,6,7(工EC 6023)(實驗)","['', '', '', '567', '', '', '']","《實驗類》
甲、乙班併班上課；本課程英語專班無法抵免",[],False
https://selcrs.nsysu.edu.tw/menu5/showoutline.asp?SYEAR=114&SEM=2&CrsDat=EE2007A&Crsname=電工實驗（二）,,,False,電機系,EE2007A,2,乙班,"電工實驗（二）
ELECTRICAL ENGINEERING LAB. (II)",1,期,True,56,0,22,34,"謝東佑,陳有德","四5,6,7(工EC 6018)(實驗)","['', '', '', '567', '', '', '']","《實驗類》
甲、乙班併班上課；本課程英語專班無法抵免",[],False
https://selcrs.nsysu.edu.tw/menu5/showoutline.asp?SYEAR=114&SEM=2&CrsDat=EE2007B&Crsname=電工實驗（二）,異動,新增合授教師1/13,False,電機系,EE2007B,2,全英班,"電工實驗（二）
ELECTRICAL ENGINEERING LAB. (II)",1,期,True,56,6,50,6,"謝東佑,陳有德","五5,6,7(工EC 6018)(實驗)","['', '', '', '', '567', '', '']",《實驗類》,[],True
https://selcrs.nsysu.edu.tw/menu5/showoutline.asp?SYEAR=114&SEM=2&CrsDat=EE2101&Crsname=電子學（二）,,,False,電機系,EE2101,2,甲班,"電子學（二）
ELECTRONICS (II)",3,期,True,60,6,27,33,陳有德,"四2,3,4(工EC 6019)","['', '', '', '234', '', '', '']","《講授類》
甲、乙班併班上課；本課程英語專班無法抵免","['半導體製程模組學程', '半導體設備工程學程', '半導體元件學程', '類比射頻IC設計學程']",False
https://selcrs.nsysu.edu.tw/menu5/showoutline.asp?SYEAR=114&SEM=2&CrsDat=EE2101A&Crsname=電子學（二）,,,False,電機系,EE2101A,2,乙班,"電子學（二）
ELECTRONICS (II)",3,期,True,60,4,27,33,陳有德,"四2,3,4(工EC 6019)","['', '', '', '234', '', '', '']","《講授類》
甲、乙班併班上課；本課程英語專班無法抵免","['半導體製程模組學程', '半導體設備工程學程', '半導體元件學程', '類比射頻IC設計學程']",False
https://selcrs.nsysu.edu.tw/menu5/showoutline.asp?SYEAR=114&SEM=2&CrsDat=EE2101B&Crsname=電子學（二）,,,False,電機系,EE2101B,2,全英班,"電子學（二）
ELECTRONICS (II)",3,期,True,85,9,50,35,劉漢胤,"一5,6,7(工EC 1001)","['567', '', '', '', '', '', '']",《講授類》,"['半導體製程模組學程', '半導體設備工程學程', '半導體元件學程', '類比射頻IC設計學程']",True
https://selcrs.nsysu.edu.tw/menu5/showoutline.asp?SYEAR=114&SEM=2&CrsDat=EE2200&Crsname=線性代數,,,False,電機系,EE2200,1,甲班,"線性代數
LINEAR ALGEBRA",3,期,True,60,8,27,33,蔡舜宏,"五5,6,7(工EC 1001)","['', '', '', '', '567', '', '']","《講授類》
甲、乙班併班上課；本課程英語專班無法抵免","['半導體製程模組學程', '金融工程學程', '半導體元件學程']",False
https://selcrs.nsysu.edu.tw/menu5/showoutline.asp?SYEAR=114&SEM=2&CrsDat=EE2200A&Crsname=線性代數,,,False,電機系,EE2200A,1,乙班,"線性代數
LINEAR ALGEBRA",3,期,True,60,5,23,37,蔡舜宏,"五5,6,7(工EC 1001)","['', '', '', '', '567', '', '']","《講授類》
甲、乙班併班上課；本課程英語專班無法抵免","['半導體製程模組學程', '金融工程學程', '半導體元件學程']",False
https://selcrs.nsysu.edu.tw/menu5/showoutline.asp?SYEAR=114&SEM=2&CrsDat=EE2200B&Crsname=線性代數,,,False,電機系,EE2200B,1,全英班,"線性代數
LINEAR ALGEBRA",3,期,True,80,17,49,31,高崇堯,"一2,3,4(工EC 6019)","['234', '', '', '', '', '', '']",《講授類》,"['半導體製程模組學程', '金融工程學程', '半導體元件學程']",True
https://selcrs.nsysu.edu.tw/menu5/showoutline.asp?SYEAR=114&SEM=2&CrsDat=EE2400&Crsname=電路學（一）,異動,調整名額1/20,False,電機系,EE2400,1,甲班,"電路學（一）
CIRCUIT THEORY (I)",3,期,True,50,15,27,23,盧展南,"四5,6,7(工EC 3012)","['', '', '', '567', '', '', '']","《講授類》
電機系限該班及重修生修習；本課程英語專班無法抵免","['南星產業樞紐學程', '半導體製程模組學程', '半導體設備工程學程', '半導體元件學程', '數位IC設計學程', '類比射頻IC設計學程']",False
https://selcrs.nsysu.edu.tw/menu5/showoutline.asp?SYEAR=114&SEM=2&CrsDat=EE2400A&Crsname=電路學（一）,異動,確認教師1/14,False,電機系,EE2400A,1,乙班,"電路學（一）
CIRCUIT THEORY (I)",3,期,True,70,5,22,48,林省揚,"四5,6,7(工EC 3009)","['', '', '', '567', '', '', '']","《講授類》
電機系限該班及重修生修習;本課程英語專班無法抵免","['南星產業樞紐學程', '半導體製程模組學程', '半導體設備工程學程', '半導體元件學程', '數位IC設計學程', '類比射頻IC設計學程']",False
https://selcrs.nsysu.edu.tw/menu5/showoutline.asp?SYEAR=114&SEM=2&CrsDat=EE2400B&Crsname=電路學（一）,,,False,電機系,EE2400B,1,全英班,"電路學（一）
CIRCUIT THEORY (I)",3,期,True,70,6,49,21,蘇健翔,"四2,3,4(工EC 3012)","['', '', '', '234', '', '', '']",《講授類》,"['南星產業樞紐學程', '半導體製程模組學程', '半導體設備工程學程', '半導體元件學程', '數位IC設計學程', '類比射頻IC設計學程']",True
https://selcrs.nsysu.edu.tw/menu5/showoutline.asp?SYEAR=114&SEM=2&CrsDat=EE2403&Crsname=電力電子學,,,False,電機系,EE2403,3,不分班,"電力電子學
POWER ELECTRONICS",3,期,False,50,5,0,50,李宗璘,"五2,3,4(工EC 3009)","['', '', '', '', '234', '', '']",《講授類》,"['無人載具學程', '海事工程學程', '南星產業樞紐學程', '半導體製程模組學程', '半導體設備工程學程', '永續能源學程']",False
https://selcrs.nsysu.edu.tw/menu5/showoutline.asp?SYEAR=114&SEM=2&CrsDat=EE2710&Crsname=嵌入式軟體設計,,,False,電機系,EE2710,2,不分班,"嵌入式軟體設計
EMBEDDED SOFTWARE DESIGN AND PRACTICE",3,期,False,50,7,0,50,邱日清,"五5,6,7(工EC 3014)","['', '', '', '', '567', '', '']",《講授類》,"['南星產業樞紐學程', '人工智慧與數學學程']",False
https://selcrs.nsysu.edu.tw/menu5/showoutline.asp?SYEAR=114&SEM=2&CrsDat=EE2711&Crsname=計算機組織,,,False,電機系,EE2711,3,不分班,"計算機組織
COMPUTER ORGANIZATION",3,期,False,50,5,0,50,施信毓,"四8,6,7(工EC 2010)","['', '', '', '678', '', '', '']",《講授類》,"['軟體工程學程', '數位IC設計學程']",False
https://selcrs.nsysu.edu.tw/menu5/showoutline.asp?SYEAR=114&SEM=2&CrsDat=EE3310&Crsname=離散數學,,,True,電機系,EE3310,3,甲班,"離散數學
DISCRETE MATHEMATICS",3,期,True,60,9,0,60,陳伯煒,"三2,3,4(工EC 6019)","['', '', '234', '', '', '', '']","《講授類》
甲、乙班併班上課；本課程英語專班無法抵免",['軟體工程學程'],False
https://selcrs.nsysu.edu.tw/menu5/showoutline.asp?SYEAR=114&SEM=2&CrsDat=EE3310A&Crsname=離散數學,,,True,電機系,EE3310A,3,乙班,"離散數學
DISCRETE MATHEMATICS",3,期,True,60,6,0,60,陳伯煒,"三2,3,4(工EC 6019)","['', '', '234', '', '', '', '']","《講授類》
甲、乙班併班上課；本課程英語專班無法抵免",['軟體工程學程'],False
https://selcrs.nsysu.edu.tw/menu5/showoutline.asp?SYEAR=114&SEM=2&CrsDat=EE3310B&Crsname=離散數學,異動,調整名額1/22,True,電機系,EE3310B,3,全英班,"離散數學
DISCRETE MATHEMATICS",3,期,True,50,2,0,50,梁家昌,"五8,6,7(工EC 3013)","['', '', '', '', '678', '', '']",《講授類》,['軟體工程學程'],True
https://selcrs.nsysu.edu.tw/menu5/showoutline.asp?SYEAR=114&SEM=2&CrsDat=EE3319&Crsname=基礎機器人應用,,,False,電機系,EE3319,3,不分班,"基礎機器人應用
INTRODUCTION TO ROBOTICS AND ITS APPLICATIONS",3,期,False,50,21,0,50,翁愷貽,"一5,6,7(工EC 6023)","['567', '', '', '', '', '', '']",《講授類》,['無人載具學程'],True
https://selcrs.nsysu.edu.tw/menu5/showoutline.asp?SYEAR=114&SEM=2&CrsDat=EE3402&Crsname=電機機械,異動,確認教師1/14,False,電機系,EE3402,2,甲班,"電機機械
ELECTRICAL MACHINES",3,期,True,60,1,24,36,林省揚,"一8,6,7(工EC 6019)","['678', '', '', '', '', '', '']","《講授類》
甲、乙班併班上課；本課程英語專班無法抵免","['南星產業樞紐學程', '半導體設備工程學程', '永續能源學程']",False
https://selcrs.nsysu.edu.tw/menu5/showoutline.asp?SYEAR=114&SEM=2&CrsDat=EE3402A&Crsname=電機機械,異動,確認教師1/14,False,電機系,EE3402A,2,乙班,"電機機械
ELECTRICAL MACHINES",3,期,True,60,1,18,42,林省揚,"一8,6,7(工EC 6019)","['678', '', '', '', '', '', '']","《講授類》
甲、乙班併班上課；本課程英語專班無法抵免","['南星產業樞紐學程', '半導體設備工程學程', '永續能源學程']",False
https://selcrs.nsysu.edu.tw/menu5/showoutline.asp?SYEAR=114&SEM=2&CrsDat=EE3402B&Crsname=電機機械,,,False,電機系,EE3402B,2,全英班,"電機機械
ELECTRICAL MACHINES",3,期,True,75,11,49,26,哈菲茲,"一2,3,4(工EC 1001)","['234', '', '', '', '', '', '']",《講授類》,"['南星產業樞紐學程', '半導體設備工程學程', '永續能源學程']",True
https://selcrs.nsysu.edu.tw/menu5/showoutline.asp?SYEAR=114&SEM=2&CrsDat=EE3501&Crsname=電磁學（二）,,,False,電機系,EE3501,2,甲班,"電磁學（二）
ELECTROMAGNETICS (II)",3,期,True,60,4,29,31,洪子聖,"二2,3,4(工EC 1001)","['', '234', '', '', '', '', '']","《講授類》
甲、乙班併班上課；本課程英語專班無法抵免",['類比射頻IC設計學程'],False
https://selcrs.nsysu.edu.tw/menu5/showoutline.asp?SYEAR=114&SEM=2&CrsDat=EE3501A&Crsname=電磁學（二）,,,False,電機系,EE3501A,2,乙班,"電磁學（二）
ELECTROMAGNETICS (II)",3,期,True,60,0,27,33,洪子聖,"二2,3,4(工EC 1001)","['', '234', '', '', '', '', '']","《講授類》
甲、乙班併班上課；本課程英語專班無法抵免",['類比射頻IC設計學程'],False
https://selcrs.nsysu.edu.tw/menu5/showoutline.asp?SYEAR=114&SEM=2&CrsDat=EE3501B&Crsname=電磁學（二）,,,False,電機系,EE3501B,2,全英班,"電磁學（二）
ELECTROMAGNETICS (II)",3,期,True,80,10,46,34,王復康,"二2,3,4(工EC 6019)","['', '234', '', '', '', '', '']",《講授類》,['類比射頻IC設計學程'],True
https://selcrs.nsysu.edu.tw/menu5/showoutline.asp?SYEAR=114&SEM=2&CrsDat=EE3503&Crsname=微波元件導論,,,False,電機系,EE3503,2,不分班,"微波元件導論
INTRODUCTION TO MICROWAVE DEVICES",3,期,False,50,6,0,50,李杰穎,"五5,6,7(工EC 3012)","['', '', '', '', '567', '', '']",《講授類》,[],False
https://selcrs.nsysu.edu.tw/menu5/showoutline.asp?SYEAR=114&SEM=2&CrsDat=EE3607&Crsname=機率與統計,異動,更換教室1/14,False,電機系,EE3607,2,甲班,"機率與統計
PROBABILITY THEORY",3,期,True,60,2,28,32,陳有德,"三2,3,4(工EC 3009)","['', '', '234', '', '', '', '']","《講授類》
甲、乙班併班上課；本課程英語專班無法抵免","['人工智慧探索應用學分學程', '人工智慧工業應用學分學程', '南星產業樞紐學程', '金融工程學程']",False
https://selcrs.nsysu.edu.tw/menu5/showoutline.asp?SYEAR=114&SEM=2&CrsDat=EE3607A&Crsname=機率與統計,異動,更換教室1/14,False,電機系,EE3607A,2,乙班,"機率與統計
PROBABILITY THEORY",3,期,True,60,3,20,40,陳有德,"三2,3,4(工EC 3009)","['', '', '234', '', '', '', '']","《講授類》
甲、乙班併班上課；本課程英語專班無法抵免","['人工智慧探索應用學分學程', '人工智慧工業應用學分學程', '南星產業樞紐學程', '金融工程學程']",False
https://selcrs.nsysu.edu.tw/menu5/showoutline.asp?SYEAR=114&SEM=2&CrsDat=EE3607B&Crsname=機率與統計,異動,調整名額1/22,False,電機系,EE3607B,2,全英班,"機率與統計
PROBABILITY THEORY",3,期,True,50,5,51,-1,梁家昌,"二8,6,7(工EC 3013)","['', '678', '', '', '', '', '']",《講授類》,"['人工智慧探索應用學分學程', '人工智慧工業應用學分學程', '南星產業樞紐學程', '金融工程學程']",True
https://selcrs.nsysu.edu.tw/menu5/showoutline.asp?SYEAR=114&SEM=2&CrsDat=EE3702&Crsname=ＶＬＳＩ設計導論,,,False,電機系,EE3702,3,不分班,"ＶＬＳＩ設計導論
INTRODUCTION TO VLSI DESIGN",3,期,False,50,4,0,50,李宗哲,"四5,6,7(工EC 3014)","['', '', '', '567', '', '', '']",《講授類》,"['矽光子暨半導體學程', '半導體製程模組學程', '半導體元件學程', '數位IC設計學程', '類比射頻IC設計學程']",False
https://selcrs.nsysu.edu.tw/menu5/showoutline.asp?SYEAR=114&SEM=2&CrsDat=EE3702A&Crsname=ＶＬＳＩ設計導論,,,False,電機系,EE3702A,3,不分班,"ＶＬＳＩ設計導論
INTRODUCTION TO VLSI DESIGN",3,期,False,50,16,0,50,王朝欽,"一2,3,4(工EC 3013)","['234', '', '', '', '', '', '']",《講授類》,"['矽光子暨半導體學程', '半導體製程模組學程', '半導體元件學程', '數位IC設計學程', '類比射頻IC設計學程']",True
https://selcrs.nsysu.edu.tw/menu5/showoutline.asp?SYEAR=114&SEM=2&CrsDat=EE3705&Crsname=實用數位系統設計,,,False,電機系,EE3705,3,不分班,"實用數位系統設計
PRACTICAL DIGITAL SYSTEMS DESIGN",3,期,False,50,8,0,50,謝東佑,"三5,6,7(工EC 3014)","['', '', '567', '', '', '', '']",《講授類》,"['矽光子暨半導體學程', '數位IC設計學程']",False
https://selcrs.nsysu.edu.tw/menu5/showoutline.asp?SYEAR=114&SEM=2&CrsDat=EE3715&Crsname=生醫工程實驗,,,False,電機系,EE3715,4,不分班,"生醫工程實驗
BIOMEDICAL ENGINEERING LABORATORY",1,期,False,50,3,0,50,莊子肇,"五2,3,4(工EC 6018)(實驗)","['', '', '', '', '234', '', '']",《實驗類》,[],False
https://selcrs.nsysu.edu.tw/menu5/showoutline.asp?SYEAR=114&SEM=2&CrsDat=EE3809&Crsname=生醫訊號處理與儀器實作專題,,,True,電機系,EE3809,3,甲班,"生醫訊號處理與儀器實作專題
INDEPENDENT STUDIES IN BIOMEDICAL SIGNAL PROCESSING AND INSTRUMENTATION",2,期,True,50,1,0,50,待聘,"日1,2,3,4(工EC 6013)(實驗)","['', '', '', '', '', '', '1234']","《獨立研究》
請自行找生醫組老師做專題，請先至 https://forms.gle/cUWtYUwJFbw3bXYn9 登錄",[],False
https://selcrs.nsysu.edu.tw/menu5/showoutline.asp?SYEAR=114&SEM=2&CrsDat=EE3809A&Crsname=生醫訊號處理與儀器實作專題,,,True,電機系,EE3809A,3,乙班,"生醫訊號處理與儀器實作專題
INDEPENDENT STUDIES IN BIOMEDICAL SIGNAL PROCESSING AND INSTRUMENTATION",2,期,True,50,1,0,50,待聘,"日1,2,3,4(工EC 6013)(實驗)","['', '', '', '', '', '', '1234']","《獨立研究》
請自行找生醫組老師做專題，請先至 https://forms.gle/cUWtYUwJFbw3bXYn9 登錄",[],False
https://selcrs.nsysu.edu.tw/menu5/showoutline.asp?SYEAR=114&SEM=2&CrsDat=EE3809B&Crsname=生醫訊號處理與儀器實作專題,,,True,電機系,EE3809B,3,全英班,"生醫訊號處理與儀器實作專題
INDEPENDENT STUDIES IN BIOMEDICAL SIGNAL PROCESSING AND INSTRUMENTATION",2,期,True,50,2,0,50,待聘,"一C,D,E,F(工EC 6013)(實驗)","['CDEF', '', '', '', '', '', '']","《獨立研究》
請自行找生醫組老師做專題，請先至 https://forms.gle/cUWtYUwJFbw3bXYn9 登錄",[],True
https://selcrs.nsysu.edu.tw/menu5/showoutline.asp?SYEAR=114&SEM=2&CrsDat=EE4107&Crsname=半導體元件（二）,,,False,電機系,EE4107,4,不分班,"半導體元件（二）
SEMICONDUCTOR DEVICES (II)",3,期,False,50,14,0,50,莊豐任,"四2,3,4(工EC 3009)","['', '', '', '234', '', '', '']",《講授類》,"['半導體製程模組學程', '半導體設備工程學程', '半導體元件學程']",False
https://selcrs.nsysu.edu.tw/menu5/showoutline.asp?SYEAR=114&SEM=2&CrsDat=EE4108&Crsname=微電子技術,,,False,電機系,EE4108,3,不分班,"微電子技術
MICROELECTRONIC TECHNOLOGY",3,期,False,50,13,0,50,陳昶孝,"五2,3,4(工EC 2010)","['', '', '', '', '234', '', '']",《講授類》,"['矽光子暨半導體學程', '半導體製程模組學程', '半導體製程模組學程', '半導體設備工程學程', '半導體元件學程', '類比射頻IC設計學程']",False
https://selcrs.nsysu.edu.tw/menu5/showoutline.asp?SYEAR=114&SEM=2&CrsDat=EE4318&Crsname=資訊安全概論,,,False,電機系,EE4318,4,不分班,"資訊安全概論
INTRODUCTION TO INFORMATION SECURITY",3,期,False,50,13,0,50,葉小小,"四2,3,4(工EC 2007)","['', '', '', '234', '', '', '']",《講授類》,[],True
https://selcrs.nsysu.edu.tw/menu5/showoutline.asp?SYEAR=114&SEM=2&CrsDat=EE4515&Crsname=基礎天線設計實驗,,,False,電機系,EE4515,4,不分班,"基礎天線設計實驗
BASIC ANTENNA DESIGNS LABORATORY",1,期,False,50,6,0,50,沈昭元,"五5,6,7(工EC 6023)(實驗)","['', '', '', '', '567', '', '']",《實驗類》,[],True
https://selcrs.nsysu.edu.tw/menu5/showoutline.asp?SYEAR=114&SEM=2&CrsDat=EE4609&Crsname=無線通訊系統導論,,,False,電機系,EE4609,4,不分班,"無線通訊系統導論
INTRODUCTION TO WIRELESS COMMUNICATION SYSTEMS",3,期,False,50,3,0,50,陳有德,"一2,3,4(工EC 3014)","['234', '', '', '', '', '', '']",《講授類》,"['無人載具學程', '永續能源學程']",False
https://selcrs.nsysu.edu.tw/menu5/showoutline.asp?SYEAR=114&SEM=2&CrsDat=EE4620&Crsname=AI系統應用實驗,,,False,電機系,EE4620,4,不分班,"AI系統應用實驗
AI SYSTEM APPLICATION EXPERIMENT",1,期,False,50,3,0,50,邱日清,"一5,6,7(工EC 6018)(實驗)","['567', '', '', '', '', '', '']",《實驗類》,[],True
https://selcrs.nsysu.edu.tw/menu5/showoutline.asp?SYEAR=114&SEM=2&CrsDat=EE4621&Crsname=嵌入式系統與物聯網實驗,,,False,電機系,EE4621,4,不分班,"嵌入式系統與物聯網實驗
EMBEDDED SYSTEMS AND INTERNET OF THINGS EXPERIMENT",1,期,False,50,6,0,50,邱日清,"二2,3,4(工EC 6018)(實驗)","['', '234', '', '', '', '', '']",《實驗類》,[],True
https://selcrs.nsysu.edu.tw/menu5/showoutline.asp?SYEAR=114&SEM=2&CrsDat=EE4801&Crsname=電子實作專題,,,True,電機系,EE4801,3,甲班,"電子實作專題
INDEPENDENT STUDIES IN ELECTRONIC PRACTICE",2,期,True,50,0,0,50,待聘,"一C,D,E,F(工EC 6013)(實驗)","['CDEF', '', '', '', '', '', '']","《獨立研究》
請自行找電子組老師做專題，請先至 https://forms.gle/cUWtYUwJFbw3bXYn9 登錄",[],False
https://selcrs.nsysu.edu.tw/menu5/showoutline.asp?SYEAR=114&SEM=2&CrsDat=EE4801A&Crsname=電子實作專題,,,True,電機系,EE4801A,3,乙班,"電子實作專題
INDEPENDENT STUDIES IN ELECTRONIC PRACTICE",2,期,True,50,0,0,50,待聘,"一C,D,E,F(工EC 6013)(實驗)","['CDEF', '', '', '', '', '', '']","《獨立研究》
請自行找電子組老師做專題，請先至 https://forms.gle/cUWtYUwJFbw3bXYn9 登錄",[],False
https://selcrs.nsysu.edu.tw/menu5/showoutline.asp?SYEAR=114&SEM=2&CrsDat=EE4801B&Crsname=電子實作專題,,,True,電機系,EE4801B,3,全英班,"電子實作專題
INDEPENDENT STUDIES IN ELECTRONIC PRACTICE",2,期,True,50,2,0,50,待聘,"日1,2,3,4(工EC 6013)(實驗)","['', '', '', '', '', '', '1234']","《獨立研究》
請自行找電子組老師做專題，請先至 https://forms.gle/cUWtYUwJFbw3bXYn9 登錄",[],True
https://selcrs.nsysu.edu.tw/menu5/showoutline.asp?SYEAR=114&SEM=2&CrsDat=EE4802&Crsname=控制實作專題,,,True,電機系,EE4802,3,甲班,"控制實作專題
INDEPENDENT STUDIES IN CONTROL PRACTICE",2,期,True,50,3,0,50,待聘,"二C,D,E,F(工EC 6013)(實驗)","['', 'CDEF', '', '', '', '', '']","《獨立研究》
請自行找控制組老師做專題，請先至 https://forms.gle/cUWtYUwJFbw3bXYn9 登錄",[],False
https://selcrs.nsysu.edu.tw/menu5/showoutline.asp?SYEAR=114&SEM=2&CrsDat=EE4802A&Crsname=控制實作專題,,,True,電機系,EE4802A,3,乙班,"控制實作專題
INDEPENDENT STUDIES IN CONTROL PRACTICE",2,期,True,50,1,0,50,待聘,"二C,D,E,F(工EC 6013)(實驗)","['', 'CDEF', '', '', '', '', '']","《獨立研究》
請自行找控制組老師做專題，請先至 https://forms.gle/cUWtYUwJFbw3bXYn9 登錄",[],False
https://selcrs.nsysu.edu.tw/menu5/showoutline.asp?SYEAR=114&SEM=2&CrsDat=EE4802B&Crsname=控制實作專題,,,True,電機系,EE4802B,3,全英班,"控制實作專題
INDEPENDENT STUDIES IN CONTROL PRACTICE",2,期,True,50,0,0,50,待聘,"六C,D,E,F(工EC 6013)(實驗)","['', '', '', '', '', 'CDEF', '']","《獨立研究》
請自行找控制組老師做專題，請先至 https://forms.gle/cUWtYUwJFbw3bXYn9 登錄",[],True
https://selcrs.nsysu.edu.tw/menu5/showoutline.asp?SYEAR=114&SEM=2&CrsDat=EE4803&Crsname=計算機實作專題,,,True,電機系,EE4803,3,甲班,"計算機實作專題
INDEPENDENT STUDIES IN COMPUTER PRACTICE",2,期,True,50,0,0,50,待聘,"四C,D,E,F(工EC 6013)(實驗)","['', '', '', 'CDEF', '', '', '']","《獨立研究》
請自行找人工智慧與網路組老師做專題，請先至 https://forms.gle/cUWtYUwJFbw3bXYn9 登錄",[],False
https://selcrs.nsysu.edu.tw/menu5/showoutline.asp?SYEAR=114&SEM=2&CrsDat=EE4803A&Crsname=計算機實作專題,,,True,電機系,EE4803A,3,乙班,"計算機實作專題
INDEPENDENT STUDIES IN COMPUTER PRACTICE",2,期,True,50,1,0,50,待聘,"四C,D,E,F(工EC 6013)(實驗)","['', '', '', 'CDEF', '', '', '']","《獨立研究》
請自行找人工智慧與網路組老師做專題，請先至 https://forms.gle/cUWtYUwJFbw3bXYn9 登錄",[],False
https://selcrs.nsysu.edu.tw/menu5/showoutline.asp?SYEAR=114&SEM=2&CrsDat=EE4803B&Crsname=計算機實作專題,,,True,電機系,EE4803B,3,全英班,"計算機實作專題
INDEPENDENT STUDIES IN COMPUTER PRACTICE",2,期,True,50,1,0,50,待聘,"六8,5,6,7(工EC 6013)(實驗)","['', '', '', '', '', '5678', '']","《獨立研究》
請自行找人工智慧與網路組老師做專題，請先至 https://forms.gle/cUWtYUwJFbw3bXYn9 登錄",[],True
https://selcrs.nsysu.edu.tw/menu5/showoutline.asp?SYEAR=114&SEM=2&CrsDat=EE4804&Crsname=電力實作專題,,,True,電機系,EE4804,3,甲班,"電力實作專題
INDEPENDENT STUDIES IN ELECTRIC POWER PRACTICE",2,期,True,50,1,0,50,待聘,"五C,D,E,F(工EC 6018)(實驗)","['', '', '', '', 'CDEF', '', '']","《獨立研究》
請自行找電力組老師做專題，請先至 https://forms.gle/cUWtYUwJFbw3bXYn9 登錄",[],False
https://selcrs.nsysu.edu.tw/menu5/showoutline.asp?SYEAR=114&SEM=2&CrsDat=EE4804A&Crsname=電力實作專題,,,True,電機系,EE4804A,3,乙班,"電力實作專題
INDEPENDENT STUDIES IN ELECTRIC POWER PRACTICE",2,期,True,50,1,0,50,待聘,"五C,D,E,F(工EC 6013)(實驗)","['', '', '', '', 'CDEF', '', '']","《獨立研究》
請自行找電力組老師做專題，請先至 https://forms.gle/cUWtYUwJFbw3bXYn9 登錄",[],False
https://selcrs.nsysu.edu.tw/menu5/showoutline.asp?SYEAR=114&SEM=2&CrsDat=EE4804B&Crsname=電力實作專題,,,True,電機系,EE4804B,3,全英班,"電力實作專題
INDEPENDENT STUDIES IN ELECTRIC POWER PRACTICE",2,期,True,50,3,0,50,待聘,"六1,2,3,4(工EC 6013)(實驗)","['', '', '', '', '', '1234', '']","《獨立研究》
請自行找電力組老師做專題，請先至 https://forms.gle/cUWtYUwJFbw3bXYn9 登錄",[],True
https://selcrs.nsysu.edu.tw/menu5/showoutline.asp?SYEAR=114&SEM=2&CrsDat=EE4805&Crsname=電波與光電實作專題,,,True,電機系,EE4805,3,甲班,"電波與光電實作專題
INDEPENDENT STUDIES IN WAVE AND OPTICS PRACTICE",2,期,True,50,1,0,50,待聘,"六1,2,3,4(工EC 6013)(實驗)","['', '', '', '', '', '1234', '']","《獨立研究》
請自行找電波組老師做專題，請先至 https://forms.gle/cUWtYUwJFbw3bXYn9 登錄",[],False
https://selcrs.nsysu.edu.tw/menu5/showoutline.asp?SYEAR=114&SEM=2&CrsDat=EE4805A&Crsname=電波與光電實作專題,,,True,電機系,EE4805A,3,乙班,"電波與光電實作專題
INDEPENDENT STUDIES IN WAVE AND OPTICS PRACTICE",2,期,True,50,0,0,50,待聘,"六1,2,3,4(工EC 6013)(實驗)","['', '', '', '', '', '1234', '']","《獨立研究》
請自行找電波組老師做專題，請先至 https://forms.gle/cUWtYUwJFbw3bXYn9 登錄",[],False
https://selcrs.nsysu.edu.tw/menu5/showoutline.asp?SYEAR=114&SEM=2&CrsDat=EE4805B&Crsname=電波與光電實作專題,,,True,電機系,EE4805B,3,全英班,"電波與光電實作專題
INDEPENDENT STUDIES IN WAVE AND OPTICS PRACTICE",2,期,True,50,0,0,50,待聘,"五C,D,E,F(工EC 6013)(實驗)","['', '', '', '', 'CDEF', '', '']","《獨立研究》
請自行找電波組老師做專題，請先至 https://forms.gle/cUWtYUwJFbw3bXYn9 登錄",[],True
https://selcrs.nsysu.edu.tw/menu5/showoutline.asp?SYEAR=114&SEM=2&CrsDat=EE4806&Crsname=通訊實作專題,,,True,電機系,EE4806,3,甲班,"通訊實作專題
INDEPENDENT STUDIES IN COMMUNICATION PRACTICE",2,期,True,50,1,0,50,待聘,"六8,5,6,7(工EC 6013)(實驗)","['', '', '', '', '', '5678', '']","《獨立研究》
請自行找通訊所老師做專題，請先至 https://forms.gle/cUWtYUwJFbw3bXYn9 登錄",[],False
https://selcrs.nsysu.edu.tw/menu5/showoutline.asp?SYEAR=114&SEM=2&CrsDat=EE4806A&Crsname=通訊實作專題,,,True,電機系,EE4806A,3,乙班,"通訊實作專題
INDEPENDENT STUDIES IN COMMUNICATION PRACTICE",2,期,True,50,3,0,50,待聘,"六8,5,6,7(工EC 6013)(實驗)","['', '', '', '', '', '5678', '']","《獨立研究》
請自行找通訊所老師做專題，請先至 https://forms.gle/cUWtYUwJFbw3bXYn9 登錄",[],False
https://selcrs.nsysu.edu.tw/menu5/showoutline.asp?SYEAR=114&SEM=2&CrsDat=EE4806B&Crsname=通訊實作專題,,,True,電機系,EE4806B,3,全英班,"通訊實作專題
INDEPENDENT STUDIES IN COMMUNICATION PRACTICE",2,期,True,50,1,0,50,待聘,"四C,D,E,F(工EC 6013)(實驗)","['', '', '', 'CDEF', '', '', '']","《獨立研究》
請自行找通訊所老師做專題，請先至 https://forms.gle/cUWtYUwJFbw3bXYn9 登錄",[],True
https://selcrs.nsysu.edu.tw/menu5/showoutline.asp?SYEAR=114&SEM=2&CrsDat=EE4807&Crsname=系統晶片實作專題,,,True,電機系,EE4807,3,甲班,"系統晶片實作專題
INDEPENDENT STUDIES IN SYSTEM-ON-CHIP DESIGN",2,期,True,50,3,0,50,待聘,"六C,D,E,F(工EC 6013)(實驗)","['', '', '', '', '', 'CDEF', '']","《獨立研究》
請自行找SOC組或IC設計所老師做專題，請先至 https://forms.gle/cUWtYUwJFbw3bXYn9 登錄",[],False
https://selcrs.nsysu.edu.tw/menu5/showoutline.asp?SYEAR=114&SEM=2&CrsDat=EE4807A&Crsname=系統晶片實作專題,,,True,電機系,EE4807A,3,乙班,"系統晶片實作專題
INDEPENDENT STUDIES IN SYSTEM-ON-CHIP DESIGN",2,期,True,50,6,0,50,待聘,"六C,D,E,F(工EC 6013)(實驗)","['', '', '', '', '', 'CDEF', '']","《獨立研究》
請自行找SOC組或IC設計所老師做專題，請先至 https://forms.gle/cUWtYUwJFbw3bXYn9 登錄",[],False
https://selcrs.nsysu.edu.tw/menu5/showoutline.asp?SYEAR=114&SEM=2&CrsDat=EE4807B&Crsname=系統晶片實作專題,,,True,電機系,EE4807B,3,全英班,"系統晶片實作專題
INDEPENDENT STUDIES IN SYSTEM-ON-CHIP DESIGN",2,期,True,50,6,0,50,待聘,"二C,D,E,F(工EC 6013)(實驗)","['', 'CDEF', '', '', '', '', '']","《獨立研究》
請自行找SOC組或IC設計所老師做專題，請先至 https://forms.gle/cUWtYUwJFbw3bXYn9 登錄",[],True
https://selcrs.nsysu.edu.tw/menu5/showoutline.asp?SYEAR=114&SEM=2&CrsDat=MEME104&Crsname=微積分（二）,,,False,機電系,MEME104,1,甲班,"微積分（二）
CALCULUS(II)",3,期,True,50,3,32,18,鍾思齊,"五2,3,4(工EN 4055-1)","['', '', '', '', '234', '', '']","《講授類》
一甲、一乙班併班上課",['人工智慧與數學學程'],False
https://selcrs.nsysu.edu.tw/menu5/showoutline.asp?SYEAR=114&SEM=2&CrsDat=MEME104A&Crsname=微積分（二）,,,False,機電系,MEME104A,1,乙班,"微積分（二）
CALCULUS(II)",3,期,True,50,2,32,18,鍾思齊,"五2,3,4(工EN 4055-1)","['', '', '', '', '234', '', '']","《講授類》
一甲、一乙班併班上課",['人工智慧與數學學程'],False
https://selcrs.nsysu.edu.tw/menu5/showoutline.asp?SYEAR=114&SEM=2&CrsDat=MEME104B&Crsname=微積分（二）,,,False,機電系,MEME104B,1,全英班,"微積分（二）
CALCULUS(II)",3,期,True,50,2,43,7,余冠儒,"五2,3,4(理SC 1005)","['', '', '', '', '234', '', '']",《講授類》,['人工智慧與數學學程'],True
https://selcrs.nsysu.edu.tw/menu5/showoutline.asp?SYEAR=114&SEM=2&CrsDat=MEME106&Crsname=機電材料,,,False,機電系,MEME106,1,甲班,"機電材料
ELECTRO-MECHANICAL MATERIALS",3,期,True,70,4,32,38,胡龍豪,"二5,6,7(工EC 3003)","['', '567', '', '', '', '', '']",《講授類》,"['太空科技微學程', '南星產業樞紐學程', '半導體製程模組學程', '半導體設備工程學程', '半導體元件學程']",False
https://selcrs.nsysu.edu.tw/menu5/showoutline.asp?SYEAR=114&SEM=2&CrsDat=MEME106A&Crsname=機電材料,異動,確認教師1/20,False,機電系,MEME106A,1,乙班,"機電材料
ELECTRO-MECHANICAL MATERIALS",3,期,True,70,1,31,39,曾偉智,"四2,3,4(工EC 3002)","['', '', '', '234', '', '', '']",《講授類》,"['太空科技微學程', '南星產業樞紐學程', '半導體製程模組學程', '半導體設備工程學程', '半導體元件學程']",False
https://selcrs.nsysu.edu.tw/menu5/showoutline.asp?SYEAR=114&SEM=2&CrsDat=MEME106B&Crsname=機電材料,,,False,機電系,MEME106B,1,全英班,"機電材料
ELECTRO-MECHANICAL MATERIALS",3,期,True,70,1,44,26,李伯軒,"四2,3,4(工EN 3021)","['', '', '', '234', '', '', '']",《講授類》,"['太空科技微學程', '南星產業樞紐學程', '半導體製程模組學程', '半導體設備工程學程', '半導體元件學程']",True
https://selcrs.nsysu.edu.tw/menu5/showoutline.asp?SYEAR=114&SEM=2&CrsDat=MEME109&Crsname=奈米科技概論,,,False,機電系,MEME109,0,不分班,"奈米科技概論
INTRODUCTION TO NANOTECHNOLOGY",3,期,False,50,60,0,50,郭清德,"一5,6,7(工EC 3002)","['567', '', '', '', '', '', '']",《講授類》,"['量子材料微學程', '矽光子暨半導體學程', '材料結構性質微學程']",True
https://selcrs.nsysu.edu.tw/menu5/showoutline.asp?SYEAR=114&SEM=2&CrsDat=MEME202&Crsname=應用力學（二）,,,False,機電系,MEME202,1,甲班,"應用力學（二）
APPLIED MECHANICS (II)",3,期,True,50,2,32,18,郭清德,"四2,3,4(工EC 3003)","['', '', '', '234', '', '', '']",《講授類》,[],False
https://selcrs.nsysu.edu.tw/menu5/showoutline.asp?SYEAR=114&SEM=2&CrsDat=MEME202A&Crsname=應用力學（二）,,,False,機電系,MEME202A,1,乙班,"應用力學（二）
APPLIED MECHANICS (II)",3,期,True,50,2,31,19,蔡尚南,"一8,6,7(工EC 3003)","['678', '', '', '', '', '', '']",《講授類》,[],False
https://selcrs.nsysu.edu.tw/menu5/showoutline.asp?SYEAR=114&SEM=2&CrsDat=MEME202B&Crsname=應用力學（二）,,,False,機電系,MEME202B,1,全英班,"應用力學（二）
APPLIED MECHANICS (II)",3,期,True,50,1,44,6,盧威廷,"四5,6,7(工EN 3021)","['', '', '', '567', '', '', '']",《講授類》,[],True
https://selcrs.nsysu.edu.tw/menu5/showoutline.asp?SYEAR=114&SEM=2&CrsDat=MEME206&Crsname=工程數學（二）,,,False,機電系,MEME206,2,甲班,"工程數學（二）
ENGINEERING MATHEMATICS(II)",3,期,True,50,1,35,15,劉耿豪,"二2,3,4(工EN 4055-1)","['', '234', '', '', '', '', '']","《講授類》
二甲、二乙班併班上課","['半導體製程模組學程', '半導體元件學程']",False
https://selcrs.nsysu.edu.tw/menu5/showoutline.asp?SYEAR=114&SEM=2&CrsDat=MEME206A&Crsname=工程數學（二）,,,False,機電系,MEME206A,2,乙班,"工程數學（二）
ENGINEERING MATHEMATICS(II)",3,期,True,50,2,33,17,劉耿豪,"二2,3,4(工EN 4055-1)","['', '234', '', '', '', '', '']","《講授類》
二甲、二乙班併班上課","['半導體製程模組學程', '半導體元件學程']",False
https://selcrs.nsysu.edu.tw/menu5/showoutline.asp?SYEAR=114&SEM=2&CrsDat=MEME206B&Crsname=工程數學（二）,,,False,機電系,MEME206B,2,全英班,"工程數學（二）
ENGINEERING MATHEMATICS(II)",3,期,True,50,0,36,14,汪正祺,"二2,3,4(工EC 2003)","['', '234', '', '', '', '', '']",《講授類》,"['半導體製程模組學程', '半導體元件學程']",True
https://selcrs.nsysu.edu.tw/menu5/showoutline.asp?SYEAR=114&SEM=2&CrsDat=MEME208&Crsname=機動學,,,False,機電系,MEME208,2,甲班,"機動學
MECHANISM",3,期,True,66,6,35,31,楊政融,"三2,3,4(工EN 4055-1)","['', '', '234', '', '', '', '']","《講授類》
二甲、二乙班併班上課",['半導體設備工程學程'],False
https://selcrs.nsysu.edu.tw/menu5/showoutline.asp?SYEAR=114&SEM=2&CrsDat=MEME208A&Crsname=機動學,,,False,機電系,MEME208A,2,乙班,"機動學
MECHANISM",3,期,True,66,2,32,34,楊政融,"三2,3,4(工EN 4055-1)","['', '', '234', '', '', '', '']","《講授類》
二甲、二乙班併班上課",['半導體設備工程學程'],False
https://selcrs.nsysu.edu.tw/menu5/showoutline.asp?SYEAR=114&SEM=2&CrsDat=MEME208B&Crsname=機動學,,,False,機電系,MEME208B,2,全英班,"機動學
MECHANISM",3,期,True,66,7,36,30,王郁仁,"一2,3,4(工EC 2003)","['234', '', '', '', '', '', '']",《講授類》,['半導體設備工程學程'],True
https://selcrs.nsysu.edu.tw/menu5/showoutline.asp?SYEAR=114&SEM=2&CrsDat=MEME209&Crsname=應用電子學,,,False,機電系,MEME209,2,甲班,"應用電子學
APPLIED ELECTRONICS",3,期,True,75,4,36,39,林哲信,"四2,3,4(工EN 4055-1)","['', '', '', '234', '', '', '']","《講授類》
二甲、二乙班併班上課","['矽光子暨半導體學程', '海事工程學程', '南星產業樞紐學程', '半導體製程模組學程', '半導體設備工程學程', '半導體元件學程', '類比射頻IC設計學程', '自然科學之程式應用學程']",False
https://selcrs.nsysu.edu.tw/menu5/showoutline.asp?SYEAR=114&SEM=2&CrsDat=MEME209A&Crsname=應用電子學,,,False,機電系,MEME209A,2,乙班,"應用電子學
APPLIED ELECTRONICS",3,期,True,75,3,33,42,林哲信,"四2,3,4(工EN 4055-1)","['', '', '', '234', '', '', '']","《講授類》
二甲、二乙班併班上課","['矽光子暨半導體學程', '海事工程學程', '南星產業樞紐學程', '半導體製程模組學程', '半導體設備工程學程', '半導體元件學程', '類比射頻IC設計學程', '自然科學之程式應用學程']",False
https://selcrs.nsysu.edu.tw/menu5/showoutline.asp?SYEAR=114&SEM=2&CrsDat=MEME209B&Crsname=應用電子學,,,False,機電系,MEME209B,2,全英班,"應用電子學
APPLIED ELECTRONICS",3,期,True,75,5,36,39,程啓正,"四2,3,4(工EC 2003)","['', '', '', '234', '', '', '']",《講授類》,"['矽光子暨半導體學程', '海事工程學程', '南星產業樞紐學程', '半導體製程模組學程', '半導體設備工程學程', '半導體元件學程', '類比射頻IC設計學程', '自然科學之程式應用學程']",True
https://selcrs.nsysu.edu.tw/menu5/showoutline.asp?SYEAR=114&SEM=2&CrsDat=MEME210&Crsname=微機電製程實務,,,False,機電系,MEME210,2,甲班,"微機電製程實務
EXPERIMENT OF MEMS FABRICATION PROCESS",2,期,True,50,2,37,13,潘正堂,"五3,4(工EC 1009)","['', '', '', '', '34', '', '']","《講授類》
二甲、二乙、二英班併班上課，本課程須配合實驗設備彈性安排實驗時間。(實驗室在工EV 2007、3007)","['太空科技微學程', '半導體設備工程學程', '半導體元件學程']",False
https://selcrs.nsysu.edu.tw/menu5/showoutline.asp?SYEAR=114&SEM=2&CrsDat=MEME210A&Crsname=微機電製程實務,,,False,機電系,MEME210A,2,乙班,"微機電製程實務
EXPERIMENT OF MEMS FABRICATION PROCESS",2,期,True,50,0,33,17,潘正堂,"五3,4(工EC 1009)","['', '', '', '', '34', '', '']","《講授類》
二甲、二乙、二英班併班上課，本課程須配合實驗設備彈性安排實驗時間。(實驗室在工EV 2007、3007)","['太空科技微學程', '半導體設備工程學程', '半導體元件學程']",False
https://selcrs.nsysu.edu.tw/menu5/showoutline.asp?SYEAR=114&SEM=2&CrsDat=MEME210B&Crsname=微機電製程實務,,,False,機電系,MEME210B,2,全英班,"微機電製程實務
EXPERIMENT OF MEMS FABRICATION PROCESS",2,期,True,50,0,36,14,潘正堂,"五3,4(工EC 1009)","['', '', '', '', '34', '', '']","《講授類》
二甲、二乙、二英班併班上課，本課程須配合實驗設備彈性安排實驗時間。(實驗室在工EV 2007、3007)","['太空科技微學程', '半導體設備工程學程', '半導體元件學程']",True
https://selcrs.nsysu.edu.tw/menu5/showoutline.asp?SYEAR=114&SEM=2&CrsDat=MEME212&Crsname=中等熱力學,,,False,機電系,MEME212,0,不分班,"中等熱力學
INTERMEDIATE THERMODYNAMICS",3,期,False,50,4,0,50,鄭威利,"二5,6,7(工EN 2022)","['', '567', '', '', '', '', '']",《講授類》,"['半導體製程模組學程', '半導體設備工程學程']",True
https://selcrs.nsysu.edu.tw/menu5/showoutline.asp?SYEAR=114&SEM=2&CrsDat=MEME302&Crsname=流體力學,,,False,機電系,MEME302,2,甲班,"流體力學
FLUID MECHANICS",3,期,True,50,6,37,13,梁俊德,"四5,6,7(工EN 4055-1)","['', '', '', '567', '', '', '']","《講授類》
二甲、二乙班併班上課","['太空科技微學程', '南星產業樞紐學程', '半導體製程模組學程', '半導體設備工程學程']",False
https://selcrs.nsysu.edu.tw/menu5/showoutline.asp?SYEAR=114&SEM=2&CrsDat=MEME302A&Crsname=流體力學,,,False,機電系,MEME302A,2,乙班,"流體力學
FLUID MECHANICS",3,期,True,50,3,34,16,梁俊德,"四5,6,7(工EN 4055-1)","['', '', '', '567', '', '', '']","《講授類》
二甲、二乙班併班上課","['太空科技微學程', '南星產業樞紐學程', '半導體製程模組學程', '半導體設備工程學程']",False
https://selcrs.nsysu.edu.tw/menu5/showoutline.asp?SYEAR=114&SEM=2&CrsDat=MEME302B&Crsname=流體力學,,,False,機電系,MEME302B,2,全英班,"流體力學
FLUID MECHANICS",3,期,True,50,1,36,14,鄭威利,"四5,6,7(工EC 2003)","['', '', '', '567', '', '', '']",《講授類》,"['太空科技微學程', '南星產業樞紐學程', '半導體製程模組學程', '半導體設備工程學程']",True
https://selcrs.nsysu.edu.tw/menu5/showoutline.asp?SYEAR=114&SEM=2&CrsDat=MEME308&Crsname=固力實驗,,,False,機電系,MEME308,3,甲班,"固力實驗
MATERIAL TESTING LABORATORY",1,期,True,60,2,29,31,吳美玲,"四2,3,4(工EC 3006)(實驗)","['', '', '', '234', '', '', '']","《實驗類》
實驗室在工EV 2015",[],False
https://selcrs.nsysu.edu.tw/menu5/showoutline.asp?SYEAR=114&SEM=2&CrsDat=MEME308A&Crsname=固力實驗,,,False,機電系,MEME308A,3,乙班,"固力實驗
MATERIAL TESTING LABORATORY",1,期,True,60,1,32,28,吳美玲,"三2,3,4(工EC 3006)(實驗)","['', '', '234', '', '', '', '']","《實驗類》
實驗室在工EV 2015",[],False
https://selcrs.nsysu.edu.tw/menu5/showoutline.asp?SYEAR=114&SEM=2&CrsDat=MEME308B&Crsname=固力實驗,,,False,機電系,MEME308B,3,全英班,"固力實驗
MATERIAL TESTING LABORATORY",1,期,True,60,3,33,27,吳美玲,"三5,6,7(工EC 3006)(實驗)","['', '', '567', '', '', '', '']","《實驗類》
實驗室在工EV 2015",[],True
https://selcrs.nsysu.edu.tw/menu5/showoutline.asp?SYEAR=114&SEM=2&CrsDat=MEME309&Crsname=控制實驗,,,False,機電系,MEME309,3,甲班,"控制實驗
CONTROL LABORATORY",1,期,True,60,2,29,31,嚴成文,"一5,6,7(工EC 3006)(實驗)","['567', '', '', '', '', '', '']","《實驗類》
實驗室在工EV 2008",[],False
https://selcrs.nsysu.edu.tw/menu5/showoutline.asp?SYEAR=114&SEM=2&CrsDat=MEME309A&Crsname=控制實驗,,,False,機電系,MEME309A,3,乙班,"控制實驗
CONTROL LABORATORY",1,期,True,60,4,35,25,嚴成文,"一2,3,4(工EC 3006)(實驗)","['234', '', '', '', '', '', '']","《實驗類》
實驗室在工EV 2008",[],False
https://selcrs.nsysu.edu.tw/menu5/showoutline.asp?SYEAR=114&SEM=2&CrsDat=MEME309B&Crsname=控制實驗,,,False,機電系,MEME309B,3,全英班,"控制實驗
CONTROL LABORATORY",1,期,True,60,0,33,27,嚴成文,"二2,3,4(工EC 3006)(實驗)","['', '234', '', '', '', '', '']","《實驗類》
實驗室在工EV 2008",[],True
https://selcrs.nsysu.edu.tw/menu5/showoutline.asp?SYEAR=114&SEM=2&CrsDat=MEME317&Crsname=電子封裝簡介,,,False,機電系,MEME317,0,不分班,"電子封裝簡介
AN INTRODUCTION OF IC PACKAGING",3,期,False,50,25,0,50,施孟鎧,"三2,3,4(工EN 3021)","['', '', '234', '', '', '', '']",《講授類》,"['矽光子暨半導體學程', '半導體製程模組學程', '半導體元件學程']",True
https://selcrs.nsysu.edu.tw/menu5/showoutline.asp?SYEAR=114&SEM=2&CrsDat=MEME318&Crsname=機械振動,,,False,機電系,MEME318,0,不分班,"機械振動
MECHANICAL VIBRATION",3,期,False,50,17,0,50,盧威廷,"三5,6,7(工EN 2022)","['', '', '567', '', '', '', '']",《講授類》,"['海事工程學程', '南星產業樞紐學程']",True
https://selcrs.nsysu.edu.tw/menu5/showoutline.asp?SYEAR=114&SEM=2&CrsDat=MEME321&Crsname=數位電子學,,,False,機電系,MEME321,0,不分班,"數位電子學
DIGITAL ELECTRONICS",3,期,False,50,1,0,50,許煜亮,"二2,3,4(工EC 3002)","['', '234', '', '', '', '', '']",《講授類》,"['半導體製程模組學程', '半導體設備工程學程', '半導體元件學程']",False
https://selcrs.nsysu.edu.tw/menu5/showoutline.asp?SYEAR=114&SEM=2&CrsDat=MEME328&Crsname=機械設計原理（二）,,,False,機電系,MEME328,0,不分班,"機械設計原理（二）
PRINCIPLES OF MACHINE DESIGN(II)",3,期,False,50,13,0,50,蔡尚南,"四8,6,7(工EC 3003)","['', '', '', '678', '', '', '']",《講授類》,"['無人載具學程', '半導體設備工程學程']",False
https://selcrs.nsysu.edu.tw/menu5/showoutline.asp?SYEAR=114&SEM=2&CrsDat=MEME328A&Crsname=機械設計原理（二）,,,False,機電系,MEME328A,0,不分班,"機械設計原理（二）
PRINCIPLES OF MACHINE DESIGN(II)",3,期,False,50,6,0,50,胡龍豪,"三5,6,7(工EN 3021)","['', '', '567', '', '', '', '']",《講授類》,"['無人載具學程', '半導體設備工程學程']",True
https://selcrs.nsysu.edu.tw/menu5/showoutline.asp?SYEAR=114&SEM=2&CrsDat=MEME333&Crsname=中等熱傳學,,,False,機電系,MEME333,0,不分班,"中等熱傳學
INTERMEDIATE HEAT TRANSFER",3,期,False,50,2,0,50,鄭威利,"五5,6,7(工EN 2022)","['', '', '', '', '567', '', '']",《講授類》,['半導體設備工程學程'],True
https://selcrs.nsysu.edu.tw/menu5/showoutline.asp?SYEAR=114&SEM=2&CrsDat=MEME334&Crsname=太空科技導論,,,False,機電系,MEME334,0,不分班,"太空科技導論
INTRODUCTION TO SPACE TECHNOLOGY",3,期,False,50,13,0,50,汪正祺,"三2,3,4(工EC 3002)","['', '', '234', '', '', '', '']",《講授類》,['太空科技微學程'],False
https://selcrs.nsysu.edu.tw/menu5/showoutline.asp?SYEAR=114&SEM=2&CrsDat=MEME401&Crsname=熱流實驗,,,False,機電系,MEME401,3,甲班,"熱流實驗
THERMALFLUIDS EXPERIMENT",1,期,True,60,1,36,24,梁俊德,"二5,6,7(工EN 4055-1)(實驗)","['', '567', '', '', '', '', '']","《實驗類》
三甲、三乙、三英併班上課，本課程須配合實驗設備彈性安排實驗時間，實驗室在工EV3008。",[],False
https://selcrs.nsysu.edu.tw/menu5/showoutline.asp?SYEAR=114&SEM=2&CrsDat=MEME401A&Crsname=熱流實驗,,,False,機電系,MEME401A,3,乙班,"熱流實驗
THERMALFLUIDS EXPERIMENT",1,期,True,60,0,37,23,梁俊德,"二5,6,7(工EN 4055-1)(實驗)","['', '567', '', '', '', '', '']","《實驗類》
三甲、三乙、三英併班上課，本課程須配合實驗設備彈性安排實驗時間，實驗室在工EV3008。",[],False
https://selcrs.nsysu.edu.tw/menu5/showoutline.asp?SYEAR=114&SEM=2&CrsDat=MEME401B&Crsname=熱流實驗,,,False,機電系,MEME401B,3,全英班,"熱流實驗
THERMALFLUIDS EXPERIMENT",1,期,True,60,1,33,27,梁俊德,"二5,6,7(工EN 4055-1)(實驗)","['', '567', '', '', '', '', '']","《實驗類》
三甲、三乙、三英併班上課，本課程須配合實驗設備彈性安排實驗時間，實驗室在工EV3008。",[],True
https://selcrs.nsysu.edu.tw/menu5/showoutline.asp?SYEAR=114&SEM=2&CrsDat=MEME414&Crsname=工程倫理,異動,更正時間1/14,False,機電系,MEME414,0,不分班,"工程倫理
ENGINEERING ETHICS",3,期,False,50,21,0,50,何應勤,"二8,9(工EN 3021) 四8(工EN 3021)","['', '89', '', '8', '', '', '']",《講授類》,[],True
https://selcrs.nsysu.edu.tw/menu5/showoutline.asp?SYEAR=114&SEM=2&CrsDat=MEME429&Crsname=機電實務專案,,,False,機電系,MEME429,3,甲班,"機電實務專案
PRACTICE AND PROJECT IN MECHANICAL AND ELECTROMECHANICAL ENGINEERING",1,期,True,50,0,37,13,王郁仁,"四A(工EN 4055-1)(實驗) 五A,1(工EN 4055-1)(實驗)","['', '', '', 'A', 'A1', '', '']",《實習類》,['太空科技微學程'],False
https://selcrs.nsysu.edu.tw/menu5/showoutline.asp?SYEAR=114&SEM=2&CrsDat=MEME429A&Crsname=機電實務專案,,,False,機電系,MEME429A,3,乙班,"機電實務專案
PRACTICE AND PROJECT IN MECHANICAL AND ELECTROMECHANICAL ENGINEERING",1,期,True,50,0,35,15,王郁仁,"四A(工EN 4055-1)(實驗) 五A,1(工EN 4055-1)(實驗)","['', '', '', 'A', 'A1', '', '']",《實習類》,['太空科技微學程'],False
https://selcrs.nsysu.edu.tw/menu5/showoutline.asp?SYEAR=114&SEM=2&CrsDat=MEME429B&Crsname=機電實務專案,,,False,機電系,MEME429B,3,全英班,"機電實務專案
PRACTICE AND PROJECT IN MECHANICAL AND ELECTROMECHANICAL ENGINEERING",1,期,True,50,1,33,17,王郁仁,"四A(工EN 4055-1)(實驗) 五A,1(工EN 4055-1)(實驗)","['', '', '', 'A', 'A1', '', '']",《實習類》,['太空科技微學程'],True
https://selcrs.nsysu.edu.tw/menu5/showoutline.asp?SYEAR=114&SEM=2&CrsDat=CSE170&Crsname=數位電子學,,,False,資工系,CSE170,1,不分班,"數位電子學
DIGITAL ELECTRONICS",3,期,True,80,0,53,27,郭可驥,"一5,6,7(工EC 5012)","['567', '', '', '', '', '', '']",《講授類》,"['矽光子暨半導體學程', '類比射頻IC設計學程']",False
https://selcrs.nsysu.edu.tw/menu5/showoutline.asp?SYEAR=114&SEM=2&CrsDat=CSE215&Crsname=資料結構,,,False,資工系,CSE215,1,不分班,"資料結構
DATA STRUCTURES",3,期,True,60,5,52,8,楊惠芳,"四2,3,4(工EC 5012)","['', '', '', '234', '', '', '']",《講授類》,"['計算物理及人工智慧微學程', '巨量資料分析學程', '金融科技學程', '軟體工程學程', '自然科學之程式應用學程']",True
https://selcrs.nsysu.edu.tw/menu5/showoutline.asp?SYEAR=114&SEM=2&CrsDat=CSE222&Crsname=區塊鏈導論,,,False,資工系,CSE222,3,不分班,"區塊鏈導論
INTRODUCTION TO BLOCKCHAIN TECHNOLOGY",3,期,False,80,12,0,80,李淑敏,"三2,3,4(工EC 9032)","['', '', '234', '', '', '', '']",《講授類》,[],True
https://selcrs.nsysu.edu.tw/menu5/showoutline.asp?SYEAR=114&SEM=2&CrsDat=CSE223&Crsname=資料探勘,,,False,資工系,CSE223,0,不分班,"資料探勘
DATA MINING",3,期,False,50,27,0,50,蔡崇煒,"四8,6,7(工EC 9032)","['', '', '', '678', '', '', '']",《講授類》,"['智慧製造聯網微學程', '製造與大數據分析微學程', '人工智慧工業應用學分學程', '人工智慧自然語言技術學分學程', '無人載具學程', '跨領域智慧製造學程', '智慧長照微學程']",False
https://selcrs.nsysu.edu.tw/menu5/showoutline.asp?SYEAR=114&SEM=2&CrsDat=CSE240&Crsname=積體電路電腦輔助設計概論,異動,更換時間及教室1/8,False,資工系,CSE240,3,不分班,"積體電路電腦輔助設計概論
INTRODUCTION TO COMPUTER-AIDED VLSI DESIGN",3,期,False,50,39,0,50,鄺獻榮,"四2,3,4(工EC 9031)","['', '', '', '234', '', '', '']",《講授類》,['矽光子暨半導體學程'],False
https://selcrs.nsysu.edu.tw/menu5/showoutline.asp?SYEAR=114&SEM=2&CrsDat=CSE260&Crsname=計算機組織,,,False,資工系,CSE260,2,不分班,"計算機組織
COMPUTER ORGANIZATION",3,期,True,60,3,55,5,黃英哲,"二2,3,4(工EC 9032)","['', '234', '', '', '', '', '']",《講授類》,"['軟體工程學程', '數位IC設計學程']",True
https://selcrs.nsysu.edu.tw/menu5/showoutline.asp?SYEAR=114&SEM=2&CrsDat=CSE280&Crsname=機率學,,,False,資工系,CSE280,2,不分班,"機率學
PROBABILITY",3,期,True,60,6,52,8,陳嘉平,"三2,3,4(工EC 2011)","['', '', '234', '', '', '', '']",《講授類》,"['機器學習與多媒體技術學程', '製造與大數據分析微學程', '巨量資料分析學程', '機器學習與應用微學程', '跨領域智慧製造學程', '金融工程學程']",True
https://selcrs.nsysu.edu.tw/menu5/showoutline.asp?SYEAR=114&SEM=2&CrsDat=CSE282&Crsname=Python 程式設計,異動,調升名額1/29,False,資工系,CSE282,2,不分班,"Python 程式設計
PROGRAMMING IN PYTHON",3,期,False,80,22,0,80,希家史提夫,"一8,6,7(工EC 9032)","['678', '', '', '', '', '', '']",《講授類》,"['人工智慧探索應用學分學程', '金融工程學程', '自然科學之程式應用學程']",True
https://selcrs.nsysu.edu.tw/menu5/showoutline.asp?SYEAR=114&SEM=2&CrsDat=CSE331&Crsname=無線與行動通訊安全理論與實務,,,False,資工系,CSE331,4,不分班,"無線與行動通訊安全理論與實務
THEORY AND PRACTICE OF WIRELESS AND MOBILE NETWORKS SECURITY",3,期,False,50,3,0,50,徐瑞壕,"三2,3,4(工EC 1006)","['', '', '234', '', '', '', '']",《講授類》,['資通安全學程'],False
https://selcrs.nsysu.edu.tw/menu5/showoutline.asp?SYEAR=114&SEM=2&CrsDat=CSE350&Crsname=電腦網路,,,False,資工系,CSE350,3,不分班,"電腦網路
COMPUTER NETWORK",3,期,True,60,6,55,5,邱勝敏,"五8,6,7(工EC 5012)","['', '', '', '', '678', '', '']",《講授類》,"['軟體工程學程', '永續能源學程', '自然科學之程式應用學程']",False
https://selcrs.nsysu.edu.tw/menu5/showoutline.asp?SYEAR=114&SEM=2&CrsDat=CSE360&Crsname=編譯器製作,,,False,資工系,CSE360,3,不分班,"編譯器製作
DESIGN AND IMPLEMENTATION OF COMPILER",3,期,True,60,1,55,5,張玉盈,"四8,6,7(工EC 5012)","['', '', '', '678', '', '', '']",《講授類》,"['軟體工程學程', '自然科學之程式應用學程']",False
https://selcrs.nsysu.edu.tw/menu5/showoutline.asp?SYEAR=114&SEM=2&CrsDat=CSE365&Crsname=UNIX系統程式,,,False,資工系,CSE365,3,不分班,"UNIX系統程式
UNIX SYSTEM PROGRAMMING",3,期,True,60,4,55,5,希家史提夫,"一2,3,4(工EC 9032)","['234', '', '', '', '', '', '']",《講授類》,['自然科學之程式應用學程'],True
https://selcrs.nsysu.edu.tw/menu5/showoutline.asp?SYEAR=114&SEM=2&CrsDat=CSE381&Crsname=專題製作實驗（一）,異動,更換教師1/27,False,資工系,CSE381,3,不分班,"專題製作實驗（一）
SPECIAL TOPICS LABORATORY (I)",1,期,True,60,0,54,6,楊惠芳,"五2,3,4(工EC 5012)(實驗)","['', '', '', '', '234', '', '']",《實驗類》,[],False
https://selcrs.nsysu.edu.tw/menu5/showoutline.asp?SYEAR=114&SEM=2&CrsDat=CSE391&Crsname=物件導向程式設計,,,False,資工系,CSE391,2,不分班,"物件導向程式設計
OBJECT-ORIENTED PROGRAMMING",3,期,True,60,3,55,5,克拉迪,"二8,6,7(工EC 9032)","['', '678', '', '', '', '', '']",《講授類》,"['智慧製造聯網微學程', '製造與大數據分析微學程', '金融科技學程', '跨領域智慧製造學程', '軟體工程學程', '永續能源學程', '自然科學之程式應用學程']",True
https://selcrs.nsysu.edu.tw/menu5/showoutline.asp?SYEAR=114&SEM=2&CrsDat=CSE445&Crsname=無線網際網路,,,False,資工系,CSE445,0,不分班,"無線網際網路
WIRELESS INTERNET",3,期,False,50,56,0,50,王友群,"三5,6,7(工EC 1005)","['', '', '567', '', '', '', '']",《講授類》,"['製造與大數據分析微學程', '無人載具學程', '跨領域智慧製造學程', '人工智慧與數學學程']",False
https://selcrs.nsysu.edu.tw/menu5/showoutline.asp?SYEAR=114&SEM=2&CrsDat=CSE466&Crsname=超大型積體電路設計概論,,,False,資工系,CSE466,3,不分班,"超大型積體電路設計概論
INTRODUCTION TO VLSI DESIGN",3,期,False,50,14,0,50,蕭勝夫,"三5,6,7(工EC 5012)","['', '', '567', '', '', '', '']",《講授類》,['矽光子暨半導體學程'],False
https://selcrs.nsysu.edu.tw/menu5/showoutline.asp?SYEAR=114&SEM=2&CrsDat=CSE480&Crsname=資訊安全,,,False,資工系,CSE480,4,不分班,"資訊安全
INFORMATION SECURITY",3,期,False,50,5,0,50,柯拉飛,"四2,3,4(工EC 1005)","['', '', '', '234', '', '', '']",《講授類》,"['無人載具學程', '智慧城市與智慧運輸學程', '軟體工程學程', '永續能源學程', '公共交通行動服務微學程', '資通安全學程', '全民國防微學程']",True
https://selcrs.nsysu.edu.tw/menu5/showoutline.asp?SYEAR=114&SEM=2&CrsDat=CSE490&Crsname=安全電子商務,,,False,資工系,CSE490,4,不分班,"安全電子商務
SECURE ELECTRONIC COMMERCE",3,期,False,50,17,0,50,徐瑞壕,"四2,3,4(工EC 1006)","['', '', '', '234', '', '', '']",《講授類》,['資通安全學程'],False
https://selcrs.nsysu.edu.tw/menu5/showoutline.asp?SYEAR=114&SEM=2&CrsDat=CSE491&Crsname=網路應用程式設計,,,False,資工系,CSE491,4,不分班,"網路應用程式設計
NETWORK APPLICATIONS PROGRAMMING",3,期,False,50,6,0,50,林俊宏,"二2,3,4(工EC 5008)","['', '234', '', '', '', '', '']",《講授類》,['自然科學之程式應用學程'],False
https://selcrs.nsysu.edu.tw/menu5/showoutline.asp?SYEAR=114&SEM=2&CrsDat=EO1008&Crsname=微積分（二）,,,False,光電系,EO1008,1,不分班,"微積分（二）
CALCULUS (II)",3,期,True,50,0,20,30,張福春,"一2,3,4(理SC 1005)","['234', '', '', '', '', '', '']","《講授類》
與材光系、化學系併班",['人工智慧與數學學程'],False
https://selcrs.nsysu.edu.tw/menu5/showoutline.asp?SYEAR=114&SEM=2&CrsDat=EO1008A&Crsname=微積分（二）,,,False,光電系,EO1008A,1,全英班,"微積分（二）
CALCULUS (II)",3,期,True,50,2,21,29,翁鵬絜,"一2,3,4(工EC 1009)","['234', '', '', '', '', '', '']","《講授類》
與化學系、材光系併班。微積分(一) 學期總成績至少有D等第。",['人工智慧與數學學程'],True
https://selcrs.nsysu.edu.tw/menu5/showoutline.asp?SYEAR=114&SEM=2&CrsDat=EO1009&Crsname=工程數學（一）,,,False,光電系,EO1009,1,不分班,"工程數學（一）
ENGINEERING MATHEMATICS (I)",3,期,True,50,2,27,23,洪裕涵,"一8,6,7(工EC 4012)","['678', '', '', '', '', '', '']",《講授類》,['金融工程學程'],True
https://selcrs.nsysu.edu.tw/menu5/showoutline.asp?SYEAR=114&SEM=2&CrsDat=EO1009A&Crsname=工程數學（一）,,,False,光電系,EO1009A,1,全英班,"工程數學（一）
ENGINEERING MATHEMATICS (I)",3,期,True,50,1,21,29,洪裕涵,"一8,6,7(工EC 4012)","['678', '', '', '', '', '', '']",《講授類》,['金融工程學程'],True
https://selcrs.nsysu.edu.tw/menu5/showoutline.asp?SYEAR=114&SEM=2&CrsDat=EO1010&Crsname=普通化學,,,False,光電系,EO1010,1,不分班,"普通化學
GENERAL CHEMISTRY",3,期,True,50,0,27,23,黃文堯,"四5,6,7(國IR 3003)","['', '', '', '567', '', '', '']",《講授類》,[],True
https://selcrs.nsysu.edu.tw/menu5/showoutline.asp?SYEAR=114&SEM=2&CrsDat=EO1010A&Crsname=普通化學,,,False,光電系,EO1010A,1,全英班,"普通化學
GENERAL CHEMISTRY",3,期,True,50,1,20,30,黃文堯,"四5,6,7(國IR 3003)","['', '', '', '567', '', '', '']",《講授類》,[],True
https://selcrs.nsysu.edu.tw/menu5/showoutline.asp?SYEAR=114&SEM=2&CrsDat=EO1044&Crsname=固態物理導論,,,False,光電系,EO1044,3,不分班,"固態物理導論
INTRODUCTION TO SOLID STATE PHYSICS",3,期,False,50,7,0,50,邱逸仁,"三2,3,4(工EC 4038)","['', '', '234', '', '', '', '']",《講授類》,"['矽光子暨半導體學程', '半導體製程模組學程']",False
https://selcrs.nsysu.edu.tw/menu5/showoutline.asp?SYEAR=114&SEM=2&CrsDat=EO1045&Crsname=有機光電概論,,,False,光電系,EO1045,3,不分班,"有機光電概論
INTRODUCTION TO ORGANIC OPTOELECTRONICS",3,期,False,50,8,0,50,張美濙,"五2,3,4(國IR 3002)","['', '', '', '', '234', '', '']",《講授類》,[],False
https://selcrs.nsysu.edu.tw/menu5/showoutline.asp?SYEAR=114&SEM=2&CrsDat=EO1046&Crsname=光電替代能源概論,,,False,光電系,EO1046,4,不分班,"光電替代能源概論
INTRODUCTION TO ELECTROOPTICAL ALTERNATIVE ENERGIES",3,期,False,50,4,0,50,王俊達,"一2,3,4(國IR 3002)","['234', '', '', '', '', '', '']",《講授類》,['環境教育學程'],False
https://selcrs.nsysu.edu.tw/menu5/showoutline.asp?SYEAR=114&SEM=2&CrsDat=EO1049&Crsname=太陽能電池導論,,,False,光電系,EO1049,4,不分班,"太陽能電池導論
INTRODUCTION TO SOLAR CELLS",3,期,False,50,2,0,50,朱安國,"三2,3,4(國IR 3001)","['', '', '234', '', '', '', '']",《講授類》,['環境教育學程'],False
https://selcrs.nsysu.edu.tw/menu5/showoutline.asp?SYEAR=114&SEM=2&CrsDat=EO2016&Crsname=幾何光學實驗,,,False,光電系,EO2016,2,不分班,"幾何光學實驗
GEOMETRICAL OPTICS LABORATORY",1,期,True,50,0,24,26,"吳昇展,林宗賢","三5,6,7(工EC 4008)(實驗)","['', '', '567', '', '', '', '']",《實驗類》,['矽光子暨半導體學程'],True
https://selcrs.nsysu.edu.tw/menu5/showoutline.asp?SYEAR=114&SEM=2&CrsDat=EO2016A&Crsname=幾何光學實驗,,,False,光電系,EO2016A,2,全英班,"幾何光學實驗
GEOMETRICAL OPTICS LABORATORY",1,期,True,50,0,18,32,"吳昇展,林宗賢","三5,6,7(工EC 4008)(實驗)","['', '', '567', '', '', '', '']",《實驗類》,['矽光子暨半導體學程'],True
https://selcrs.nsysu.edu.tw/menu5/showoutline.asp?SYEAR=114&SEM=2&CrsDat=EO2017&Crsname=電子學（二）,,,False,光電系,EO2017,2,不分班,"電子學（二）
ELECTRONICS(II)",3,期,True,50,1,24,26,李炫錫,"四5,6,7(工EC 4012)","['', '', '', '567', '', '', '']",《講授類》,"['半導體製程模組學程', '類比射頻IC設計學程']",True
https://selcrs.nsysu.edu.tw/menu5/showoutline.asp?SYEAR=114&SEM=2&CrsDat=EO2017A&Crsname=電子學（二）,,,False,光電系,EO2017A,2,全英班,"電子學（二）
ELECTRONICS(II)",3,期,True,50,3,19,31,李炫錫,"四5,6,7(工EC 4012)","['', '', '', '567', '', '', '']",《講授類》,"['半導體製程模組學程', '類比射頻IC設計學程']",True
https://selcrs.nsysu.edu.tw/menu5/showoutline.asp?SYEAR=114&SEM=2&CrsDat=EO2018&Crsname=電子學實驗（二）,,,False,光電系,EO2018,2,不分班,"電子學實驗（二）
ELECTRONICS LABORATORY(II)",1,期,True,50,1,24,26,李炫錫,"五2,3,4(工EC 6023)(實驗)","['', '', '', '', '234', '', '']",《實驗類》,[],True
https://selcrs.nsysu.edu.tw/menu5/showoutline.asp?SYEAR=114&SEM=2&CrsDat=EO2018A&Crsname=電子學實驗（二）,,,False,光電系,EO2018A,2,全英班,"電子學實驗（二）
ELECTRONICS LABORATORY(II)",1,期,True,50,0,19,31,李炫錫,"五2,3,4(工EC 6023)(實驗)","['', '', '', '', '234', '', '']",《實驗類》,[],True
https://selcrs.nsysu.edu.tw/menu5/showoutline.asp?SYEAR=114&SEM=2&CrsDat=EO2019&Crsname=工程數學（三）,,,False,光電系,EO2019,2,不分班,"工程數學（三）
ENGINEERING MATHEMATICS(III)",3,期,False,50,12,0,50,王耀霆,"一8,6,7(國IR 3002)","['678', '', '', '', '', '', '']",《講授類》,[],True
https://selcrs.nsysu.edu.tw/menu5/showoutline.asp?SYEAR=114&SEM=2&CrsDat=EO2020&Crsname=電磁學（二）,,,False,光電系,EO2020,2,不分班,"電磁學（二）
ELECTROMAGNETICS(II)",3,期,True,50,1,24,26,于欽平,"二5,6,7(國IR 3002)","['', '567', '', '', '', '', '']",《講授類》,['類比射頻IC設計學程'],False
https://selcrs.nsysu.edu.tw/menu5/showoutline.asp?SYEAR=114&SEM=2&CrsDat=EO2020A&Crsname=電磁學（二）,,,False,光電系,EO2020A,2,全英班,"電磁學（二）
ELECTROMAGNETICS(II)",3,期,True,50,3,20,30,于欽平,"二2,3,4(國IR 3002)","['', '234', '', '', '', '', '']",《講授類》,['類比射頻IC設計學程'],True
https://selcrs.nsysu.edu.tw/menu5/showoutline.asp?SYEAR=114&SEM=2&CrsDat=EO2021&Crsname=物理光學,,,False,光電系,EO2021,2,不分班,"物理光學
PHYSICAL OPTICS",3,期,True,50,0,24,26,李晁逵,"二2,3,4(國IR 3003)","['', '234', '', '', '', '', '']",《講授類》,['半導體製程模組學程'],False
https://selcrs.nsysu.edu.tw/menu5/showoutline.asp?SYEAR=114&SEM=2&CrsDat=EO2021A&Crsname=物理光學,,,False,光電系,EO2021A,2,全英班,"物理光學
PHYSICAL OPTICS",3,期,True,50,0,20,30,王耀霆,"二5,6,7(國IR 3003)","['', '567', '', '', '', '', '']",《講授類》,['半導體製程模組學程'],True
https://selcrs.nsysu.edu.tw/menu5/showoutline.asp?SYEAR=114&SEM=2&CrsDat=EO3024&Crsname=量子力學導論,,,False,光電系,EO3024,3,不分班,"量子力學導論
INTRODUCTION TO QUANTUM MECHANICS",3,期,False,50,6,0,50,洪玉珠,"五5,6,7(工EC 4012)","['', '', '', '', '567', '', '']",《講授類》,"['矽光子暨半導體學程', '半導體製程模組學程']",False
https://selcrs.nsysu.edu.tw/menu5/showoutline.asp?SYEAR=114&SEM=2&CrsDat=EO3026&Crsname=光子學實驗,,,False,光電系,EO3026,3,不分班,"光子學實驗
PHOTONICS LABORATORY",1,期,True,50,0,27,23,邱逸仁,"二5,6,7(工EC 4008)(實驗)","['', '567', '', '', '', '', '']",《實驗類》,['矽光子暨半導體學程'],True
https://selcrs.nsysu.edu.tw/menu5/showoutline.asp?SYEAR=114&SEM=2&CrsDat=EO3026A&Crsname=光子學實驗,,,False,光電系,EO3026A,3,全英班,"光子學實驗
PHOTONICS LABORATORY",1,期,True,50,0,21,29,邱逸仁,"二5,6,7(工EC 4008)(實驗)","['', '567', '', '', '', '', '']",《實驗類》,['矽光子暨半導體學程'],True
https://selcrs.nsysu.edu.tw/menu5/showoutline.asp?SYEAR=114&SEM=2&CrsDat=EO3028&Crsname=光電工程專題（二）,,,False,光電系,EO3028,3,不分班,"光電工程專題（二）
INDEPENDENT STUDIES IN PHOTONICS(I I)",1,期,True,50,1,25,25,黃文堯,五A(工EC 4012),"['', '', '', '', 'A', '', '']",《獨立研究》,[],True
https://selcrs.nsysu.edu.tw/menu5/showoutline.asp?SYEAR=114&SEM=2&CrsDat=EO3028A&Crsname=光電工程專題（二）,,,False,光電系,EO3028A,3,全英班,"光電工程專題（二）
INDEPENDENT STUDIES IN PHOTONICS(I I)",1,期,True,50,0,20,30,黃文堯,五A(工EC 4012),"['', '', '', '', 'A', '', '']",《獨立研究》,[],True
https://selcrs.nsysu.edu.tw/menu5/showoutline.asp?SYEAR=114&SEM=2&CrsDat=EO3031&Crsname=信號與系統,,,False,光電系,EO3031,2,不分班,"信號與系統
SIGNALS AND SYSTEMS",3,期,True,50,14,24,26,魏嘉建,"四2,3,4(工EC 1009)","['', '', '', '234', '', '', '']",《講授類》,['類比射頻IC設計學程'],True
https://selcrs.nsysu.edu.tw/menu5/showoutline.asp?SYEAR=114&SEM=2&CrsDat=EO3031A&Crsname=信號與系統,,,False,光電系,EO3031A,2,全英班,"信號與系統
SIGNALS AND SYSTEMS",3,期,True,50,7,19,31,魏嘉建,"四2,3,4(工EC 1009)","['', '', '', '234', '', '', '']",《講授類》,['類比射頻IC設計學程'],True
https://selcrs.nsysu.edu.tw/menu5/showoutline.asp?SYEAR=114&SEM=2&CrsDat=EO3032&Crsname=光電工程導論,,,False,光電系,EO3032,3,不分班,"光電工程導論
INTRODUCTION OF OPTICAL ENGINEERING",3,期,False,50,0,0,50,李晁逵,"二5,6,7(國IR 3001)","['', '567', '', '', '', '', '']",《講授類》,[],False
https://selcrs.nsysu.edu.tw/menu5/showoutline.asp?SYEAR=114&SEM=2&CrsDat=EO3034&Crsname=光電材料概論,,,False,光電系,EO3034,3,不分班,"光電材料概論
""INTRODUCTION TO OPTOELECTRONIC MATERIALS
""",3,期,False,50,7,0,50,林煒淳,"一2,3,4(工EC 4038)","['234', '', '', '', '', '', '']",《講授類》,"['矽光子微學程', '矽光子暨半導體學程', '永續能源學程']",True
https://selcrs.nsysu.edu.tw/menu5/showoutline.asp?SYEAR=114&SEM=2&CrsDat=EO4007&Crsname=半導體元件導論,,,False,光電系,EO4007,4,不分班,"半導體元件導論
INTRODUCTION TO SEMICONDUCTOR DEVICES",3,期,False,50,2,0,50,吳昇展,"四2,3,4(工EC 4037)","['', '', '', '234', '', '', '']",《講授類》,[],True
https://selcrs.nsysu.edu.tw/menu5/showoutline.asp?SYEAR=114&SEM=2&CrsDat=EO4008&Crsname=傅氏光學,,,False,光電系,EO4008,3,不分班,"傅氏光學
FOURIER OPTICS",3,期,False,50,5,0,50,朱安國,"二2,3,4(國IR 3001)","['', '234', '', '', '', '', '']",《講授類》,[],False
https://selcrs.nsysu.edu.tw/menu5/showoutline.asp?SYEAR=114&SEM=2&CrsDat=MOES104&Crsname=普通化學（二）,,,False,材光系,MOES104,1,不分班,"普通化學（二）
GENERAL CHEMISTRY(II)",3,期,True,50,5,27,23,梁子輝,"五2,3,4(理SC 0008)","['', '', '', '', '234', '', '']","《講授類》
與物理系併班上課。",['半導體設備工程學程'],False
https://selcrs.nsysu.edu.tw/menu5/showoutline.asp?SYEAR=114&SEM=2&CrsDat=MOES104A&Crsname=普通化學（二）,,,False,材光系,MOES104A,1,全英班,"普通化學（二）
GENERAL CHEMISTRY(II)",3,期,True,50,1,25,25,克里斯那,"五5,6,7(工EC 2002)","['', '', '', '', '567', '', '']","《講授類》
與物理系併班上課。",['半導體設備工程學程'],True
https://selcrs.nsysu.edu.tw/menu5/showoutline.asp?SYEAR=114&SEM=2&CrsDat=MOES105&Crsname=微積分（二）,,,False,材光系,MOES105,1,不分班,"微積分（二）
CALCULUS(II)",3,期,True,50,0,22,28,張福春,"一2,3,4(理SC 1005)","['234', '', '', '', '', '', '']","《講授類》
與光電系、化學系併班上課。",['人工智慧與數學學程'],False
https://selcrs.nsysu.edu.tw/menu5/showoutline.asp?SYEAR=114&SEM=2&CrsDat=MOES105A&Crsname=微積分（二）,,,False,材光系,MOES105A,1,全英班,"微積分（二）
CALCULUS(II)",3,期,True,50,3,25,25,翁鵬絜,"一2,3,4(工EC 1009)","['234', '', '', '', '', '', '']","《講授類》
與光電系、化學系併班上課。微積分(一) 學期總成績至少有D等第。",['人工智慧與數學學程'],True
https://selcrs.nsysu.edu.tw/menu5/showoutline.asp?SYEAR=114&SEM=2&CrsDat=MOES108&Crsname=光電科技概論,,,False,材光系,MOES108,1,不分班,"光電科技概論
INTRODUCTION TO OPTO-ELECTRONIC SCIENCE AND TECHNOLOGY",3,期,True,70,12,27,43,徐瑞鴻,"四2,3,4(工EC 1001)","['', '', '', '234', '', '', '']",《講授類》,"['矽光子暨半導體學程', '半導體製程模組學程']",False
https://selcrs.nsysu.edu.tw/menu5/showoutline.asp?SYEAR=114&SEM=2&CrsDat=MOES108A&Crsname=光電科技概論,異動,確認教師1/21,False,材光系,MOES108A,1,全英班,"光電科技概論
INTRODUCTION TO OPTO-ELECTRONIC SCIENCE AND TECHNOLOGY",3,期,True,60,2,25,35,李明賢,"四2,3,4(工EN 0032)","['', '', '', '234', '', '', '']",《講授類》,"['矽光子暨半導體學程', '半導體製程模組學程']",True
https://selcrs.nsysu.edu.tw/menu5/showoutline.asp?SYEAR=114&SEM=2&CrsDat=MOES203&Crsname=工程數學（二）,異動,確認教師1/21,False,材光系,MOES203,2,不分班,"工程數學（二）
ENGINEERING MATHEMATICS(II)",3,期,False,50,8,0,50,李明賢,"五2,3,4(工MS 4023)","['', '', '', '', '234', '', '']",《講授類》,"['半導體製程模組學程', '半導體元件學程']",False
https://selcrs.nsysu.edu.tw/menu5/showoutline.asp?SYEAR=114&SEM=2&CrsDat=MOES205&Crsname=量子物理,,,False,材光系,MOES205,2,不分班,"量子物理
QUANTUM PHYSICS",3,期,True,70,6,34,36,呂德,"三5,6,7(工EC 2011)","['', '', '567', '', '', '', '']",《講授類》,"['半導體製程模組學程', '半導體元件學程']",True
https://selcrs.nsysu.edu.tw/menu5/showoutline.asp?SYEAR=114&SEM=2&CrsDat=MOES205A&Crsname=量子物理,,,False,材光系,MOES205A,2,全英班,"量子物理
QUANTUM PHYSICS",3,期,True,70,1,21,49,呂德,"三5,6,7(工EC 2011)","['', '', '567', '', '', '', '']",《講授類》,"['半導體製程模組學程', '半導體元件學程']",True
https://selcrs.nsysu.edu.tw/menu5/showoutline.asp?SYEAR=114&SEM=2&CrsDat=MOES211&Crsname=光學（一）,,,False,材光系,MOES211,2,不分班,"光學（一）
OPTICS(I)",3,期,False,60,8,0,60,徐瑞鴻,"四8,6,7(工MS 4022)","['', '', '', '678', '', '', '']",《講授類》,['半導體製程模組學程'],False
https://selcrs.nsysu.edu.tw/menu5/showoutline.asp?SYEAR=114&SEM=2&CrsDat=MOES212&Crsname=材料熱力學,,,False,材光系,MOES212,2,不分班,"材料熱力學
THERMODYNAMICS OF MATERIALS",3,期,True,60,3,34,26,邱政維,"三2,3,4(工MS 4022)","['', '', '234', '', '', '', '']","《講授類》
建議先修科目：MOES216 物理化學","['材料結構性質微學程', '半導體製程模組學程', '半導體設備工程學程']",True
https://selcrs.nsysu.edu.tw/menu5/showoutline.asp?SYEAR=114&SEM=2&CrsDat=MOES212A&Crsname=材料熱力學,,,False,材光系,MOES212A,2,全英班,"材料熱力學
THERMODYNAMICS OF MATERIALS",3,期,True,60,1,21,39,邱政維,"三2,3,4(工MS 4022)","['', '', '234', '', '', '', '']","《講授類》
建議先修科目：MOES216 物理化學","['材料結構性質微學程', '半導體製程模組學程', '半導體設備工程學程']",True
https://selcrs.nsysu.edu.tw/menu5/showoutline.asp?SYEAR=114&SEM=2&CrsDat=MOES217&Crsname=電磁學（二）,,,False,材光系,MOES217,2,不分班,"電磁學（二）
ELECTROMAGNETISM (II)",3,期,False,50,0,0,50,杭大任,"一6(工MS 2001) 五6,7(工MS 2001)","['6', '', '', '', '67', '', '']",《講授類》,['類比射頻IC設計學程'],True
https://selcrs.nsysu.edu.tw/menu5/showoutline.asp?SYEAR=114&SEM=2&CrsDat=MOES219&Crsname=X光與電子繞射,,,False,材光系,MOES219,2,不分班,"X光與電子繞射
X-RAY AND ELECTRON DIFFRACTION",3,期,True,60,8,34,26,王映樵,"二2,3,4(工MS 4022)","['', '234', '', '', '', '', '']",《講授類》,"['材料結構性質微學程', '有機和材料合成學程']",False
https://selcrs.nsysu.edu.tw/menu5/showoutline.asp?SYEAR=114&SEM=2&CrsDat=MOES219A&Crsname=X光與電子繞射,異動,確認教師2/3,False,材光系,MOES219A,2,全英班,"X光與電子繞射
X-RAY AND ELECTRON DIFFRACTION",3,期,True,50,0,21,29,張尹,"二2,3,4(工MS 4023)","['', '234', '', '', '', '', '']",《講授類》,"['材料結構性質微學程', '有機和材料合成學程']",True
https://selcrs.nsysu.edu.tw/menu5/showoutline.asp?SYEAR=114&SEM=2&CrsDat=MOES233&Crsname=有機化學（二）,,,False,材光系,MOES233,2,不分班,"有機化學（二）
ORGANIC CHEMISTRY (II）",3,期,False,60,6,0,60,曼哈迪,"四8,6,7(工MS 4023)","['', '', '', '678', '', '', '']",《講授類》,['半導體製程模組學程'],True
https://selcrs.nsysu.edu.tw/menu5/showoutline.asp?SYEAR=114&SEM=2&CrsDat=MOES304&Crsname=材料與光電實驗（二）,,,True,材光系,MOES304,3,不分班,"材料與光電實驗（二）
EXPERIMENTS ON MATERIALS CHARACTERIZATION AND OPTOELECTRONICS（II）",2,期,True,30,4,0,30,"葉昀昇,蔡宗鳴,蘇威宏,郭哲男","四8,9,6,7(工MS 4025)(實驗)","['', '', '', '6789', '', '', '']","《實驗類》
限學號 B123100002~B123100012、B123100015~B123100019、B123100021~B123100026、B123021018 、B125025012 、B125040003、B123100027~B123100029學生選課",[],False
https://selcrs.nsysu.edu.tw/menu5/showoutline.asp?SYEAR=114&SEM=2&CrsDat=MOES304A&Crsname=材料與光電實驗（二）,,,True,材光系,MOES304A,3,全英班,"材料與光電實驗（二）
EXPERIMENTS ON MATERIALS CHARACTERIZATION AND OPTOELECTRONICS（II）",2,期,True,30,5,0,30,"蔡宗鳴,蔣酉旺,蘇威宏,邱政維","五8,9,6,7(工MS 4025)(實驗)","['', '', '', '', '6789', '', '']","《實驗類》
限學號 B123105001~B123105002、B123105004~B123105021、B123105024~B123105027 學生選課",[],True
https://selcrs.nsysu.edu.tw/menu5/showoutline.asp?SYEAR=114&SEM=2&CrsDat=MOES311&Crsname=光電工程（一）,異動,確定教室1/21,False,材光系,MOES311,3,不分班,"光電工程（一）
OPTOELECTRONIC ENGINEERING(I)",3,期,True,50,3,30,20,蘇威宏,"一8(工EC 1006) 二3,4(工EC 1005)","['8', '34', '', '', '', '', '']",《講授類》,[],True
https://selcrs.nsysu.edu.tw/menu5/showoutline.asp?SYEAR=114&SEM=2&CrsDat=MOES311A&Crsname=光電工程（一）,異動,更換教室1/21,False,材光系,MOES311A,3,全英班,"光電工程（一）
OPTOELECTRONIC ENGINEERING(I)",3,期,True,50,0,24,26,蘇威宏,"一8(工EC 1006) 二3,4(工EC 1005)","['8', '34', '', '', '', '', '']",《講授類》,[],True
https://selcrs.nsysu.edu.tw/menu5/showoutline.asp?SYEAR=114&SEM=2&CrsDat=MOES318&Crsname=電子學（二）,,,False,材光系,MOES318,3,不分班,"電子學（二）
ELECTRONICS(II)",3,期,False,60,5,0,60,蔡宗鳴,"四2,3,4(工MS 4022)","['', '', '', '234', '', '', '']",《講授類》,"['半導體製程模組學程', '半導體設備工程學程', '半導體元件學程', '類比射頻IC設計學程']",False
https://selcrs.nsysu.edu.tw/menu5/showoutline.asp?SYEAR=114&SEM=2&CrsDat=MOES319&Crsname=高分子物理,,,False,材光系,MOES319,3,不分班,"高分子物理
POLYMER PHYSICS",3,期,False,60,10,0,60,葉昀昇,"四2,3,4(工MS 4019)","['', '', '', '234', '', '', '']",《講授類》,"['半導體製程模組學程', '有機和材料合成學程']",False
https://selcrs.nsysu.edu.tw/menu5/showoutline.asp?SYEAR=114&SEM=2&CrsDat=MOES333&Crsname=材料機械性質,,,False,材光系,MOES333,3,不分班,"材料機械性質
MECHANICAL BEHAVIOR OF MATERIALS",3,期,False,50,5,0,50,郭哲男,"二8,9,7(工MS 4019)","['', '789', '', '', '', '', '']",《講授類》,['有機和材料合成學程'],False
https://selcrs.nsysu.edu.tw/menu5/showoutline.asp?SYEAR=114&SEM=2&CrsDat=MOES334&Crsname=材料與光電專題研究（二）,,,False,材光系,MOES334,3,不分班,"材料與光電專題研究（二）
RESEARCH PROJECT MATERIALS AND OPTOELECTRONIC(II)",1,期,False,60,6,0,60,蔣酉旺,一A() 二A() 三A(),"['A', 'A', 'A', '', '', '', '']",《獨立研究》,[],True
https://selcrs.nsysu.edu.tw/menu5/showoutline.asp?SYEAR=114&SEM=2&CrsDat=MOES440&Crsname=材料與光電專題研究（四）,異動,更換時間1/29,False,材光系,MOES440,4,不分班,"材料與光電專題研究（四）
RESEARCH PROJECT MATERIALS AND OPTOELECTRONIC(VI)",1,期,False,50,2,0,50,蔣酉旺,一1() 二1() 三1(),"['1', '1', '1', '', '', '', '']",《獨立研究》,[],True
https://selcrs.nsysu.edu.tw/menu5/showoutline.asp?SYEAR=114&SEM=2&CrsDat=MOES452&Crsname=專題討論,,,False,材光系,MOES452,3,不分班,"專題討論
SEMINAR",2,期,True,50,1,29,21,陳致光,二6(工MS 4019),"['', '6', '', '', '', '', '']",《研討類》,[],True
https://selcrs.nsysu.edu.tw/menu5/showoutline.asp?SYEAR=114&SEM=2&CrsDat=MOES452A&Crsname=專題討論,,,False,材光系,MOES452A,3,全英班,"專題討論
SEMINAR",2,期,True,50,1,24,26,陳致光,二6(工MS 4019),"['', '6', '', '', '', '', '']",《研討類》,[],True
https://selcrs.nsysu.edu.tw/menu5/showoutline.asp?SYEAR=114&SEM=2&CrsDat=MOES454&Crsname=進階固態物理,,,False,材光系,MOES454,3,不分班,"進階固態物理
ADVANCED SOLID STATE PHYSICS",3,期,False,50,10,0,50,李廣輝,"五2(工MS 4022 ) 五3,4(工MS 4022)","['', '', '', '', '234', '', '']",《講授類》,[],False
https://selcrs.nsysu.edu.tw/menu5/showoutline.asp?SYEAR=114&SEM=2&CrsDat=MOES456&Crsname=材料顯微分析實驗,,,False,材光系,MOES456,4,不分班,"材料顯微分析實驗
EXPERIMENTS OF MATERIAL MICROANALYSIS",2,期,False,30,6,0,30,"張六文,李廣輝,王致傑,蔣酉旺,邱政維,郭哲男,郭紹偉","一2,3,4,B(工 MS 4023)(實驗)","['234B', '', '', '', '', '', '']",《實驗類》,[],False
https://selcrs.nsysu.edu.tw/menu5/showoutline.asp?SYEAR=114&SEM=2&CrsDat=CSE1005&Crsname=數位電子學,,,False,資工全英班,CSE1005,1,全英班,"數位電子學
DIGITAL ELECTRONICS",3,期,True,50,3,32,18,郭可驥,"二5,6,7(工EC 1006)","['', '567', '', '', '', '', '']",《講授類》,"['矽光子暨半導體學程', '類比射頻IC設計學程']",True
https://selcrs.nsysu.edu.tw/menu5/showoutline.asp?SYEAR=114&SEM=2&CrsDat=CSE2002&Crsname=資料結構,,,False,資工全英班,CSE2002,1,全英班,"資料結構
DATA STRUCTURES",3,期,True,50,3,32,18,李淑敏,"三5,6,7(工EC 1006)","['', '', '567', '', '', '', '']",《講授類》,"['計算物理及人工智慧微學程', '巨量資料分析學程', '金融科技學程', '軟體工程學程', '自然科學之程式應用學程']",True
https://selcrs.nsysu.edu.tw/menu5/showoutline.asp?SYEAR=114&SEM=2&CrsDat=CSE2004&Crsname=計算機組織,,,False,資工全英班,CSE2004,2,全英班,"計算機組織
COMPUTER ORGANIZATION",3,期,True,50,2,27,23,黃英哲,"二2,3,4(工EC 9032)","['', '234', '', '', '', '', '']",《講授類》,"['軟體工程學程', '數位IC設計學程']",True
https://selcrs.nsysu.edu.tw/menu5/showoutline.asp?SYEAR=114&SEM=2&CrsDat=CSE2006&Crsname=機率學,,,False,資工全英班,CSE2006,2,全英班,"機率學
PROBABILITY",3,期,True,50,4,31,19,陳嘉平,"三2,3,4(工EC 2011)","['', '', '234', '', '', '', '']",《講授類》,"['機器學習與多媒體技術學程', '製造與大數據分析微學程', '巨量資料分析學程', '機器學習與應用微學程', '跨領域智慧製造學程', '金融工程學程']",True
https://selcrs.nsysu.edu.tw/menu5/showoutline.asp?SYEAR=114&SEM=2&CrsDat=CSE3002&Crsname=物件導向程式設計,,,False,資工全英班,CSE3002,2,全英班,"物件導向程式設計
OBJECT-ORIENTED PROGRAMMING",3,期,True,50,0,31,19,克拉迪,"二8,6,7(工EC 9032)","['', '678', '', '', '', '', '']",《講授類》,"['智慧製造聯網微學程', '製造與大數據分析微學程', '金融科技學程', '跨領域智慧製造學程', '軟體工程學程', '永續能源學程', '自然科學之程式應用學程']",True
https://selcrs.nsysu.edu.tw/menu5/showoutline.asp?SYEAR=114&SEM=2&CrsDat=CSE3004&Crsname=電腦網路,,,False,資工全英班,CSE3004,3,全英班,"電腦網路
COMPUTER NETWORK",3,期,True,50,1,29,21,邱勝敏,"四8,6,7(工EC 1005)","['', '', '', '678', '', '', '']",《講授類》,"['軟體工程學程', '永續能源學程', '自然科學之程式應用學程']",True
https://selcrs.nsysu.edu.tw/menu5/showoutline.asp?SYEAR=114&SEM=2&CrsDat=CSE3005&Crsname=編譯器製作,,,False,資工全英班,CSE3005,3,全英班,"編譯器製作
DESIGN AND IMPLEMENTATION OF COMPILER",3,期,True,50,2,29,21,張玉盈,"一8,6,7(工EC 1005)","['678', '', '', '', '', '', '']",《講授類》,"['軟體工程學程', '自然科學之程式應用學程']",True
https://selcrs.nsysu.edu.tw/menu5/showoutline.asp?SYEAR=114&SEM=2&CrsDat=CSE3006&Crsname=UNIX系統程式,,,False,資工全英班,CSE3006,3,全英班,"UNIX系統程式
UNIX SYSTEM PROGRAMMING",3,期,True,50,2,27,23,希家史提夫,"一2,3,4(工EC 9032)","['234', '', '', '', '', '', '']",《講授類》,['自然科學之程式應用學程'],True
https://selcrs.nsysu.edu.tw/menu5/showoutline.asp?SYEAR=114&SEM=2&CrsDat=CSE3007&Crsname=專題製作實驗（一）,,,False,資工全英班,CSE3007,3,全英班,"專題製作實驗（一）
SPECIAL TOPICS LABORATORY (I)",1,期,True,50,0,28,22,克拉迪,"五8,9,7(工EC 1005)(實驗)","['', '', '', '', '789', '', '']",《實驗類》,[],True
https://selcrs.nsysu.edu.tw/menu5/showoutline.asp?SYEAR=114&SEM=2&CrsDat=CSE3008&Crsname=增強式學習導論,,,False,資工全英班,CSE3008,3,不分班,"增強式學習導論
INTRODUCTION TO REINFORCEMENT LEARNING",3,期,False,50,14,0,50,吳建澄,"二8,6,7(工EC 5007)","['', '678', '', '', '', '', '']",《講授類》,[],True
https://selcrs.nsysu.edu.tw/menu5/showoutline.asp?SYEAR=114&SEM=2&CrsDat=BM102&Crsname=會計學（二）,,,False,企管系,BM102,1,甲班,"會計學（二）
ACCOUNTING (II)",3,期,True,50,6,36,14,羅勝議,"四5,6,7(管CM 3015)","['', '', '', '567', '', '', '']","《講授類》
限企管系(含雙主修、輔系)；會計學(一)不及格不能選課","['金融工程學程', '會計學程']",False
https://selcrs.nsysu.edu.tw/menu5/showoutline.asp?SYEAR=114&SEM=2&CrsDat=BM102A&Crsname=會計學（二）,,,False,企管系,BM102A,1,乙班,"會計學（二）
ACCOUNTING (II)",3,期,True,50,8,33,17,陳妮雲,"四2,3,4(管CM 2037)","['', '', '', '234', '', '', '']","《講授類》
限企管系(含雙主修、輔系)；會計學(一)不及格不能選課","['金融工程學程', '會計學程']",False
https://selcrs.nsysu.edu.tw/menu5/showoutline.asp?SYEAR=114&SEM=2&CrsDat=BM104&Crsname=會計學實習（二）,,,False,企管系,BM104,1,甲班,"會計學實習（二）
ACCOUNTING PRACTICE (II)",1,期,False,50,17,0,50,羅勝議,"四8,9(管CM 3015)(實驗)","['', '', '', '89', '', '', '']","《實習類》
限企管系(含雙主修、輔系)",[],False
https://selcrs.nsysu.edu.tw/menu5/showoutline.asp?SYEAR=114&SEM=2&CrsDat=BM104A&Crsname=會計學實習（二）,,,False,企管系,BM104A,1,乙班,"會計學實習（二）
ACCOUNTING PRACTICE (II)",1,期,False,50,14,0,50,陳妮雲,"四8,9(管CM 3017)(實驗)","['', '', '', '89', '', '', '']","《實習類》
 限企管系(含雙主修、輔系)；併班上課；",[],False
https://selcrs.nsysu.edu.tw/menu5/showoutline.asp?SYEAR=114&SEM=2&CrsDat=BM106&Crsname=經濟學（二）,,,False,企管系,BM106,1,甲班,"經濟學（二）
ECONOMICS(II)",3,期,True,50,5,37,13,彭聖翔,"五5,6,7(管CM 0052)","['', '', '', '', '567', '', '']","《講授類》
限企管系(含雙主修、輔系)；併班上課；",['金融工程學程'],True
https://selcrs.nsysu.edu.tw/menu5/showoutline.asp?SYEAR=114&SEM=2&CrsDat=BM106A&Crsname=經濟學（二）,,,False,企管系,BM106A,1,乙班,"經濟學（二）
ECONOMICS(II)",3,期,True,50,4,35,15,彭聖翔,"五5,6,7(管CM 0052)","['', '', '', '', '567', '', '']","《講授類》
限企管系(含雙主修、輔系)；併班上課；",['金融工程學程'],True
https://selcrs.nsysu.edu.tw/menu5/showoutline.asp?SYEAR=114&SEM=2&CrsDat=BM108&Crsname=經濟學實習（二）,,,False,企管系,BM108,1,甲班,"經濟學實習（二）
ECONOMICS PRACTICE(II)",1,期,False,50,12,0,50,彭聖翔,"五3,4(管CM 0052)(實驗)","['', '', '', '', '34', '', '']","《實習類》
限企管系(含雙主修、輔系)；併班上課；",[],True
https://selcrs.nsysu.edu.tw/menu5/showoutline.asp?SYEAR=114&SEM=2&CrsDat=BM108A&Crsname=經濟學實習（二）,,,False,企管系,BM108A,1,乙班,"經濟學實習（二）
ECONOMICS PRACTICE(II)",1,期,False,50,12,0,50,彭聖翔,"五3,4(管CM 0052)(實驗)","['', '', '', '', '34', '', '']","《實習類》
限企管系(含雙主修、輔系)；併班上課系)；",[],True
https://selcrs.nsysu.edu.tw/menu5/showoutline.asp?SYEAR=114&SEM=2&CrsDat=BM112&Crsname=管理學,,,False,企管系,BM112,1,甲班,"管理學
MANAGEMENT",3,期,True,50,3,38,12,林豪傑,"一5,6,7(管CM 1037)","['567', '', '', '', '', '', '']","《講授類》
限企管系(含雙主修、輔系)","['人力資源管理學程', '地方敘事與創生學程', '音樂藝術管理與行銷學程']",False
https://selcrs.nsysu.edu.tw/menu5/showoutline.asp?SYEAR=114&SEM=2&CrsDat=BM112A&Crsname=管理學,,,False,企管系,BM112A,1,乙班,"管理學
MANAGEMENT",3,期,True,50,1,35,15,王致遠,"四5,6,7(管CM 1037)","['', '', '', '567', '', '', '']","《講授類》
限企管系(含雙主修、輔系)","['人力資源管理學程', '地方敘事與創生學程', '音樂藝術管理與行銷學程']",False
https://selcrs.nsysu.edu.tw/menu5/showoutline.asp?SYEAR=114&SEM=2&CrsDat=BM202&Crsname=統計學（二）,,,False,企管系,BM202,2,甲班,"統計學（二）
STATISTICS(II)",3,期,True,50,9,39,11,林晉禾,"一5,6,7(管CM 0052)","['567', '', '', '', '', '', '']","《講授類》
限企管系(含雙主修、輔系)；併班上課※併班",['金融工程學程'],False
https://selcrs.nsysu.edu.tw/menu5/showoutline.asp?SYEAR=114&SEM=2&CrsDat=BM202A&Crsname=統計學（二）,,,False,企管系,BM202A,2,乙班,"統計學（二）
STATISTICS(II)",3,期,True,50,4,40,10,林晉禾,"一5,6,7(管CM 0052)","['567', '', '', '', '', '', '']","《講授類》
限企管系(含雙主修、輔系)；併班上課※併班",['金融工程學程'],False
https://selcrs.nsysu.edu.tw/menu5/showoutline.asp?SYEAR=114&SEM=2&CrsDat=BM205&Crsname=生產與作業管理,,,False,企管系,BM205,2,甲班,"生產與作業管理
PRODUCTION AND OPERATIONS MANAGEMEN",3,期,True,50,1,40,10,黃鋒樟,"二5,6,7(管CM 1037)","['', '567', '', '', '', '', '']","《講授類》
限企管系(含雙主修、輔系)；併班上課※併班",['科技創新與服務業管理學程'],False
https://selcrs.nsysu.edu.tw/menu5/showoutline.asp?SYEAR=114&SEM=2&CrsDat=BM205A&Crsname=生產與作業管理,,,False,企管系,BM205A,2,乙班,"生產與作業管理
PRODUCTION AND OPERATIONS MANAGEMEN",3,期,True,50,2,38,12,黃鋒樟,"二5,6,7(管CM 1037)","['', '567', '', '', '', '', '']","《講授類》
限企管系(含雙主修、輔系)；併班上課※併班",['科技創新與服務業管理學程'],False
https://selcrs.nsysu.edu.tw/menu5/showoutline.asp?SYEAR=114&SEM=2&CrsDat=BM209&Crsname=人力資源管理,,,False,企管系,BM209,2,甲班,"人力資源管理
HUMAN RESOURCES MANAGEMENT",3,期,True,50,4,37,13,王致遠,"三2,3,4(管CM 1037)","['', '', '234', '', '', '', '']","《講授類》
限企管系(含雙主修、輔系)",['人力資源管理學程'],False
https://selcrs.nsysu.edu.tw/menu5/showoutline.asp?SYEAR=114&SEM=2&CrsDat=BM209A&Crsname=人力資源管理,,,False,企管系,BM209A,2,乙班,"人力資源管理
HUMAN RESOURCES MANAGEMENT",3,期,True,50,4,37,13,林杏娥,"三5,6,7(管CM 1037)","['', '', '567', '', '', '', '']","《講授類》
限企管系(含雙主修、輔系)",['人力資源管理學程'],False
https://selcrs.nsysu.edu.tw/menu5/showoutline.asp?SYEAR=114&SEM=2&CrsDat=BM221&Crsname=統計學實習（二）,,,False,企管系,BM221,2,甲班,"統計學實習（二）
EXERCISE FOR STATISTICS (II)",1,期,False,50,15,0,50,林晉禾,"四8,9(管CM 0052)(實驗)","['', '', '', '89', '', '', '']","《實習類》
限企管系(含雙主修、輔系)",[],False
https://selcrs.nsysu.edu.tw/menu5/showoutline.asp?SYEAR=114&SEM=2&CrsDat=BM221A&Crsname=統計學實習（二）,,,False,企管系,BM221A,2,乙班,"統計學實習（二）
EXERCISE FOR STATISTICS (II)",1,期,False,50,11,0,50,林晉禾,"四8,9(管CM 0052)(實驗)","['', '', '', '89', '', '', '']","《實習類》
限企管系(含雙主修、輔系)",[],False
https://selcrs.nsysu.edu.tw/menu5/showoutline.asp?SYEAR=114&SEM=2&CrsDat=BM301&Crsname=財務管理,,,False,企管系,BM301,3,甲班,"財務管理
FINANCIAL MANAGEMENT",3,期,True,50,3,24,26,陳安琳,"三2,3,4(管CM 4112)","['', '', '234', '', '', '', '']","《講授類》
限企管系(含雙主修、輔系)","['財務管理專業學程', '金融工程學程', '會計學程', '科技創新與服務業管理學程']",False
https://selcrs.nsysu.edu.tw/menu5/showoutline.asp?SYEAR=114&SEM=2&CrsDat=BM301A&Crsname=財務管理,,,False,企管系,BM301A,3,乙班,"財務管理
FINANCIAL MANAGEMENT",3,期,True,50,6,26,24,陳安琳,"三5,6,7(管CM 4112)","['', '', '567', '', '', '', '']","《講授類》
限企管系(含雙主修、輔系)；併班上課※併班","['財務管理專業學程', '金融工程學程', '會計學程', '科技創新與服務業管理學程']",False
https://selcrs.nsysu.edu.tw/menu5/showoutline.asp?SYEAR=114&SEM=2&CrsDat=BM327&Crsname=商用英文（二）,,,False,企管系,BM327,3,不分班,"商用英文（二）
ENGLISH FOR BUSINESS (II)",3,期,False,50,9,0,50,陳信智,"五2,3,4(管CM 3017)","['', '', '', '', '234', '', '']",《講授類》,[],False
https://selcrs.nsysu.edu.tw/menu5/showoutline.asp?SYEAR=114&SEM=2&CrsDat=BM328&Crsname=商事法,,,False,企管系,BM328,3,甲班,"商事法
BUSINESS LAW",3,期,True,55,2,26,29,李清潭,"一5,6,7(管CM 3015)","['567', '', '', '', '', '', '']","《講授類》
限企管系(含雙主修、輔系)",[],False
https://selcrs.nsysu.edu.tw/menu5/showoutline.asp?SYEAR=114&SEM=2&CrsDat=BM328A&Crsname=商事法,,,False,企管系,BM328A,3,乙班,"商事法
BUSINESS LAW",3,期,True,55,10,30,25,盧憶,"四5,6,7(管CM 2037)","['', '', '', '567', '', '', '']","《講授類》
限企管系(含雙主修、輔系)",[],False
https://selcrs.nsysu.edu.tw/menu5/showoutline.asp?SYEAR=114&SEM=2&CrsDat=BM334&Crsname=會計資訊系統,,,False,企管系,BM334,4,不分班,"會計資訊系統
ACCOUNTING INFORMATION SYSTEMS",3,期,False,50,6,0,50,葉貞吟,"三5,6,7(管CM 2023)","['', '', '567', '', '', '', '']",《講授類》,['會計學程'],False
https://selcrs.nsysu.edu.tw/menu5/showoutline.asp?SYEAR=114&SEM=2&CrsDat=BM364&Crsname=國際企業實務,,,False,企管系,BM364,3,不分班,"國際企業實務
INTERNATIONAL BUSINESS PRACTICES",3,期,False,50,22,0,50,蔡宗霖,"三5,6,7(管CM 3015)","['', '', '567', '', '', '', '']",《講授類》,[],False
https://selcrs.nsysu.edu.tw/menu5/showoutline.asp?SYEAR=114&SEM=2&CrsDat=BM408&Crsname=行銷個案,,,False,企管系,BM408,4,不分班,"行銷個案
CASE STUDIES IN MARKETING",3,期,False,50,7,0,50,林政佑,"四8,6,7(管CM 1032)","['', '', '', '678', '', '', '']",《講授類》,['行銷管理學程'],False
https://selcrs.nsysu.edu.tw/menu5/showoutline.asp?SYEAR=114&SEM=2&CrsDat=BM409&Crsname=科技管理導論,異動,更換教室1/20,False,企管系,BM409,4,不分班,"科技管理導論
INTRODUCTION TO TECHNOLOGY MANAGEMENT",3,期,False,50,4,0,50,"劉常勇,謝如梅","四8,6,7(管CM 3019)","['', '', '', '678', '', '', '']",《講授類》,"['智慧高齡生活微學程', '科技創新與服務業管理學程']",False
https://selcrs.nsysu.edu.tw/menu5/showoutline.asp?SYEAR=114&SEM=2&CrsDat=MIS102&Crsname=程式設計,,,False,資管系,MIS102,1,不分班,"程式設計
COMPUTER PROGRAMMING",3,期,True,50,0,44,6,康藝晃,"三2,3,4(管CM 3051)","['', '', '234', '', '', '', '']","《講授類》
限資管系修習, 需搭配實習","['巨量資料分析學程', '人工智慧探索應用學分學程', '金融工程學程', '軟體工程學程', '自然科學之程式應用學程']",True
https://selcrs.nsysu.edu.tw/menu5/showoutline.asp?SYEAR=114&SEM=2&CrsDat=MIS132&Crsname=程式設計實習,,,False,資管系,MIS132,1,不分班,"程式設計實習
COMPUTER PROGRAMMING PRATICE",1,期,False,50,16,0,50,康藝晃,"四6,7(管CM 3051)(實驗)","['', '', '', '67', '', '', '']","《實習類》
需搭配正課修習",[],False
https://selcrs.nsysu.edu.tw/menu5/showoutline.asp?SYEAR=114&SEM=2&CrsDat=MIS135&Crsname=管理數學,,,False,資管系,MIS135,1,不分班,"管理數學
MANAGERIAL MATHEMATICS",3,期,True,50,5,44,6,楊淯程,"四2,3,4(管CM 3015)","['', '', '', '234', '', '', '']",《講授類》,[],True
https://selcrs.nsysu.edu.tw/menu5/showoutline.asp?SYEAR=114&SEM=2&CrsDat=MIS204&Crsname=管理學,,,False,資管系,MIS204,1,不分班,"管理學
MANAGEMENT",3,期,True,50,4,44,6,段逸君,"五8,6,7(管CM 1032)","['', '', '', '', '678', '', '']",《講授類》,['音樂藝術管理與行銷學程'],False
https://selcrs.nsysu.edu.tw/menu5/showoutline.asp?SYEAR=114&SEM=2&CrsDat=MIS205&Crsname=資料庫管理,異動,更換授課方式1/21,False,資管系,MIS205,2,不分班,"資料庫管理
DATABASE MANAGEMENT",3,期,True,50,8,44,6,羅珮綺,"三5,6,7(管CM 4069)","['', '', '567', '', '', '', '']",《講授類》,"['巨量資料分析學程', '金融科技學程', '軟體工程學程']",True
https://selcrs.nsysu.edu.tw/menu5/showoutline.asp?SYEAR=114&SEM=2&CrsDat=MIS206&Crsname=商事法,,,True,資管系,MIS206,2,不分班,"商事法
BUSINESS LAW",2,期,True,50,15,0,50,薛西全,"四C,D(管CM 4078)","['', '', '', 'CD', '', '', '']",《講授類》,[],False
https://selcrs.nsysu.edu.tw/menu5/showoutline.asp?SYEAR=114&SEM=2&CrsDat=MIS207&Crsname=統計資料分析,,,False,資管系,MIS207,2,不分班,"統計資料分析
STATISTICAL DATA ANALYSIS",3,期,True,50,0,44,6,張德民,"一5,6,7(管CM 3051)","['567', '', '', '', '', '', '']","《講授類》
需搭配實習修習,限資管系二年級",['金融工程學程'],True
https://selcrs.nsysu.edu.tw/menu5/showoutline.asp?SYEAR=114&SEM=2&CrsDat=MIS213&Crsname=人工智慧應用與管理,,,True,資管系,MIS213,2,不分班,"人工智慧應用與管理
ARTIFICIAL INTELLIGENCE APPLICATION AND MANAGEMENT",3,期,False,50,4,0,50,林東清,"四8,6,7(管CM 4069)","['', '', '', '678', '', '', '']",《講授類》,[],False
https://selcrs.nsysu.edu.tw/menu5/showoutline.asp?SYEAR=114&SEM=2&CrsDat=MIS241&Crsname=統計學實習,,,False,資管系,MIS241,2,不分班,"統計學實習
STATISTICS PRACTICE",1,期,False,50,17,0,50,張德民,"三3,4(管CM 1019)(實驗)","['', '', '34', '', '', '', '']","《講授類》
需搭配正課修習",[],False
https://selcrs.nsysu.edu.tw/menu5/showoutline.asp?SYEAR=114&SEM=2&CrsDat=MIS304&Crsname=管理資訊系統,,,False,資管系,MIS304,2,不分班,"管理資訊系統
MANAGEMENT INFORMATION SYSTEMS",3,期,True,50,2,44,6,李怡珍,"四2,3,4(管CM 4078)","['', '', '', '234', '', '', '']",《講授類》,['科技創新與服務業管理學程'],True
https://selcrs.nsysu.edu.tw/menu5/showoutline.asp?SYEAR=114&SEM=2&CrsDat=MIS321&Crsname=管理資訊系統專案（一）,,,True,資管系,MIS321,3,不分班,"管理資訊系統專案（一）
MANAGEMENT INFORMATION SYSTEMS PROJECT I",3,期,True,50,3,0,50,李怡珍,一A() 二A() 三A(),"['A', 'A', 'A', '', '', '', '']","《講授類》
限資管系三年級",[],True
https://selcrs.nsysu.edu.tw/menu5/showoutline.asp?SYEAR=114&SEM=2&CrsDat=MIS322&Crsname=多媒體系統專案（一）,,,True,資管系,MIS322,3,不分班,"多媒體系統專案（一）
MULTI-MEDIA SYSTEM PROJECT (I)",3,期,True,50,1,0,50,韓毅,一A() 二A() 三A(),"['A', 'A', 'A', '', '', '', '']","《講授類》
限資管系三年級",[],True
https://selcrs.nsysu.edu.tw/menu5/showoutline.asp?SYEAR=114&SEM=2&CrsDat=MIS323&Crsname=資料庫系統專案（一）,,,True,資管系,MIS323,3,不分班,"資料庫系統專案（一）
DATABASE SYSTEMS PROJECT (I)",3,期,True,50,1,0,50,羅珮綺,一A() 二A() 三A(),"['A', 'A', 'A', '', '', '', '']","《講授類》
限資管系三年級",[],True
https://selcrs.nsysu.edu.tw/menu5/showoutline.asp?SYEAR=114&SEM=2&CrsDat=MIS324&Crsname=企業流程專案（一）,,,True,資管系,MIS324,3,不分班,"企業流程專案（一）
BUSINESS PROCESS PROJECT I",3,期,True,50,3,0,50,康藝晃,一A() 二A() 三A(),"['A', 'A', 'A', '', '', '', '']","《講授類》
限資管系三年級",[],True
https://selcrs.nsysu.edu.tw/menu5/showoutline.asp?SYEAR=114&SEM=2&CrsDat=MIS325&Crsname=電子商務專案（一）,,,True,資管系,MIS325,3,不分班,"電子商務專案（一）
ELECTRONIC COMMERCE PROJECT (I)",3,期,True,50,2,0,50,"徐士傑,邱兆民",一A() 二A() 三A(),"['A', 'A', 'A', '', '', '', '']","《講授類》
限資管系三年級",[],True
https://selcrs.nsysu.edu.tw/menu5/showoutline.asp?SYEAR=114&SEM=2&CrsDat=MIS327&Crsname=智慧型系統專案（一）,,,True,資管系,MIS327,3,不分班,"智慧型系統專案（一）
INTELLIGENT SYSTEM PROJECT (I)",3,期,True,50,1,0,50,林耕霈,一A() 二A() 三A(),"['A', 'A', 'A', '', '', '', '']","《講授類》
限資管系三年級",[],True
https://selcrs.nsysu.edu.tw/menu5/showoutline.asp?SYEAR=114&SEM=2&CrsDat=MIS328&Crsname=產銷資訊系統專案（一）,,,True,資管系,MIS328,3,不分班,"產銷資訊系統專案（一）
PRODUCTION-MARKETING INFORMATION SYSTEMS PROJECT (I)",3,期,True,50,0,0,50,劉賓陽,一A() 二A() 三A(),"['A', 'A', 'A', '', '', '', '']","《講授類》
限資管系三年級",[],True
https://selcrs.nsysu.edu.tw/menu5/showoutline.asp?SYEAR=114&SEM=2&CrsDat=MIS329&Crsname=決策支援系統專案（一）,,,True,資管系,MIS329,3,不分班,"決策支援系統專案（一）
DECISION SUPPORT SYSTEMS PROJECT (I)",3,期,True,50,3,0,50,李捷,一A() 二A() 三A(),"['A', 'A', 'A', '', '', '', '']","《講授類》
限資管系三年級",['智慧商業數據分析與創新微學程'],True
https://selcrs.nsysu.edu.tw/menu5/showoutline.asp?SYEAR=114&SEM=2&CrsDat=MIS445&Crsname=電子商務,,,False,資管系,MIS445,3,不分班,"電子商務
ELECTRONIC COMMERCE",3,期,True,50,6,46,4,李家瑩,"四2,3,4(管CM 4069)","['', '', '', '234', '', '', '']",《講授類》,"['當代策展與藝術行政學程', '金融科技學程', '金融科技與創新微學程', '行銷管理學程']",True
https://selcrs.nsysu.edu.tw/menu5/showoutline.asp?SYEAR=114&SEM=2&CrsDat=FM107&Crsname=初級會計學（二）,,,False,財管系,FM107,1,不分班,"初級會計學（二）
ACCOUNTING(II)",3,期,True,70,2,49,21,吳藺芝,"一2,3,4(管CM 1037)","['234', '', '', '', '', '', '']","《講授類》
限財管系(含雙主修、輔系)",['金融工程學程'],True
https://selcrs.nsysu.edu.tw/menu5/showoutline.asp?SYEAR=114&SEM=2&CrsDat=FM109&Crsname=經濟學（二）,,,False,財管系,FM109,1,不分班,"經濟學（二）
ECONOMICS(II)",3,期,True,60,1,49,11,佘博文,"五2,3,4(管CM 2037)","['', '', '', '', '234', '', '']","《講授類》
限財管系(含雙主修、輔系)",['金融工程學程'],True
https://selcrs.nsysu.edu.tw/menu5/showoutline.asp?SYEAR=114&SEM=2&CrsDat=FM110&Crsname=微積分（二）,,,False,財管系,FM110,1,不分班,"微積分（二）
CALCULUS(II)",3,期,True,60,1,48,12,卓建宏,"四2,3,4(管CM 1037)","['', '', '', '234', '', '', '']","《講授類》
限財管系(含雙主修、輔系)",['人工智慧與數學學程'],False
https://selcrs.nsysu.edu.tw/menu5/showoutline.asp?SYEAR=114&SEM=2&CrsDat=FM111&Crsname=管理學,,,False,財管系,FM111,1,不分班,"管理學
MANAGEMENT",3,期,True,54,1,50,4,張世賢,"三5,6,7(管CM 1032)","['', '', '567', '', '', '', '']","《講授類》
限財管系(含雙主修、輔系)",[],False
https://selcrs.nsysu.edu.tw/menu5/showoutline.asp?SYEAR=114&SEM=2&CrsDat=FM206&Crsname=統計學（二）,,,False,財管系,FM206,2,不分班,"統計學（二）
STATISTICS(II)",3,期,True,60,2,48,12,蔡秉真,"二5,6,7(管CM 3051)","['', '567', '', '', '', '', '']","《講授類》
限財管系(含雙主修、輔系)",['金融工程學程'],True
https://selcrs.nsysu.edu.tw/menu5/showoutline.asp?SYEAR=114&SEM=2&CrsDat=FM207&Crsname=財務管理（二）,,,False,財管系,FM207,2,不分班,"財務管理（二）
FINANCIAL MANAGEMENT (II)",3,期,True,55,1,48,7,封之遠,"三5,6,7(管CM 3019)","['', '', '567', '', '', '', '']","《講授類》
限修畢財務管理(一)，限財管系(含雙主修、輔系)","['財務管理專業學程', '金融工程學程']",False
https://selcrs.nsysu.edu.tw/menu5/showoutline.asp?SYEAR=114&SEM=2&CrsDat=FM208&Crsname=中級會計學（二）,,,False,財管系,FM208,2,不分班,"中級會計學（二）
INTERMEDIATE ACCOUNTING (II)",3,期,True,65,4,48,17,羅勝議,"一5,6,7(管CM 2037)","['567', '', '', '', '', '', '']","《講授類》
限財管系(含雙主修、輔系)","['金融工程學程', '會計學程']",False
https://selcrs.nsysu.edu.tw/menu5/showoutline.asp?SYEAR=114&SEM=2&CrsDat=FM209&Crsname=商事法,,,False,財管系,FM209,2,不分班,"商事法
BUSINESS LAW",3,期,True,50,1,48,2,周宜鋒,"五2,3,4(管CM 1025)","['', '', '', '', '234', '', '']","《講授類》
限財管系(含雙主修、輔系)",[],False
https://selcrs.nsysu.edu.tw/menu5/showoutline.asp?SYEAR=114&SEM=2&CrsDat=FM301&Crsname=財務報表分析,,,False,財管系,FM301,3,不分班,"財務報表分析
FINANCIAL STATEMENT ANALYSIS",3,期,True,60,3,54,6,蔡佳芬,"一2,3,4(管CM 2037)","['234', '', '', '', '', '', '']","《講授類》
限財管系(含雙主修、輔系)","['財務管理專業學程', '會計學程']",False
https://selcrs.nsysu.edu.tw/menu5/showoutline.asp?SYEAR=114&SEM=2&CrsDat=FM310&Crsname=期貨與選擇權概論,,,False,財管系,FM310,3,不分班,"期貨與選擇權概論
INTRODUCTION TO OPTIONS AND FUTURES",3,期,True,60,2,55,5,蕭珮婕,"二5,6,7(管CM 2037)","['', '567', '', '', '', '', '']","《講授類》
限財管系(含雙主修、輔系)","['金融科技學程', '財務管理專業學程', '金融工程學程']",False
https://selcrs.nsysu.edu.tw/menu5/showoutline.asp?SYEAR=114&SEM=2&CrsDat=FM312&Crsname=管理會計,,,False,財管系,FM312,3,不分班,"管理會計
MANAGERIAL ACCOUNTING",3,期,False,30,11,0,30,陳俐聿,"五5,6,7(管CM 3022)","['', '', '', '', '567', '', '']",《講授類》,['會計學程'],True
https://selcrs.nsysu.edu.tw/menu5/showoutline.asp?SYEAR=114&SEM=2&CrsDat=FM314&Crsname=財務工程概論,,,False,財管系,FM314,3,不分班,"財務工程概論
FINANCIAL ENGINEERING",3,期,False,50,14,0,50,蔡秉真,"五5,6,7(管CM 4078)","['', '', '', '', '567', '', '']",《講授類》,"['金融科技學程', '財務管理專業學程', '金融工程學程']",False
https://selcrs.nsysu.edu.tw/menu5/showoutline.asp?SYEAR=114&SEM=2&CrsDat=FM324&Crsname=風險管理與保險,異動,更換時間及教室1/21,False,財管系,FM324,3,不分班,"風險管理與保險
RISK MANAGEMENT AND INSURANCE",3,期,True,60,2,54,6,唐俊華,"三5,6,7(管CM 3051)","['', '', '567', '', '', '', '']","《講授類》
限財管系(含雙主修、輔系)","['財務管理專業學程', '金融工程學程']",False
https://selcrs.nsysu.edu.tw/menu5/showoutline.asp?SYEAR=114&SEM=2&CrsDat=FM326&Crsname=行為財務學,,,False,財管系,FM326,3,不分班,"行為財務學
BEHAVIORAL FINANCE",3,期,False,50,14,0,50,翁培師,"二2,3,4(管CM 2015)","['', '234', '', '', '', '', '']",《講授類》,"['財務管理專業學程', '人工智能投資微學程']",False
https://selcrs.nsysu.edu.tw/menu5/showoutline.asp?SYEAR=114&SEM=2&CrsDat=FM327&Crsname=計量經濟學,異動,更換時間及教室1/21,False,財管系,FM327,3,不分班,"計量經濟學
ECONOMETRICS",3,期,False,50,7,0,50,唐俊華,"一5,6,7(管CM 2025)","['567', '', '', '', '', '', '']","《講授類》
限修畢財管系統計學(一)及統計學(二)",['金融工程學程'],False
https://selcrs.nsysu.edu.tw/menu5/showoutline.asp?SYEAR=114&SEM=2&CrsDat=FM455&Crsname=投資銀行管理,,,False,財管系,FM455,4,不分班,"投資銀行管理
INVESTMENT BANKING MANAGEMENT",3,期,False,50,7,0,50,廖源星,"五2,3,4(管CM 3015)","['', '', '', '', '234', '', '']",《講授類》,['財務管理專業學程'],True
https://selcrs.nsysu.edu.tw/menu5/showoutline.asp?SYEAR=114&SEM=2&CrsDat=CM411&Crsname=倫理與社會責任的理論與實務,,,False,管理學院,CM411,0,不分班,"倫理與社會責任的理論與實務
THEORY AND PRACTICE OF ETHICS AND SOCIAL",1,期,False,200,14,0,200,"王致遠,謝慧賢,鄭安授,陳世哲",一9(網路大學),"['9', '', '', '', '', '', '']","《講授類》
限管理學院大學部學生修習(含雙主修、輔系)。 CM411與CM412為同系列課程，學生只能夠就此課程當中選擇一門課進行修習，已經修習過上述任何一個課程者均不得選課。 網大進行之非同步線上課程。","['公共事務與企業社會責任微學程', '人力資源管理學程', '企業社會責任學程']",False
https://selcrs.nsysu.edu.tw/menu5/showoutline.asp?SYEAR=114&SEM=2&CrsDat=CM412&Crsname=國際商管倫理觀的理論與實務,,,False,管理學院,CM412,0,不分班,"國際商管倫理觀的理論與實務
THE THEORY AND PRACTICE OF ETHICS IN INTERNATIONAL BUSINESS MANAGEMENT",1,期,False,60,7,0,60,"王致遠,王豫萱,鄭安授",三A(網路大學),"['', '', 'A', '', '', '', '']","《講授類》
限管理學院大學部學生修習(含雙主修、輔系)。 CM411與CM412為同系列課程，學生只能夠就此課程當中選擇一門課進行修習，已經修習過上述任何一個課程者均不得選課。 網大進行之非同步線上課程。",[],True
https://selcrs.nsysu.edu.tw/menu5/showoutline.asp?SYEAR=114&SEM=2&CrsDat=CM413&Crsname=人力資源管理概論,,,False,管理學院,CM413,0,不分班,"人力資源管理概論
INTRODUCTION TO HUMAN RESOURCE MANAGEMENT",1,期,False,25,12,0,25,王豫萱,四A(網路大學),"['', '', '', 'A', '', '', '']","《講授類》
限管院生與電機系選修/網大進行之非同步線上課程",[],True
https://selcrs.nsysu.edu.tw/menu5/showoutline.asp?SYEAR=114&SEM=2&CrsDat=IBBA105&Crsname=經濟學（二）,,,False,國際學士學程,IBBA105,1,全英班,"經濟學（二）
ECONOMICS(II)",3,期,True,50,0,38,12,安大衛,"三5,6,7(管CM 4036)","['', '', '567', '', '', '', '']","《講授類》
限IBBA(含雙主修、輔系)學生修習，欲加選學生請於加退選2階段辦理選課。",['金融工程學程'],True
https://selcrs.nsysu.edu.tw/menu5/showoutline.asp?SYEAR=114&SEM=2&CrsDat=IBBA106&Crsname=會計學（二）,,,False,國際學士學程,IBBA106,1,全英班,"會計學（二）
ACCOUNTING(II)",3,期,True,50,3,39,11,馬威爾,"一8,6,7(管CM 4036)","['678', '', '', '', '', '', '']","《講授類》
限IBBA(含雙主修、輔系)學生修習，欲加選學生請於加退選2階段辦理選課。",['金融工程學程'],True
https://selcrs.nsysu.edu.tw/menu5/showoutline.asp?SYEAR=114&SEM=2&CrsDat=IBBA107&Crsname=人力資源管理,,,True,國際學士學程,IBBA107,1,全英班,"人力資源管理
HUMAN RESOURCE MANAGEMENT",3,期,True,50,4,0,50,林帆,"五5,6,7(管CM 4036)","['', '', '', '', '567', '', '']","《講授類》
限IBBA(含雙主修、輔系)學生修習，欲加選學生請於加退選2階段辦理選課。",[],True
https://selcrs.nsysu.edu.tw/menu5/showoutline.asp?SYEAR=114&SEM=2&CrsDat=IBBA151&Crsname=亞太經營環境與管理,,,False,國際學士學程,IBBA151,1,全英班,"亞太經營環境與管理
ASIA PACIFIC BUSINESS ENVIRONMENT AND MANAGEMENT",3,期,False,50,8,0,50,雷英瑞,"三2,3,4(管CM 4036)","['', '', '234', '', '', '', '']",《講授類》,[],True
https://selcrs.nsysu.edu.tw/menu5/showoutline.asp?SYEAR=114&SEM=2&CrsDat=IBBA154&Crsname=國際行銷,,,False,國際學士學程,IBBA154,1,全英班,"國際行銷
INTERNATIONAL MARKETING",3,期,False,50,10,0,50,林帆,"五2,3,4(管CM 4036)","['', '', '', '', '234', '', '']",《講授類》,['行銷管理學程'],True
https://selcrs.nsysu.edu.tw/menu5/showoutline.asp?SYEAR=114&SEM=2&CrsDat=IBBA205&Crsname=商事法,,,False,國際學士學程,IBBA205,2,全英班,"商事法
BUSINESS LAW",2,期,True,50,2,32,18,盧憶,"四3,4(管CM 4036)","['', '', '', '34', '', '', '']","《講授類》
限IBBA(含雙主修、輔系)學生修習，欲加選學生請於加退選2階段辦理選課。",[],True
https://selcrs.nsysu.edu.tw/menu5/showoutline.asp?SYEAR=114&SEM=2&CrsDat=IBBA207&Crsname=財務管理,,,True,國際學士學程,IBBA207,2,全英班,"財務管理
FINANCIAL MANAGEMENT",3,期,True,50,9,0,50,馬威爾,"二5,6,7(管CM 4036)","['', '567', '', '', '', '', '']",《講授類》,['金融工程學程'],True
https://selcrs.nsysu.edu.tw/menu5/showoutline.asp?SYEAR=114&SEM=2&CrsDat=IBBA208&Crsname=管理資訊系統,,,True,國際學士學程,IBBA208,2,全英班,"管理資訊系統
MANAGEMENT INFORMATION SYSTEMS",3,期,True,50,5,0,50,陳文鑫,"四8,6,7(管CM 4036)","['', '', '', '678', '', '', '']",《講授類》,[],True
https://selcrs.nsysu.edu.tw/menu5/showoutline.asp?SYEAR=114&SEM=2&CrsDat=IBBA209&Crsname=生產與作業管理,,,True,國際學士學程,IBBA209,2,全英班,"生產與作業管理
PRODUCTION AND OPERATIONS MANAGEMENT",3,期,True,50,7,0,50,劉易,"一2,3,4(管CM 4036)","['234', '', '', '', '', '', '']","《講授類》
限IBBA(含雙主修、輔系)學生修習，欲加選學生請於加退選2階段辦理選課。",[],True
https://selcrs.nsysu.edu.tw/menu5/showoutline.asp?SYEAR=114&SEM=2&CrsDat=IBBA251&Crsname=商用統計,,,False,國際學士學程,IBBA251,2,全英班,"商用統計
BUSINESS STATISTICS",3,期,False,50,2,0,50,安大衛,"二2,3,4(管CM 1023)","['', '234', '', '', '', '', '']",《講授類》,[],True
https://selcrs.nsysu.edu.tw/menu5/showoutline.asp?SYEAR=114&SEM=2&CrsDat=IBBA351&Crsname=投資組合,異動,更換教室1/27,False,國際學士學程,IBBA351,3,全英班,"投資組合
PORTFOLIO MANAGEMENT",3,期,False,50,2,0,50,馬威爾,"二2,3,4(管CM 3015)","['', '234', '', '', '', '', '']",《講授類》,[],True
https://selcrs.nsysu.edu.tw/menu5/showoutline.asp?SYEAR=114&SEM=2&CrsDat=MBR104&Crsname=普通生物學（二）,異動,更換主授教師1/27,False,海資系,MBR104,1,全英班,"普通生物學（二）
GENERAL BIOLOGY(II)",3,期,True,50,2,40,10,"張桂祥,林梅芳,林秀瑾","一2,3,4(海MB 2020)","['234', '', '', '', '', '', '']",《講授類》,[],True
https://selcrs.nsysu.edu.tw/menu5/showoutline.asp?SYEAR=114&SEM=2&CrsDat=MBR106&Crsname=普通生物學實驗（二）,,,False,海資系,MBR106,1,全英班,"普通生物學實驗（二）
GENERAL BIOLOGY LABORATORY(II)",1,期,True,50,4,39,11,水晶,"三5,6,7(海MB 2003)(實驗)","['', '', '567', '', '', '', '']",《實驗類》,[],True
https://selcrs.nsysu.edu.tw/menu5/showoutline.asp?SYEAR=114&SEM=2&CrsDat=MBR113&Crsname=生物技術概論,,,False,海資系,MBR113,2,全英班,"生物技術概論
INTRODUCTION TO BIOTECHNOLOGY",2,期,False,50,0,0,50,"廖睿妘,張鈞涵,李景欽,李澤民,王亮鈞","三6,7(海MB 2020)","['', '', '67', '', '', '', '']",《講授類》,['生物技術學程'],False
https://selcrs.nsysu.edu.tw/menu5/showoutline.asp?SYEAR=114&SEM=2&CrsDat=MBR201&Crsname=有機化學（一）,,,False,海資系,MBR201,1,全英班,"有機化學（一）
ORGANIC CHEMISTRY(I)",2,期,True,50,5,40,10,張均然,"四5,6(海MB 2020)","['', '', '', '56', '', '', '']","《講授類》
與生科系BIOS200A 併班上課。",[],True
https://selcrs.nsysu.edu.tw/menu5/showoutline.asp?SYEAR=114&SEM=2&CrsDat=MBR203&Crsname=有機化學實驗（一）,,,False,海資系,MBR203,1,全英班,"有機化學實驗（一）
ORGANIC CHEMISTRY LABORATORY(I)",1,期,True,50,1,40,10,張均然,"三2,3,4(理SC 4020)(實驗)","['', '', '234', '', '', '', '']",《實驗類》,[],True
https://selcrs.nsysu.edu.tw/menu5/showoutline.asp?SYEAR=114&SEM=2&CrsDat=MBR206&Crsname=海洋化學,,,False,海資系,MBR206,2,全英班,"海洋化學
MARINE CHEMISTRY",2,期,False,50,3,0,50,王維賢,"一6,7(海MB 2016)","['67', '', '', '', '', '', '']",《講授類》,[],False
https://selcrs.nsysu.edu.tw/menu5/showoutline.asp?SYEAR=114&SEM=2&CrsDat=MBR212&Crsname=海洋微生物學,,,False,海資系,MBR212,3,全英班,"海洋微生物學
MARINE MICROBIOLOGY",2,期,False,50,7,0,50,"王亮鈞,邱素芬","一3,4(海MB 2015)","['34', '', '', '', '', '', '']",《講授類》,"['環境教育學程', '海洋微生物及應用推廣微學程', '生物技術學程', '環境科技與管理學程', '海洋循環經濟學程']",False
https://selcrs.nsysu.edu.tw/menu5/showoutline.asp?SYEAR=114&SEM=2&CrsDat=MBR221&Crsname=礦物學,,,False,海資系,MBR221,2,全英班,"礦物學
MINERALOGY",2,期,False,50,5,0,50,蕭炎宏,"一3,4(海MB 2009)","['34', '', '', '', '', '', '']",《講授類》,"['看見臺灣海岸微學程', '氣候變遷與調適學分學程']",False
https://selcrs.nsysu.edu.tw/menu5/showoutline.asp?SYEAR=114&SEM=2&CrsDat=MBR225&Crsname=海洋中藥概論,,,False,海資系,MBR225,2,全英班,"海洋中藥概論
INTRODUCTION TO MARINE CHINESE MEDICINE",2,期,False,50,4,0,50,廖志中,"五5,6(海MB 2015)","['', '', '', '', '56', '', '']",《講授類》,"['海洋天然物微學程', '環境教育學程', '生物技術學程', '校園預防醫學暨食品安全學程', '海洋生產模式整合學程']",False
https://selcrs.nsysu.edu.tw/menu5/showoutline.asp?SYEAR=114&SEM=2&CrsDat=MBR228&Crsname=海洋污染概論,,,False,海資系,MBR228,4,全英班,"海洋污染概論
INTRODUCTION TO MARINE POLLUTION",2,期,False,50,7,0,50,楊宗勳,"三6,7(海MB 2015)","['', '', '67', '', '', '', '']",《講授類》,"['看見臺灣海岸微學程', '智慧港埠微學程', '海洋生物資源開發學程', '擁海學程']",False
https://selcrs.nsysu.edu.tw/menu5/showoutline.asp?SYEAR=114&SEM=2&CrsDat=MBR232&Crsname=病毒學,,,False,海資系,MBR232,2,全英班,"病毒學
VIROLOGY",2,期,False,50,3,0,50,李景欽,"五3,4(海MB 2015)","['', '', '', '', '34', '', '']",《講授類》,[],False
https://selcrs.nsysu.edu.tw/menu5/showoutline.asp?SYEAR=114&SEM=2&CrsDat=MBR235&Crsname=海洋生物探究與導覽實作,,,False,海資系,MBR235,2,全英班,"海洋生物探究與導覽實作
MARINE ORGANISM (MUSEUM) – INQUIRY AND TOUR WORKSHOP",2,期,False,10,2,0,10,水晶,,"['12345678', '123456789', '1234567', '1234B', '', '', '56789']","《講授類》
限修畢海洋科學學院核心必修課程「海洋基礎科學」或「海洋應用科學」之學生選修。課程於學期末住宿於海生館並密集授課。",[],True
https://selcrs.nsysu.edu.tw/menu5/showoutline.asp?SYEAR=114&SEM=2&CrsDat=MBR236&Crsname=古生物學,,,False,海資系,MBR236,2,全英班,"古生物學
PALEONTOLOGY",2,期,False,50,5,0,50,李世緯,"四6,7(海MB 1009)","['', '', '', '67', '', '', '']",《講授類》,[],False
https://selcrs.nsysu.edu.tw/menu5/showoutline.asp?SYEAR=114&SEM=2&CrsDat=MBR239&Crsname=科學英語寫作及簡報,,,False,海資系,MBR239,2,全英班,"科學英語寫作及簡報
SCIENTIFIC COMMUNICATION IN ENGLISH: WRITING AND PRESENTATIONS",2,期,False,50,4,0,50,水晶,"二6,7(海MB 2020)","['', '67', '', '', '', '', '']",《講授類》,[],True
https://selcrs.nsysu.edu.tw/menu5/showoutline.asp?SYEAR=114&SEM=2&CrsDat=MBR303&Crsname=水產養殖及傳染病概論,,,False,海資系,MBR303,3,全英班,"水產養殖及傳染病概論
INTRODUCTION TO AQUACULTURE AND INFECTIOUS DISEASES",3,期,False,50,7,0,50,王亮鈞,"五5,6,7(海MB 2002)","['', '', '', '', '567', '', '']",《講授類》,['海洋微生物及應用推廣微學程'],False
https://selcrs.nsysu.edu.tw/menu5/showoutline.asp?SYEAR=114&SEM=2&CrsDat=MBR307&Crsname=生物化學（二）,,,False,海資系,MBR307,2,全英班,"生物化學（二）
BIOCHEMISTRY(II)",3,期,True,50,1,27,23,"廖志中,廖睿妘,李益銘",,"['', '', '234X', '', '', '', '']","《講授類》
混成課程。",['天然藥物合成學程'],True
https://selcrs.nsysu.edu.tw/menu5/showoutline.asp?SYEAR=114&SEM=2&CrsDat=MBR316&Crsname=海洋生態學,異動,更換主授教師1/27,False,海資系,MBR316,3,全英班,"海洋生態學
MARINE ECOLOGY",2,期,False,50,2,0,50,"劉商隱,林秀瑾","三3,4(海MB 2015)","['', '', '34', '', '', '', '']",《講授類》,"['海洋生物資源與實務應用微學程', '環境科技與管理學程', '生物多樣性學程']",False
https://selcrs.nsysu.edu.tw/menu5/showoutline.asp?SYEAR=114&SEM=2&CrsDat=MBR319&Crsname=海洋無脊椎動物學（二）,,,False,海資系,MBR319,2,全英班,"海洋無脊椎動物學（二）
MARINE INVERTEBRATE ZOOLOGY(II)",2,期,False,50,5,0,50,劉商隱,"五8,7(海MB 2020)","['', '', '', '', '78', '', '']",《講授類》,"['環境教育學程', '海洋生物資源與實務應用微學程', '擁海學程', '生物多樣性學程', '海洋生產模式整合學程', '海洋循環經濟學程', '熱帶海洋微學程']",False
https://selcrs.nsysu.edu.tw/menu5/showoutline.asp?SYEAR=114&SEM=2&CrsDat=MBR322&Crsname=海洋醣蛋白的功能與應用,,,False,海資系,MBR322,3,全英班,"海洋醣蛋白的功能與應用
FUNCTION AND APPLICATION OF MARINE GLYCOL-PROTEIN",2,期,False,50,7,0,50,李益銘,"四3,4(海MB 1009)","['', '', '', '34', '', '', '']",《講授類》,[],True
https://selcrs.nsysu.edu.tw/menu5/showoutline.asp?SYEAR=114&SEM=2&CrsDat=MBR350&Crsname=分子生物學,,,False,海資系,MBR350,3,全英班,"分子生物學
MOLECULAR BIOLOGY",3,期,True,50,5,25,25,李澤民,"二2,3,4(海MB 2020)","['', '234', '', '', '', '', '']",《講授類》,"['海洋生物資源開發學程', '生物技術學程']",True
https://selcrs.nsysu.edu.tw/menu5/showoutline.asp?SYEAR=114&SEM=2&CrsDat=MBR355&Crsname=分子生物學實驗,,,False,海資系,MBR355,3,全英班,"分子生物學實驗
MOLECULAR BIOLOGY LABORATORY",1,期,False,50,0,0,50,"李景欽,李澤民","四5,6,7(海MB 2003)(實驗)","['', '', '', '567', '', '', '']",《實驗類》,"['生物技術微學程', '海洋天然物微學程', '海洋生物資源開發學程']",False
https://selcrs.nsysu.edu.tw/menu5/showoutline.asp?SYEAR=114&SEM=2&CrsDat=MBR362&Crsname=專題研究（二）,,,False,海資系,MBR362,3,全英班,"專題研究（二）
INDEPENDENT STUDIES IN MARINE RESOURCES（II）",1,期,False,50,4,0,50,"劉商隱,廖志中,廖睿妘,張桂祥,張鈞涵,李景欽,李澤民,李益銘,林梅芳,林秀瑾,水晶,王亮鈞,翁靖如,鄭源斌",三1(),"['', '', '1', '', '', '', '']","《獨立研究》
修課規定已公告於本系網頁(課程資訊>大學部>【課程公告】114-2大三「專題研究（二）］修課說明)，未依規定者不得修課。",[],False
https://selcrs.nsysu.edu.tw/menu5/showoutline.asp?SYEAR=114&SEM=2&CrsDat=MBR364&Crsname=天然物分離實驗,,,False,海資系,MBR364,3,全英班,"天然物分離實驗
EXPERIMENT ON NATURAL PRODUCT SEPARATION",1,期,False,50,0,0,50,鄭源斌,"四8,9(海MB 2012)(實驗)","['', '', '', '89', '', '', '']",《實驗類》,[],False
https://selcrs.nsysu.edu.tw/menu5/showoutline.asp?SYEAR=114&SEM=2&CrsDat=MBR402&Crsname=海洋資源專題研討（二）,,,False,海資系,MBR402,4,全英班,"海洋資源專題研討（二）
SEMINAR IN MARINE RESOURCES",2,期,True,50,1,25,25,"李益銘,水晶","四6,7(海MB 2015)","['', '', '', '67', '', '', '']",《研討類》,[],True
https://selcrs.nsysu.edu.tw/menu5/showoutline.asp?SYEAR=114&SEM=2&CrsDat=MBR426&Crsname=藻類養殖及生質能應用技術,,,False,海資系,MBR426,4,全英班,"藻類養殖及生質能應用技術
ALGAL CULTURE AND BIO-ENERGY APPLICATION TECHNOLOGY",2,期,False,50,7,0,50,李澤民,"四3,4(海MB 2015)","['', '', '', '34', '', '', '']",《講授類》,['海洋生物資源開發學程'],False
https://selcrs.nsysu.edu.tw/menu5/showoutline.asp?SYEAR=114&SEM=2&CrsDat=MBR435&Crsname=海洋光合作用,,,False,海資系,MBR435,1,全英班,"海洋光合作用
PHOTOSYNTHESIS IN THE SEA",2,期,False,50,5,0,50,廖睿妘,"五3,4(海MB 2020)","['', '', '', '', '34', '', '']",《講授類》,[],False
https://selcrs.nsysu.edu.tw/menu5/showoutline.asp?SYEAR=114&SEM=2&CrsDat=MBR437&Crsname=老化疾病與海洋天然物,,,False,海資系,MBR437,4,全英班,"老化疾病與海洋天然物
AGING DISEASES AND MARINE NATURAL PRODUCTS",2,期,False,50,5,0,50,張鈞涵,"一3,4(海MB 1009)","['34', '', '', '', '', '', '']",《講授類》,[],False
https://selcrs.nsysu.edu.tw/menu5/showoutline.asp?SYEAR=114&SEM=2&CrsDat=MAEV102&Crsname=微積分（二）,,,False,海工系,MAEV102,1,全英班,"微積分（二）
CALCULUS(II)",3,期,True,50,1,41,9,余冠儒,"五2,3,4(理SC 1005)","['', '', '', '', '234', '', '']",《講授類》,['人工智慧與數學學程'],True
https://selcrs.nsysu.edu.tw/menu5/showoutline.asp?SYEAR=114&SEM=2&CrsDat=MAEV107&Crsname=工程圖學,,,False,海工系,MAEV107,2,全英班,"工程圖學
ENGINEERING GRAPHICS",2,期,False,50,5,0,50,詹鵬台,"三6,7(海ME 2007)","['', '', '67', '', '', '', '']",《講授類》,['南星產業樞紐學程'],True
https://selcrs.nsysu.edu.tw/menu5/showoutline.asp?SYEAR=114&SEM=2&CrsDat=MAEV204&Crsname=工程數學（二）,,,False,海工系,MAEV204,2,全英班,"工程數學（二）
ENGINEERING MATHEMATICS(II)",3,期,True,60,3,28,32,歐雅森,"三2,3,4(海ME 2003)","['', '', '234', '', '', '', '']","《講授類》
限微積分（⼀）及微積分（⼆）50 分(D) （含）以上修習， 若未符合上述規定者，請洽授課老師後於異常處理階段加選。",[],True
https://selcrs.nsysu.edu.tw/menu5/showoutline.asp?SYEAR=114&SEM=2&CrsDat=MAEV220&Crsname=流體力學,,,False,海工系,MAEV220,2,全英班,"流體力學
FLUID MECHANICS",3,期,True,70,2,31,39,葉博弘,"一2,3,4(海ME 3006)","['234', '', '', '', '', '', '']",《講授類》,['南星產業樞紐學程'],True
https://selcrs.nsysu.edu.tw/menu5/showoutline.asp?SYEAR=114&SEM=2&CrsDat=MAEV221&Crsname=流體力學實驗,,,False,海工系,MAEV221,2,全英班,"流體力學實驗
FLUID MECHANICS LABORATORY",1,期,True,50,0,31,19,莊偉良,"一8,6,7(海ME 3006)(實驗)","['678', '', '', '', '', '', '']",《實驗類》,[],True
https://selcrs.nsysu.edu.tw/menu5/showoutline.asp?SYEAR=114&SEM=2&CrsDat=MAEV240&Crsname=工程力學,,,False,海工系,MAEV240,1,全英班,"工程力學
ENGINEERING MECHANICS",3,期,True,50,2,41,9,李政賢,"一2,3,4(海ME 2005)","['234', '', '', '', '', '', '']",《講授類》,[],True
https://selcrs.nsysu.edu.tw/menu5/showoutline.asp?SYEAR=114&SEM=2&CrsDat=MAEV246&Crsname=中等材料力學,,,False,海工系,MAEV246,2,全英班,"中等材料力學
INTERMEDIATE MATERIAL MECHANICS",3,期,False,50,0,0,50,金尚進,"五2,3,4(海ME 2003)","['', '', '', '', '234', '', '']",《講授類》,[],True
https://selcrs.nsysu.edu.tw/menu5/showoutline.asp?SYEAR=114&SEM=2&CrsDat=MAEV252&Crsname=環境工程化學,,,False,海工系,MAEV252,2,全英班,"環境工程化學
ENVIRONMENTAL ENGINEERING CHEMISTRY",3,期,True,80,0,31,49,林巧雯,"二2,3,4(海ME 2003)","['', '234', '', '', '', '', '']",《講授類》,"['環境教育學程', '環境科技與管理學程']",True
https://selcrs.nsysu.edu.tw/menu5/showoutline.asp?SYEAR=114&SEM=2&CrsDat=MAEV253&Crsname=環境工程化學實驗,,,False,海工系,MAEV253,2,全英班,"環境工程化學實驗
ENVIRONMENTAL ENGINEERING CHEMISTRY LABORATORY",1,期,True,50,0,31,19,林巧雯,"二5,6,7(海ME 2003)(實驗)","['', '567', '', '', '', '', '']",《實驗類》,['環境教育學程'],True
https://selcrs.nsysu.edu.tw/menu5/showoutline.asp?SYEAR=114&SEM=2&CrsDat=MAEV260&Crsname=計畫學導論,,,False,海工系,MAEV260,1,全英班,"計畫學導論
INTRODUCTION TO PLANNING THEORY",3,期,True,60,0,39,21,王右仁,"四8,6,7(海ME 3006)","['', '', '', '678', '', '', '']",《講授類》,"['環境教育學程', '公民參與微學程', '永續發展與社會創新微學程', '環境科技與管理學程']",True
https://selcrs.nsysu.edu.tw/menu5/showoutline.asp?SYEAR=114&SEM=2&CrsDat=MAEV263&Crsname=應用測量學,,,False,海工系,MAEV263,2,全英班,"應用測量學
APPLIED SURVEYING TECHNOLOGY",3,期,False,50,5,0,50,鍾秉宸,"五5,6,7(海ME 2005)","['', '', '', '', '567', '', '']",《講授類》,[],False
https://selcrs.nsysu.edu.tw/menu5/showoutline.asp?SYEAR=114&SEM=2&CrsDat=MAEV306&Crsname=營建管理,,,False,海工系,MAEV306,4,不分班,"營建管理
CONSTRUCTION MANAGEMENT",3,期,False,50,7,0,50,王世旭,"二8,6,7(海ME 2007)","['', '678', '', '', '', '', '']",《講授類》,['環境教育學程'],False
https://selcrs.nsysu.edu.tw/menu5/showoutline.asp?SYEAR=114&SEM=2&CrsDat=MAEV320&Crsname=水文學,,,False,海工系,MAEV320,2,全英班,"水文學
HYDROLOGY",3,期,True,50,1,32,18,莊偉良,"四2,3,4(海ME 2003)","['', '', '', '234', '', '', '']",《講授類》,['環境教育學程'],True
https://selcrs.nsysu.edu.tw/menu5/showoutline.asp?SYEAR=114&SEM=2&CrsDat=MAEV324&Crsname=海岸工程學,,,False,海工系,MAEV324,3,不分班,"海岸工程學
COASTAL ENGINEERING",3,期,True,65,5,38,27,葉博弘,"一8,6,7(海ME 2003)","['678', '', '', '', '', '', '']","《講授類》
限⼯程數學（⼀）、 ⼯程數學（⼆）及流體⼒學等三科50分(D) (含)以上修習，若未符合上述規定者，請洽授課老師後於異常處理階段加選。","['環境教育學程', '看見臺灣海岸微學程', '南星產業樞紐學程']",False
https://selcrs.nsysu.edu.tw/menu5/showoutline.asp?SYEAR=114&SEM=2&CrsDat=MAEV343&Crsname=結構學,,,False,海工系,MAEV343,2,全英班,"結構學
STRUCTURE THEORY",3,期,False,50,13,0,50,金尚進,"四5,6,7(海ME 2003)","['', '', '', '567', '', '', '']",《講授類》,[],True
https://selcrs.nsysu.edu.tw/menu5/showoutline.asp?SYEAR=114&SEM=2&CrsDat=MAEV352&Crsname=固體廢棄物處理,,,False,海工系,MAEV352,3,不分班,"固體廢棄物處理
SOLID WASTE MANAGEMENT",3,期,False,50,3,0,50,卓宴琳,"四8,6,7(海ME 2005)","['', '', '', '678', '', '', '']",《講授類》,"['環境教育學程', '環境科技與管理學程']",False
https://selcrs.nsysu.edu.tw/menu5/showoutline.asp?SYEAR=114&SEM=2&CrsDat=MAEV354&Crsname=給水及排水工程,,,False,海工系,MAEV354,3,不分班,"給水及排水工程
WATER SUPPLY AND DRAINAGE SYSTEM",3,期,True,50,1,37,13,"林巧雯,鍾秉宸","三5,6,7(海ME 2003)","['', '', '567', '', '', '', '']","《講授類》
限流體力學50分(D)(含)以上及環境工程化學50分(D)(含)以上修習，若未符合上述規定者，請洽授課老師後於異常處理階段加選。","['環境教育學程', '環境科技與管理學程']",False
https://selcrs.nsysu.edu.tw/menu5/showoutline.asp?SYEAR=114&SEM=2&CrsDat=MAEV361&Crsname=機率與統計,,,False,海工系,MAEV361,3,不分班,"機率與統計
PROBABILITY AND STATISTICS",3,期,False,50,10,0,50,夏沛亞,"三2,3,4(海ME 3004)","['', '', '234', '', '', '', '']",《講授類》,['金融工程學程'],True
https://selcrs.nsysu.edu.tw/menu5/showoutline.asp?SYEAR=114&SEM=2&CrsDat=MAEV401&Crsname=計算機在工程上的應用,,,False,海工系,MAEV401,4,不分班,"計算機在工程上的應用
COMPUTER APPLICATION TO ENGINEERING PROBLEMS",3,期,False,50,2,0,50,金尚進,"三5,6,7(海ME 3004)","['', '', '567', '', '', '', '']",《講授類》,[],True
https://selcrs.nsysu.edu.tw/menu5/showoutline.asp?SYEAR=114&SEM=2&CrsDat=MAEV403&Crsname=海洋環境專題研究（一）,,,False,海工系,MAEV403,4,不分班,"海洋環境專題研究（一）
INDEPENDENT STUDIES IN MARINE ENVIRONMENT (I)",3,期,False,50,2,0,50,指導教授,"六8,9,7()","['', '', '', '', '', '789', '']",《獨立研究》,[],False
https://selcrs.nsysu.edu.tw/menu5/showoutline.asp?SYEAR=114&SEM=2&CrsDat=MAEV441&Crsname=鋼筋混凝土設計,,,False,海工系,MAEV441,3,不分班,"鋼筋混凝土設計
REINFORCED CONCRETE DESIGN",3,期,False,50,3,0,50,詹鵬台,"二2,3,4(海ME 2007)","['', '234', '', '', '', '', '']",《講授類》,[],True
https://selcrs.nsysu.edu.tw/menu5/showoutline.asp?SYEAR=114&SEM=2&CrsDat=MAEV442&Crsname=工程地質學,,,False,海工系,MAEV442,4,不分班,"工程地質學
ENGINEERING GEOLOGY",3,期,False,50,11,0,50,林俊宏,"三2,3,4(海ME 2005)","['', '', '234', '', '', '', '']",《講授類》,[],False
https://selcrs.nsysu.edu.tw/menu5/showoutline.asp?SYEAR=114&SEM=2&CrsDat=MAEV455&Crsname=海洋污染緊急應變與防治,,,False,海工系,MAEV455,4,不分班,"海洋污染緊急應變與防治
MARINE POLLUTION EMERGENCY RESPONSE AND PREVENTION",3,期,False,50,0,0,50,張揚祺,"五2,3,4(海ME 2005)","['', '', '', '', '234', '', '']",《講授類》,[],False
https://selcrs.nsysu.edu.tw/menu5/showoutline.asp?SYEAR=114&SEM=2&CrsDat=MAEV460&Crsname=作業研究,,,False,海工系,MAEV460,3,不分班,"作業研究
OPERATIONS RESEARCH",3,期,False,50,8,0,50,張揚祺,"四2,3,4(海ME 3004)","['', '', '', '234', '', '', '']",《講授類》,[],False
https://selcrs.nsysu.edu.tw/menu5/showoutline.asp?SYEAR=114&SEM=2&CrsDat=MAEV463&Crsname=數值分析,,,False,海工系,MAEV463,4,不分班,"數值分析
NUMERICAL ANALYSIS",3,期,False,50,6,0,50,莊偉良,"一2,3,4(海ME 3004)","['234', '', '', '', '', '', '']",《講授類》,['金融工程學程'],False
https://selcrs.nsysu.edu.tw/menu5/showoutline.asp?SYEAR=114&SEM=2&CrsDat=DO102&Crsname=微積分（二）,,,False,海科系,DO102,1,不分班,"微積分（二）
CALCULUS (II)",3,期,True,50,5,31,19,莊秉樺,"五2,3,4(海MA 3020)","['', '', '', '', '234', '', '']",《講授類》,['人工智慧與數學學程'],False
https://selcrs.nsysu.edu.tw/menu5/showoutline.asp?SYEAR=114&SEM=2&CrsDat=DO107&Crsname=普通生物學（一）,,,False,海科系,DO107,1,不分班,"普通生物學（一）
GENERAL BIOLOGY (I)",3,期,True,50,0,31,19,"塗子萱,王志騰","五8,6,7(海MA 3020)","['', '', '', '', '678', '', '']",《講授類》,[],False
https://selcrs.nsysu.edu.tw/menu5/showoutline.asp?SYEAR=114&SEM=2&CrsDat=DO122&Crsname=海洋化學實驗（二）,,,False,海科系,DO122,3,不分班,"海洋化學實驗（二）
MARINE CHEMISTRY LABORATORY (II)",1,期,False,50,0,0,50,施詠嚴,"二6,7(海MA 2005)(實驗)","['', '67', '', '', '', '', '']",《實驗類》,['擁海學程'],False
https://selcrs.nsysu.edu.tw/menu5/showoutline.asp?SYEAR=114&SEM=2&CrsDat=DO208&Crsname=應用統計學（二）,,,False,海科系,DO208,3,不分班,"應用統計學（二）
APPLIED STATISTICS (II)",2,期,False,50,3,0,50,托星豪,"一3,4(海MA 2034)","['34', '', '', '', '', '', '']","《講授類》
1. 選修「應用統計學(二)」課程需同時選修「應用統計學實習(二)」課程。2. 與DO721併班上課。",[],False
https://selcrs.nsysu.edu.tw/menu5/showoutline.asp?SYEAR=114&SEM=2&CrsDat=DO209&Crsname=應用統計學實習（二）,,,False,海科系,DO209,3,不分班,"應用統計學實習（二）
APPLIED STATISTICS PRACTICE (II)",1,期,False,50,3,0,50,吳淑娟,"一5,6,7(圖IL PC02)(實驗)","['567', '', '', '', '', '', '']","《實習類》
1. 選修「應用統計學(二)」課程需同時選修「應用統計學實習(二)」課程。 2. 與DO722併班上課。",[],False
https://selcrs.nsysu.edu.tw/menu5/showoutline.asp?SYEAR=114&SEM=2&CrsDat=DO213&Crsname=植物性浮游生物學,,,False,海科系,DO213,2,不分班,"植物性浮游生物學
PHYTOPLANKTON",2,期,False,50,9,0,50,托星豪,"二1,2(海MA 3040)","['', '12', '', '', '', '', '']",《講授類》,[],True
https://selcrs.nsysu.edu.tw/menu5/showoutline.asp?SYEAR=114&SEM=2&CrsDat=DO220&Crsname=海洋生態學概論,,,False,海科系,DO220,2,不分班,"海洋生態學概論
PRINCIPLES OF MARINE ECOLOGY",3,期,False,25,1,0,25,熊寶兒,"二5,6,7(海MA 2022)","['', '567', '', '', '', '', '']",《講授類》,['海洋永續發展產業科技微學程'],True
https://selcrs.nsysu.edu.tw/menu5/showoutline.asp?SYEAR=114&SEM=2&CrsDat=DO223&Crsname=環境科學概論,,,False,海科系,DO223,2,不分班,"環境科學概論
INTRODUCTION TO ENVIRONMENTAL SCIENCE",2,期,False,30,3,0,30,雷漢杰,"四3,4(海MA 3020)","['', '', '', '34', '', '', '']",《講授類》,"['環境科技與管理學程', '環境教育學程', '永續管理微學程', '看見臺灣海岸微學程', '氣候變遷與調適學分學程', '地方創生與永續發展整合學程', '企業社會責任學程', '淨零轉型與永續發展整合學程', '海洋永續發展產業科技微學程']",False
https://selcrs.nsysu.edu.tw/menu5/showoutline.asp?SYEAR=114&SEM=2&CrsDat=DO237&Crsname=地球科學概論,,,False,海科系,DO237,2,不分班,"地球科學概論
INTRODUCTION TO EARTH SCIENCE",2,期,False,35,3,0,35,林慧玲,"二3,4(海MA 3020)","['', '34', '', '', '', '', '']",《講授類》,"['環境教育學程', '看見臺灣海岸微學程']",False
https://selcrs.nsysu.edu.tw/menu5/showoutline.asp?SYEAR=114&SEM=2&CrsDat=DO243&Crsname=程式設計,,,False,海科系,DO243,2,不分班,"程式設計
PROGRAMMING DESIGN",3,期,True,50,1,22,28,周佑誠,"三2,3,4(圖IL PC02)","['', '', '234', '', '', '', '']",《講授類》,"['金融工程學程', '擁海學程', '軟體工程學程', '自然科學之程式應用學程']",False
https://selcrs.nsysu.edu.tw/menu5/showoutline.asp?SYEAR=114&SEM=2&CrsDat=DO243A&Crsname=程式設計,,,False,海科系,DO243A,2,不分班,"程式設計
PROGRAMMING DESIGN",3,期,False,50,3,0,50,王敬湧,"二5,6,7(圖IL PC02)","['', '567', '', '', '', '', '']",《講授類》,"['金融工程學程', '擁海學程', '軟體工程學程', '自然科學之程式應用學程']",True
https://selcrs.nsysu.edu.tw/menu5/showoutline.asp?SYEAR=114&SEM=2&CrsDat=DO246&Crsname=氣象學,,,False,海科系,DO246,2,不分班,"氣象學
METEOROLOGY",2,期,False,15,3,0,15,"李逸環,陳昭銘","一8,7()","['78', '', '', '', '', '', '']","《講授類》
本課程需自行前往國立高雄科技大學旗津校區教學大樓U603教室上課，請有意選修同學審慎考慮交通及安全問題！(上課時間每周一下午3:30-5:20)",[],False
https://selcrs.nsysu.edu.tw/menu5/showoutline.asp?SYEAR=114&SEM=2&CrsDat=DO249&Crsname=海洋與大氣環流,,,False,海科系,DO249,2,不分班,"海洋與大氣環流
OCEAN AND ATMOSPHERE CIRCULATIONS",2,期,False,30,3,0,30,李逸環,"四6,7(海MA 3020)","['', '', '', '67', '', '', '']",《講授類》,[],False
https://selcrs.nsysu.edu.tw/menu5/showoutline.asp?SYEAR=114&SEM=2&CrsDat=DO253&Crsname=水文資料實作,,,False,海科系,DO253,2,不分班,"水文資料實作
PRACTICE OF HYDROGRAPHIC DATA",2,期,False,50,4,0,50,方盈智,"五5,6(海MA 2042)","['', '', '', '', '56', '', '']",《講授類》,[],False
https://selcrs.nsysu.edu.tw/menu5/showoutline.asp?SYEAR=114&SEM=2&CrsDat=DO302&Crsname=科學英文（二）,異動,增加合授教師1/13,False,海科系,DO302,3,不分班,"科學英文（二）
SCIENTIFIC ENGLISH (II)",2,期,True,50,1,30,20,"張瑜峻,林玉詩","二3,4(海MA 3040)","['', '34', '', '', '', '', '']","《講授類》
限本系大三以上學生選修。",[],True
https://selcrs.nsysu.edu.tw/menu5/showoutline.asp?SYEAR=114&SEM=2&CrsDat=DO315&Crsname=海洋生物生理學,,,False,海科系,DO315,4,不分班,"海洋生物生理學
PHYSIOLOGY OF MARINE ORGANISMS",3,期,False,50,6,0,50,王志騰,"三2,3,4(海MA 2022)","['', '', '234', '', '', '', '']","《講授類》
與DO539併班上課。","['海洋生物資源開發學程', '生物多樣性學程']",False
https://selcrs.nsysu.edu.tw/menu5/showoutline.asp?SYEAR=114&SEM=2&CrsDat=DO317&Crsname=生物多樣性行動技能建立,,,False,海科系,DO317,3,不分班,"生物多樣性行動技能建立
BIODIVERSITY ACTION PLANNING SKILLS IN PRACTICE",2,期,False,50,7,0,50,廖德裕,"五6,7(海MA 3040)","['', '', '', '', '67', '', '']",《講授類》,"['環境教育學程', '生物多樣性學程']",False
https://selcrs.nsysu.edu.tw/menu5/showoutline.asp?SYEAR=114&SEM=2&CrsDat=DO319&Crsname=海洋微生物學與實作,,,False,海科系,DO319,3,不分班,"海洋微生物學與實作
MARINE MICROBIOLOGY AND PRACTICE",3,期,False,50,7,0,50,陳慶能,"四8,6,7(海MA 2009)","['', '', '', '678', '', '', '']",《講授類》,[],False
https://selcrs.nsysu.edu.tw/menu5/showoutline.asp?SYEAR=114&SEM=2&CrsDat=DO323&Crsname=海水微量分析,,,False,海科系,DO323,3,不分班,"海水微量分析
TRACE ANALYSIS OF SEAWATER",3,期,False,50,2,0,50,簡國童,"四8,6,7(海MA 2042)","['', '', '', '678', '', '', '']","《講授類》
與DO613併班上課",['擁海學程'],False
https://selcrs.nsysu.edu.tw/menu5/showoutline.asp?SYEAR=114&SEM=2&CrsDat=DO327&Crsname=海洋化學與地質數據處理,,,False,海科系,DO327,3,不分班,"海洋化學與地質數據處理
DATA PROCESSING IN MARINE CHEMISTRY AND GEOLOGY",2,期,False,50,3,0,50,黃蔚人,"一6,7(海MA 3040)","['67', '', '', '', '', '', '']","《講授類》
與DO690併班上課。","['看見臺灣海岸微學程', '擁海學程', '熱帶海洋微學程']",False
https://selcrs.nsysu.edu.tw/menu5/showoutline.asp?SYEAR=114&SEM=2&CrsDat=DO331&Crsname=古海洋學概論,,,False,海科系,DO331,4,不分班,"古海洋學概論
INTRODUCTION TO PALEOCEANOGRAPHY",3,期,False,50,5,0,50,林慧玲,"三2,3,4(海MA 2009)","['', '', '234', '', '', '', '']",《講授類》,"['環境教育學程', '氣候變遷與調適學分學程']",False
https://selcrs.nsysu.edu.tw/menu5/showoutline.asp?SYEAR=114&SEM=2&CrsDat=DO334&Crsname=海岸地質學,異動,更換授課方式1/30,False,海科系,DO334,3,不分班,"海岸地質學
COASTAL GEOLOGY",3,期,False,50,5,0,50,"張瑜峻,林玉詩","四2,3,4(海MA 2042)","['', '', '', '234', '', '', '']",《講授類》,"['看見臺灣海岸微學程', '氣候變遷與調適學分學程']",True
https://selcrs.nsysu.edu.tw/menu5/showoutline.asp?SYEAR=114&SEM=2&CrsDat=DO342&Crsname=流體力學（二）,,,False,海科系,DO342,3,不分班,"流體力學（二）
FLUID MECHANICS (II)",2,期,False,50,1,0,50,曾若玄,"五3,4(海MA 2042)","['', '', '', '', '34', '', '']","《講授類》
與DO552併班上課。",[],False
https://selcrs.nsysu.edu.tw/menu5/showoutline.asp?SYEAR=114&SEM=2&CrsDat=DO405&Crsname=進階科學英文,,,False,海科系,DO405,4,不分班,"進階科學英文
ADVANCED SCIENTIFIC ENGLISH",3,期,False,50,2,0,50,王敬湧,"四2,3,4(海MA 2009)","['', '', '', '234', '', '', '']","《講授類》
與DO701併班上課。",[],True
https://selcrs.nsysu.edu.tw/menu5/showoutline.asp?SYEAR=114&SEM=2&CrsDat=DO406&Crsname=專題討論,異動,更換上課時間2/3,False,海科系,DO406,4,不分班,"專題討論
SEMINAR",2,期,True,50,2,23,27,李逸環,"一3,4(海MB 3013)","['34', '', '', '', '', '', '']",《研討類》,[],False
https://selcrs.nsysu.edu.tw/menu5/showoutline.asp?SYEAR=114&SEM=2&CrsDat=DO409&Crsname=科學倫理導論,,,False,海科系,DO409,4,不分班,"科學倫理導論
INTRODUCTION TO SCIENCE ETHICS",2,期,False,50,0,0,50,熊寶兒,"五6,7(海MA 2022)","['', '', '', '', '67', '', '']","《講授類》
與DO724併班上課。",[],True
https://selcrs.nsysu.edu.tw/menu5/showoutline.asp?SYEAR=114&SEM=2&CrsDat=DO425&Crsname=海洋地球化學,,,False,海科系,DO425,4,不分班,"海洋地球化學
MARINE GEOCHEMISTRY",3,期,False,50,3,0,50,簡國童,"二8,6,7(海MA 2042)","['', '678', '', '', '', '', '']","《講授類》
與DO666併班上課。",['擁海學程'],False
https://selcrs.nsysu.edu.tw/menu5/showoutline.asp?SYEAR=114&SEM=2&CrsDat=DO450&Crsname=海洋遙測及應用,,,False,海科系,DO450,4,不分班,"海洋遙測及應用
APPLICATION OF REMOTE SENSING IN OCEANOGRAPHY",3,期,False,50,2,0,50,張懿,"三5,6,7(圖IL PC02)","['', '', '567', '', '', '', '']",《講授類》,"['看見臺灣海岸微學程', '氣候變遷與調適學分學程', '海洋永續發展產業科技微學程']",False
https://selcrs.nsysu.edu.tw/menu5/showoutline.asp?SYEAR=114&SEM=2&CrsDat=MRSC102&Crsname=基礎海洋學,,,False,海科院（學）,MRSC102,0,不分班,"基礎海洋學
FUNDAMENTALS OF OCEANOGRAPHY",3,期,False,10,4,0,10,"張詠斌,托星豪,李逸環,黃蔚人","五2,3,4(海MA 3021)","['', '', '', '', '234', '', '']",《講授類》,"['探索海洋國家公園微學程', '環境教育學程', '看見臺灣海岸微學程', '海洋永續發展產業科技微學程', '熱帶海洋微學程']",False
https://selcrs.nsysu.edu.tw/menu5/showoutline.asp?SYEAR=114&SEM=2&CrsDat=MRSC104&Crsname=環境教育教材教法,,,False,海科院（學）,MRSC104,0,不分班,"環境教育教材教法
SUBJECT MATTER & TEACHING METHODS FOR ENVIRONMENTAL EDUCATION",2,期,False,30,3,0,30,謝百淇,"二3,4(社SS 2001)","['', '34', '', '', '', '', '']",《講授類》,"['氣膠科學環境教育微學程', '原民文化探索及永續發展學程', '環境教育學程', '實踐環境教育微學程']",False
https://selcrs.nsysu.edu.tw/menu5/showoutline.asp?SYEAR=114&SEM=2&CrsDat=MRSC110&Crsname=漁業政策概論,,,False,海科院（學）,MRSC110,0,不分班,"漁業政策概論
INTRODUCTION TO FISHERIES POLICY",3,期,False,10,0,0,10,高世明,"五5,6,7(海MA 3021)","['', '', '', '', '567', '', '']",《講授類》,"['國際素養微學程', '自然生物資產微學程']",False
https://selcrs.nsysu.edu.tw/menu5/showoutline.asp?SYEAR=114&SEM=2&CrsDat=MRSC115&Crsname=海洋應用科學,異動,更換部份教師1/28,False,海科院（學）,MRSC115,1,不分班,"海洋應用科學
APPLIED MARINE SCIENCES",2,期,False,150,39,0,150,"劉子銘,方力行,李世緯,樊同雲,歐雅森,邱永盛,鄭源斌,陳信宏","一6,7(海MA 3021)","['67', '', '', '', '', '', '']","《講授類》
海資系、海工系及海科系大一必修 。","['海洋生物資源與實務應用微學程', '生物資訊與演化生態微學程', '探索海洋國家公園微學程', '看見臺灣海岸微學程', '海洋永續發展產業科技微學程', '自然生物資產微學程', '擁海學程']",True
https://selcrs.nsysu.edu.tw/menu5/showoutline.asp?SYEAR=114&SEM=2&CrsDat=MRSC118&Crsname=人因工程,,,False,海科院（學）,MRSC118,0,不分班,"人因工程
HUMAN FACTORS ENGINEERING",3,期,False,10,2,0,10,謝孟璋,"三5,6,7(海MA 3021)","['', '', '567', '', '', '', '']",《講授類》,[],False
https://selcrs.nsysu.edu.tw/menu5/showoutline.asp?SYEAR=114&SEM=2&CrsDat=MRSC119&Crsname=國家公園概論,異動,取消合授教師1/22,False,海科院（學）,MRSC119,0,不分班,"國家公園概論
INTRODUCTION TO NATIONAL PARKS",2,期,False,40,4,0,40,塗子萱,"五B,5(海MA 3020)","['', '', '', '', 'B5', '', '']","《講授類》
共同授課業界專家：海洋國家公園管理處徐韶良處長、吳岱穎技士。",['探索海洋國家公園微學程'],False
https://selcrs.nsysu.edu.tw/menu5/showoutline.asp?SYEAR=114&SEM=2&CrsDat=MRSC121&Crsname=海洋永續發展產業概論,,,False,海科院（學）,MRSC121,0,不分班,"海洋永續發展產業概論
INTRODUCTION TO MARINE SUSTAINABLE DEVELOPMENT INDUSTRIES",2,期,False,50,3,0,50,"葉博弘,魏瑞昌","二3,4(海MA 2016)","['', '34', '', '', '', '', '']",《講授類》,['海洋永續發展產業科技微學程'],False
https://selcrs.nsysu.edu.tw/menu5/showoutline.asp?SYEAR=114&SEM=2&CrsDat=PE102&Crsname=經濟學原理（二）,,,False,政經系,PE102,1,不分班,"經濟學原理（二）
PRINCIPLES OF ECONOMICS(II)",3,期,True,55,4,49,6,張光亮,"四5,6,7(社SS 3005)","['', '', '', '567', '', '', '']",《講授類》,['金融工程學程'],False
https://selcrs.nsysu.edu.tw/menu5/showoutline.asp?SYEAR=114&SEM=2&CrsDat=PE126&Crsname=經濟數學（二）,,,False,政經系,PE126,1,不分班,"經濟數學（二）
MATHEMATICS FOR ECONOMICS (II)",3,期,False,50,3,0,50,王俊傑,"一2,3,4(社SS 1006)","['234', '', '', '', '', '', '']",《講授類》,[],False
https://selcrs.nsysu.edu.tw/menu5/showoutline.asp?SYEAR=114&SEM=2&CrsDat=PE127&Crsname=經濟學原理（二）,,,False,政經系,PE127,1,不分班,"經濟學原理（二）
PRINCIPLES OF ECONOMICS(II)",3,期,False,10,5,0,10,吳世傑,"一2,3,4(社SS 3005)","['234', '', '', '', '', '', '']","《講授類》
與跨院併班授課",['金融工程學程'],False
https://selcrs.nsysu.edu.tw/menu5/showoutline.asp?SYEAR=114&SEM=2&CrsDat=PE202&Crsname=個體經濟學（二）,,,False,政經系,PE202,2,不分班,"個體經濟學（二）
MICROECONOMICS(II)",3,期,True,60,1,46,14,李明軒,"二2,3,4(社SS 3001)","['', '234', '', '', '', '', '']",《講授類》,['金融工程學程'],False
https://selcrs.nsysu.edu.tw/menu5/showoutline.asp?SYEAR=114&SEM=2&CrsDat=PE203&Crsname=總體經濟學（一）,,,False,政經系,PE203,2,不分班,"總體經濟學（一）
MACROECONOMICS(I)",3,期,True,55,7,46,9,鄭宜玲,"一5,6,7(社SS 3005)","['567', '', '', '', '', '', '']",《講授類》,['金融工程學程'],False
https://selcrs.nsysu.edu.tw/menu5/showoutline.asp?SYEAR=114&SEM=2&CrsDat=PE205&Crsname=統計學（一）,,,False,政經系,PE205,1,不分班,"統計學（一）
STATISTICS (I)",3,期,True,60,7,49,11,王俊傑,"四2,3,4(社SS 3001)","['', '', '', '234', '', '', '']",《講授類》,"['數據科學微學程', '金融工程學程', '智慧城市與智慧運輸學程']",False
https://selcrs.nsysu.edu.tw/menu5/showoutline.asp?SYEAR=114&SEM=2&CrsDat=PE208&Crsname=國際關係,,,False,政經系,PE208,2,不分班,"國際關係
INTERNATIONAL RELATIONS",3,期,False,40,12,0,40,辛翠玲,"三2,3,4(社SS 3005)","['', '', '234', '', '', '', '']","《講授類》
與跨院併班授課","['日本研究學程', '法國語言、文化與社會學程']",False
https://selcrs.nsysu.edu.tw/menu5/showoutline.asp?SYEAR=114&SEM=2&CrsDat=PE306&Crsname=政經實作專題（一）,,,True,政經系,PE306,3,不分班,"政經實作專題（一）
INDEPENDENT STUDIES IN POLITICAL ECONOMIC（I）",3,期,True,50,2,0,50,王俊傑,"四A,1,B(社SS 3001)","['', '', '', 'A1B', '', '', '']",《獨立研究》,[],True
https://selcrs.nsysu.edu.tw/menu5/showoutline.asp?SYEAR=114&SEM=2&CrsDat=PE306A&Crsname=政經實作專題（一）,,,True,政經系,PE306A,3,不分班,"政經實作專題（一）
INDEPENDENT STUDIES IN POLITICAL ECONOMIC（I）",3,期,True,50,2,0,50,辛翠玲,"三A,1,B(社SS 3005)","['', '', 'A1B', '', '', '', '']",《獨立研究》,[],False
https://selcrs.nsysu.edu.tw/menu5/showoutline.asp?SYEAR=114&SEM=2&CrsDat=PE306B&Crsname=政經實作專題（一）,,,True,政經系,PE306B,3,不分班,"政經實作專題（一）
INDEPENDENT STUDIES IN POLITICAL ECONOMIC（I）",3,期,True,50,1,0,50,吳世傑,"一A,1,B(社SS 3005)","['A1B', '', '', '', '', '', '']",《獨立研究》,[],False
https://selcrs.nsysu.edu.tw/menu5/showoutline.asp?SYEAR=114&SEM=2&CrsDat=PE306C&Crsname=政經實作專題（一）,,,True,政經系,PE306C,3,不分班,"政經實作專題（一）
INDEPENDENT STUDIES IN POLITICAL ECONOMIC（I）",3,期,True,50,3,0,50,李予綱,"五A,1,B(社SS 1005)","['', '', '', '', 'A1B', '', '']",《獨立研究》,[],False
https://selcrs.nsysu.edu.tw/menu5/showoutline.asp?SYEAR=114&SEM=2&CrsDat=PE306D&Crsname=政經實作專題（一）,,,True,政經系,PE306D,3,不分班,"政經實作專題（一）
INDEPENDENT STUDIES IN POLITICAL ECONOMIC（I）",3,期,True,50,0,0,50,李明軒,"二A,1,B(社SS 3001)","['', 'A1B', '', '', '', '', '']",《獨立研究》,[],True
https://selcrs.nsysu.edu.tw/menu5/showoutline.asp?SYEAR=114&SEM=2&CrsDat=PE306E&Crsname=政經實作專題（一）,,,True,政經系,PE306E,3,不分班,"政經實作專題（一）
INDEPENDENT STUDIES IN POLITICAL ECONOMIC（I）",3,期,True,50,2,0,50,張光亮,"四A,1,B(社SS 1005)","['', '', '', 'A1B', '', '', '']",《獨立研究》,[],False
https://selcrs.nsysu.edu.tw/menu5/showoutline.asp?SYEAR=114&SEM=2&CrsDat=PE306F&Crsname=政經實作專題（一）,,,True,政經系,PE306F,3,不分班,"政經實作專題（一）
INDEPENDENT STUDIES IN POLITICAL ECONOMIC（I）",3,期,True,50,3,0,50,陳若蘭,"三A,1,B(社SS 1006)","['', '', 'A1B', '', '', '', '']",《獨立研究》,[],True
https://selcrs.nsysu.edu.tw/menu5/showoutline.asp?SYEAR=114&SEM=2&CrsDat=PE308&Crsname=政治經濟學（一）,,,False,政經系,PE308,1,不分班,"政治經濟學（一）
THE POLITICAL ECONOMY(I)",3,期,True,60,4,50,10,李予綱,"一5,6,7(社SS 3001)","['567', '', '', '', '', '', '']",《講授類》,[],False
https://selcrs.nsysu.edu.tw/menu5/showoutline.asp?SYEAR=114&SEM=2&CrsDat=PE324&Crsname=社會科學研究方法,,,False,政經系,PE324,3,不分班,"社會科學研究方法
RESEARCH METHODS FOR SOCIAL SCIENCE",3,期,False,50,12,0,50,陳若蘭,"三5,6,7(社SS 3005)","['', '', '567', '', '', '', '']",《講授類》,['環境教育學程'],False
https://selcrs.nsysu.edu.tw/menu5/showoutline.asp?SYEAR=114&SEM=2&CrsDat=PE328&Crsname=公共經濟學,,,False,政經系,PE328,3,不分班,"公共經濟學
PUBLIC ECONOMICS",3,期,True,55,1,46,9,吳世傑,"二5,6,7(社SS 3005)","['', '567', '', '', '', '', '']",《講授類》,[],False
https://selcrs.nsysu.edu.tw/menu5/showoutline.asp?SYEAR=114&SEM=2&CrsDat=PE338&Crsname=財務經濟學基本理論,,,False,政經系,PE338,2,不分班,"財務經濟學基本理論
FINANCIAL ECONOMICS: BASIC THEORIES",3,期,False,50,15,0,50,李秉正,"三5,6,7(社SS 1005)","['', '', '567', '', '', '', '']",《講授類》,[],False
https://selcrs.nsysu.edu.tw/menu5/showoutline.asp?SYEAR=114&SEM=2&CrsDat=PE356&Crsname=時間序列分析與金融風險管理,,,False,政經系,PE356,3,不分班,"時間序列分析與金融風險管理
TIME SERIES ANALYSIS AND FINANCIAL RISK MANAGEMENT",3,期,False,50,2,0,50,張光亮,"一5,6,7(社SS 1006)","['567', '', '', '', '', '', '']",《講授類》,[],False
https://selcrs.nsysu.edu.tw/menu5/showoutline.asp?SYEAR=114&SEM=2&CrsDat=PE357&Crsname=探索式資料分析,,,False,政經系,PE357,4,不分班,"探索式資料分析
EXPLORATORY DATA ANALYSIS",3,期,False,20,3,0,20,劉正山,"四5,6,7(社SS 3010-2 )","['', '', '', '567', '', '', '']","《講授類》
併班授課",[],False
https://selcrs.nsysu.edu.tw/menu5/showoutline.asp?SYEAR=114&SEM=2&CrsDat=PE358&Crsname=全球化與經濟發展,,,False,政經系,PE358,4,不分班,"全球化與經濟發展
GLOBALIZATION AND ECONOMIC DEVELOPMENT",3,期,False,30,6,0,30,蔡書瑋,"三2,3,4(社SS 2011)","['', '', '234', '', '', '', '']","《講授類》
併班授課",[],False
https://selcrs.nsysu.edu.tw/menu5/showoutline.asp?SYEAR=114&SEM=2&CrsDat=PE439&Crsname=中國政治經濟發展,,,False,政經系,PE439,4,不分班,"中國政治經濟發展
POLITICAL AND ECONOMIC DEVELOPMENT IN CHINA",3,期,False,40,3,0,40,陳若蘭,"二5,6,7(社SS 1006)","['', '567', '', '', '', '', '']","《講授類》
併班授課",['臺灣研究學程'],False
https://selcrs.nsysu.edu.tw/menu5/showoutline.asp?SYEAR=114&SEM=2&CrsDat=SOC103&Crsname=社會學（二）,,,False,社會系,SOC103,1,不分班,"社會學（二）
SOCIOLOGY（II）",3,期,True,50,6,36,14,李宛儒,"四8,6,7(社SS 4001)","['', '', '', '678', '', '', '']","《講授類》
「限修過本系或跨院選修之社會學(一)且及格，點選本課請同時點選《社會學實習(二)》」",[],False
https://selcrs.nsysu.edu.tw/menu5/showoutline.asp?SYEAR=114&SEM=2&CrsDat=SOC106&Crsname=社會學實習（二）,,,False,社會系,SOC106,1,不分班,"社會學實習（二）
SOCIOLOGY PRACTICE (II)",1,期,True,50,6,36,14,李宛儒,"三D,E(社SS 1003)(實驗)","['', '', 'DE', '', '', '', '']","《實習類》
本課程限選修本系《社會學（二）》之學生。",[],False
https://selcrs.nsysu.edu.tw/menu5/showoutline.asp?SYEAR=114&SEM=2&CrsDat=SOC137&Crsname=政治社會學,,,False,社會系,SOC137,1,不分班,"政治社會學
POLITICAL SOCIOLOGY",3,期,False,50,16,0,50,林傳凱,"二2,3,4(社SS 4004-2)","['', '234', '', '', '', '', '']",《講授類》,[],False
https://selcrs.nsysu.edu.tw/menu5/showoutline.asp?SYEAR=114&SEM=2&CrsDat=SOC203&Crsname=社會統計（二）,,,False,社會系,SOC203,2,不分班,"社會統計（二）
SOCIAL STATISTICS (II)",3,期,True,50,2,17,33,葉高華,"二2,3,4(圖IL PC 02)","['', '234', '', '', '', '', '']","《講授類》
「限修過本系社會統計(一)且及格，點選本課請同時點選社會統計實習(二)」",[],False
https://selcrs.nsysu.edu.tw/menu5/showoutline.asp?SYEAR=114&SEM=2&CrsDat=SOC214&Crsname=身體與工作,新增,1/6,False,社會系,SOC214,2,不分班,"身體與工作
BODY AND WORK",3,期,False,50,8,0,50,陳美華,"一8,6,7(社SS 4004-2)","['678', '', '', '', '', '', '']",《講授類》,[],False
https://selcrs.nsysu.edu.tw/menu5/showoutline.asp?SYEAR=114&SEM=2&CrsDat=SOC215&Crsname=世代互助與年金制度,新增,1/6,False,社會系,SOC215,2,不分班,"世代互助與年金制度
INTERGENERATIONAL SOLIDARITY AND PENSION PROGRAMS",3,期,False,50,5,0,50,楊靜利,"三2,3,4(社SS 4004-2)","['', '', '234', '', '', '', '']",《講授類》,[],False
https://selcrs.nsysu.edu.tw/menu5/showoutline.asp?SYEAR=114&SEM=2&CrsDat=SOC221&Crsname=社會統計實習（二）,,,False,社會系,SOC221,2,不分班,"社會統計實習（二）
SOCIAL STATISTICS PRACTICE ( II )",1,期,True,50,3,17,33,葉高華,"四C,D(圖IL PC 02)(實驗)","['', '', '', 'CD', '', '', '']","《實習類》
本課程限選修本系《社會統計（二）》之學生。",[],False
https://selcrs.nsysu.edu.tw/menu5/showoutline.asp?SYEAR=114&SEM=2&CrsDat=SOC225&Crsname=藝術社會學,,,False,社會系,SOC225,2,不分班,"藝術社會學
SOCIOLOGY OF ARTS",3,期,False,50,15,0,50,王梅香,"一2,3,4(社SS 4004-2)","['234', '', '', '', '', '', '']",《講授類》,"['社區文創微學程', '與社會交往的表演藝術微學程', '法國語言、文化與社會學程']",False
https://selcrs.nsysu.edu.tw/menu5/showoutline.asp?SYEAR=114&SEM=2&CrsDat=SOC233&Crsname=文化人類學,,,False,社會系,SOC233,2,不分班,"文化人類學
CULTURAL ANTHROPOLOGY",3,期,False,50,7,0,50,趙恩潔,"四8,6,7(社SS 4004-2)","['', '', '', '678', '', '', '']",《講授類》,[],False
https://selcrs.nsysu.edu.tw/menu5/showoutline.asp?SYEAR=114&SEM=2&CrsDat=SOC240&Crsname=永續發展與社會創新,異動,更換部份時間1/9,False,社會系,SOC240,2,不分班,"永續發展與社會創新
SUSTAINABILITY AND SOCIAL INNOVATION",3,期,False,8,1,0,8,"吳亦昕,邱花妹",,"['', '', '567', '', '', '12345678', '12345678']","《講授類》
學期中至日本密集式授課3/11-3/16，限有修課同學選修","['公民參與微學程', '環境教育學程', '文化產業創新學程', '社會情緒學習與內在永續發展微學程', '永續發展與社會創新微學程']",False
https://selcrs.nsysu.edu.tw/menu5/showoutline.asp?SYEAR=114&SEM=2&CrsDat=SOC257&Crsname=全球政治,,,False,社會系,SOC257,2,不分班,"全球政治
GLOBAL POLITICS",3,期,False,25,4,0,25,方志恒,"二8,6,7(社SS 4001)","['', '678', '', '', '', '', '']",《講授類》,"['全球研究學分學程', '地方發展與永續農業微學程']",True
https://selcrs.nsysu.edu.tw/menu5/showoutline.asp?SYEAR=114&SEM=2&CrsDat=SOC262&Crsname=原民知識與實作,,,False,社會系,SOC262,2,不分班,"原民知識與實作
INDIGENOUS KNOWLEDGE AND PRACTICE",3,期,False,10,0,0,10,"伊藤佳代,王梅香",,"['123456789CD', '123456789CD', '1234567DEF', '123456789CD', '123456789CD', '', '']","《講授類》
寒假密集式授課2/9-2/13，限有修課同學選修",[],True
https://selcrs.nsysu.edu.tw/menu5/showoutline.asp?SYEAR=114&SEM=2&CrsDat=SOC304&Crsname=社會理論（二）,,,False,社會系,SOC304,2,不分班,"社會理論（二）
SOCIAL THEORIES (II)",3,期,True,50,0,31,19,林傳凱,"二8,6,7(社SS 2001)","['', '678', '', '', '', '', '']","《講授類》
限修過本系或跨院選修之社會學(一)(二) 且及格。",[],False
https://selcrs.nsysu.edu.tw/menu5/showoutline.asp?SYEAR=114&SEM=2&CrsDat=SOC306&Crsname=生態旅遊社會學,,,False,社會系,SOC306,3,不分班,"生態旅遊社會學
SOCIOLOGY OF ECOTOURISM",3,期,False,50,16,0,50,巴清雄,"五8,6,7(社SS 1003)","['', '', '', '', '678', '', '']",《講授類》,[],False
https://selcrs.nsysu.edu.tw/menu5/showoutline.asp?SYEAR=114&SEM=2&CrsDat=SOC325&Crsname=社會網絡分析,,,False,社會系,SOC325,3,不分班,"社會網絡分析
SOCIAL NETWORK ANALYSIS",3,期,False,50,2,0,50,葉高華,"一8,6,7(社SS 1003)","['678', '', '', '', '', '', '']",《講授類》,[],False
https://selcrs.nsysu.edu.tw/menu5/showoutline.asp?SYEAR=114&SEM=2&CrsDat=SOC327&Crsname=後殖民研究,,,False,社會系,SOC327,3,不分班,"後殖民研究
POSTCOLONIAL RESEARCH",3,期,False,50,5,0,50,萬毓澤,"四2,3,4(社SS 1003)","['', '', '', '234', '', '', '']",《講授類》,[],False
https://selcrs.nsysu.edu.tw/menu5/showoutline.asp?SYEAR=114&SEM=2&CrsDat=SOC347&Crsname=R語言與數據分析,,,False,社會系,SOC347,3,不分班,"R語言與數據分析
R PROGRAMMING FOR DATA ANALYSIS",3,期,False,50,7,0,50,戴昀,"五2,3,4(社SS 4004-2)","['', '', '', '', '234', '', '']",《講授類》,[],True
https://selcrs.nsysu.edu.tw/menu5/showoutline.asp?SYEAR=114&SEM=2&CrsDat=SOC351&Crsname=社會地理學,,,False,社會系,SOC351,3,不分班,"社會地理學
SOCIAL GEOGRAPHY",3,期,False,50,4,0,50,楊又欣,"二8,6,7(社SS 4004-2)","['', '678', '', '', '', '', '']",《講授類》,[],False
https://selcrs.nsysu.edu.tw/menu5/showoutline.asp?SYEAR=114&SEM=2&CrsDat=CSS101&Crsname=心理學,,,False,社科院,CSS101,0,不分班,"心理學
INTRODUCTION TO PSYCHOLOGY",3,期,False,20,24,0,20,"鄭雯,馮雅群","一5,6,7(社SS 2001)","['567', '', '', '', '', '', '']",《講授類》,['人力資源管理學程'],False
https://selcrs.nsysu.edu.tw/menu5/showoutline.asp?SYEAR=114&SEM=2&CrsDat=CSS106&Crsname=經濟學,,,False,社科院,CSS106,0,不分班,"經濟學
ECONOMICS",3,期,False,20,8,0,20,鄭子長,"五8,6,7(社SS 4001)","['', '', '', '', '678', '', '']",《講授類》,"['國際素養微學程', '金融工程學程']",False
https://selcrs.nsysu.edu.tw/menu5/showoutline.asp?SYEAR=114&SEM=2&CrsDat=CSS123&Crsname=創意程式設計,,,False,社科院,CSS123,0,不分班,"創意程式設計
CREATIVE PROGRAMMING",3,期,False,30,4,0,30,李春雄,"四2,3,4(圖IL PC03)","['', '', '', '234', '', '', '']","《講授類》
限非應數、電機、機電、資工、材光、光電、資管、海工系學生修習",[],False
https://selcrs.nsysu.edu.tw/menu5/showoutline.asp?SYEAR=114&SEM=2&CrsDat=CSS124&Crsname=程式思維與多媒體開發,,,False,社科院,CSS124,0,不分班,"程式思維與多媒體開發
PROGRAM THINKING AND MEDIA CAPABILITY DEVELOPMENT",3,期,False,30,4,0,30,陳俊宏,"三5,6,7(圖IL PC03)","['', '', '567', '', '', '', '']","《講授類》
限非應數、電機、機電、資工、材光、光電、資管、海工系學生修習",[],False
https://selcrs.nsysu.edu.tw/menu5/showoutline.asp?SYEAR=114&SEM=2&CrsDat=CSS134&Crsname=智慧城市與智慧運輸趨勢、發展及課題研析,,,False,社科院,CSS134,0,不分班,"智慧城市與智慧運輸趨勢、發展及課題研析
THE TREND, DEVELOPMENT, AND CHALLENGE OF SMART CITY AND SMART TRANSIT",3,期,False,20,27,0,20,李予綱,"五5,6,7(社SS 3001)","['', '', '', '', '567', '', '']",《演講/參訪》,"['製造與大數據分析微學程', '數據科學微學程', '都市文化與地景微學程', '環境、社會及公司治理微學程', '公共交通行動服務微學程', '智慧城市與智慧運輸學程', '城市行銷微學程', '都市永續規劃與管理微學程', '運輸管理微學程']",False
https://selcrs.nsysu.edu.tw/menu5/showoutline.asp?SYEAR=114&SEM=2&CrsDat=CSS137&Crsname=資料視覺化,,,False,社科院,CSS137,0,不分班,"資料視覺化
DATA VISUALIZATION",3,期,False,80,38,0,80,李予綱,"五2,3,4(社SS 3001)","['', '', '', '', '234', '', '']",《講授類》,"['數據科學微學程', '智慧城市與智慧運輸學程']",False
https://selcrs.nsysu.edu.tw/menu5/showoutline.asp?SYEAR=114&SEM=2&CrsDat=CSS140&Crsname=智慧城市數位轉型,,,False,社科院,CSS140,0,不分班,"智慧城市數位轉型
DIGITAL TRANSFORMATION OF SMART CITIES",3,期,False,80,9,0,80,李予綱,"三2,3,4(社SS 4001)","['', '', '234', '', '', '', '']",《講授類》,"['智慧城市與智慧運輸學程', '城市行銷微學程']",False
https://selcrs.nsysu.edu.tw/menu5/showoutline.asp?SYEAR=114&SEM=2&CrsDat=CSS147&Crsname=總體經濟與政策分析,,,False,社科院,CSS147,0,不分班,"總體經濟與政策分析
MACROECONOMICS AND POLICY ANALYSIS",3,期,False,20,4,0,20,陳冠任,"五2,3,4(社SS 4001)","['', '', '', '', '234', '', '']",《講授類》,[],False
https://selcrs.nsysu.edu.tw/menu5/showoutline.asp?SYEAR=114&SEM=2&CrsDat=CSS153&Crsname=台灣發展歷程,,,False,社科院,CSS153,0,不分班,"台灣發展歷程
TAIWAN’S DEVELOPMENT HISTORY",3,期,False,25,0,0,25,希家玹,"一8,6,7(社SS 4005)","['678', '', '', '', '', '', '']",《講授類》,[],False
https://selcrs.nsysu.edu.tw/menu5/showoutline.asp?SYEAR=114&SEM=2&CrsDat=CSS163&Crsname=情感教育,,,False,社科院,CSS163,0,不分班,"情感教育
AFFECTION EDUCATION",2,期,False,30,6,0,30,"宋呈澔,張宇慧,張至慶,林靜慧,馮雅群","四3,4(社SS 2001)","['', '', '', '34', '', '', '']",《講授類》,['社會情緒學習與內在永續發展微學程'],False
https://selcrs.nsysu.edu.tw/menu5/showoutline.asp?SYEAR=114&SEM=2&CrsDat=CSS164&Crsname=亞太區域經貿法制專題研討,,,False,社科院,CSS164,0,不分班,"亞太區域經貿法制專題研討
SEMINAR IN TRADE AND ECONOMIC LAW IN ASIA-PACIFIC REGION",3,期,False,20,0,0,20,楊健弘,"四8,6,7(社SS 1004)","['', '', '', '678', '', '', '']",《講授類》,[],False
https://selcrs.nsysu.edu.tw/menu5/showoutline.asp?SYEAR=114&SEM=2&CrsDat=CSS165&Crsname=永續發展法制比較,,,False,社科院,CSS165,0,不分班,"永續發展法制比較
COMPARATIVE SUSTAINABLE DEVELOPMENT LAW",3,期,False,20,4,0,20,楊健弘,"五2,3,4(社SS 2011)","['', '', '', '', '234', '', '']",《講授類》,"['智慧城市與智慧運輸學程', '環境、社會及公司治理微學程']",True
https://selcrs.nsysu.edu.tw/menu5/showoutline.asp?SYEAR=114&SEM=2&CrsDat=PIS1003&Crsname=綠色創新設計,,,False,人科學程,PIS1003,2,不分班,"綠色創新設計
ECO-INNOVATIVE DESIGN",3,期,False,50,2,0,50,鄭南玉,"二5,6,7(西SW 1007)","['', '567', '', '', '', '', '']",《講授類》,"['STREAM永續發展培力微學程', '全英語通識教育菁英學程', '智慧城市與智慧運輸學程', '環境、社會及公司治理微學程']",False
https://selcrs.nsysu.edu.tw/menu5/showoutline.asp?SYEAR=114&SEM=2&CrsDat=PIS1005&Crsname=創客基礎,,,False,人科學程,PIS1005,1,不分班,"創客基礎
MAKER-BASIC",3,期,True,50,2,24,26,鄭南玉,"四5,6,7(西SW 1007)","['', '', '', '567', '', '', '']",《講授類》,"['智慧城市與智慧運輸學程', '環境、社會及公司治理微學程']",False
https://selcrs.nsysu.edu.tw/menu5/showoutline.asp?SYEAR=114&SEM=2&CrsDat=PIS1212&Crsname=虛擬實境數位內容設計,,,False,人科學程,PIS1212,1,不分班,"虛擬實境數位內容設計
VIRTUAL REALITY DIGITAL CONTENT DESIGN",3,期,False,50,2,0,50,邱日清,"四2,3,4(工EC 6016)","['', '', '', '234', '', '', '']",《講授類》,"['沉浸式體驗技術與應用學程', '音場技術與情境感受微學程', '沉浸式體驗內容應用微學程']",False
https://selcrs.nsysu.edu.tw/menu5/showoutline.asp?SYEAR=114&SEM=2&CrsDat=PIS2000&Crsname=空間調查分析與規劃,,,False,人科學程,PIS2000,2,不分班,"空間調查分析與規劃
SPATIAL INVESTIGATION, ANALYSIS AND PLANNING",3,期,False,25,1,0,25,夏晧清,"三5,6,7(西SW 1007)","['', '', '567', '', '', '', '']",《講授類》,"['智慧城市與智慧運輸學程', '都市永續規劃與管理微學程']",False
https://selcrs.nsysu.edu.tw/menu5/showoutline.asp?SYEAR=114&SEM=2&CrsDat=PIS2004&Crsname=當代社會問題與創新案例研究,,,False,人科學程,PIS2004,1,不分班,"當代社會問題與創新案例研究
STUDIES OF CONTEMPORARY  SOCIAL ISSUES AND INNOVATION CASES",3,期,True,50,5,28,22,夏晧清,"三2,3,4(西SW 1005)","['', '', '234', '', '', '', '']",《講授類》,['創新創業微學程'],False
https://selcrs.nsysu.edu.tw/menu5/showoutline.asp?SYEAR=114&SEM=2&CrsDat=PIS2005&Crsname=設計溝通與表達,,,False,人科學程,PIS2005,1,不分班,"設計溝通與表達
COMMUNICATION AND EXPRESSION THROUGH DESIGN",3,期,True,50,1,26,24,張淑美,"三5,6,7(西SW 1005)","['', '', '567', '', '', '', '']",《講授類》,"['創新創業微學程', 'STREAM永續發展培力微學程', '中文創意跨域應用整合學程']",False
https://selcrs.nsysu.edu.tw/menu5/showoutline.asp?SYEAR=114&SEM=2&CrsDat=PIS2009&Crsname=跨領域創新專題（一）,,,False,人科學程,PIS2009,2,不分班,"跨領域創新專題（一）
INDIVIDUAL STUDIES OF  CROSS-DOMAIN INNOVATION (1)",3,期,True,30,0,23,7,宋世祥,"二2,3,4(西SW 1007)","['', '234', '', '', '', '', '']",《講授類》,"['STREAM永續發展培力微學程', '社區文創微學程']",False
https://selcrs.nsysu.edu.tw/menu5/showoutline.asp?SYEAR=114&SEM=2&CrsDat=PIS2012&Crsname=關懷設計,,,False,人科學程,PIS2012,2,不分班,"關懷設計
PHILANTHROPIC DESIGN",3,期,False,25,1,0,25,張淑美,"二5,6,7(西SW 1005)","['', '567', '', '', '', '', '']",《講授類》,"['創新創業微學程', '智慧長照微學程']",False
https://selcrs.nsysu.edu.tw/menu5/showoutline.asp?SYEAR=114&SEM=2&CrsDat=PIS2014&Crsname=精實創業,,,False,人科學程,PIS2014,2,不分班,"精實創業
THE LEAN STARTUP",3,期,False,30,1,0,30,謝如梅,"二8,6,7(西SW 1003)","['', '678', '', '', '', '', '']",《講授類》,"['創新創業微學程', '永續海洋休閒運動產業學程']",False
https://selcrs.nsysu.edu.tw/menu5/showoutline.asp?SYEAR=114&SEM=2&CrsDat=PIS2016&Crsname=數位文化與人類學：理論與實踐,,,False,人科學程,PIS2016,2,不分班,"數位文化與人類學：理論與實踐
DIGITAL CULTURE AND ANTHROPOLOGY:THEORIES AND PRACTICE",3,期,False,25,0,0,25,宋世祥,"三2,3,4(西SW 1003)","['', '', '234', '', '', '', '']",《講授類》,[],False
https://selcrs.nsysu.edu.tw/menu5/showoutline.asp?SYEAR=114&SEM=2&CrsDat=PIS2017&Crsname=創意街區發展實務與藝術管理,,,False,人科學程,PIS2017,2,不分班,"創意街區發展實務與藝術管理
PRACTICE OF CREATIVE BLOCKS DEVELOPMENT AND ART MANAGEMENT",3,期,False,25,1,0,25,宋世祥,"四5,6,7(西SW 1004)","['', '', '', '567', '', '', '']",《講授類》,['社區文創微學程'],False
https://selcrs.nsysu.edu.tw/menu5/showoutline.asp?SYEAR=114&SEM=2&CrsDat=PIS2018&Crsname=創客進階,異動,更換時間1/2,False,人科學程,PIS2018,2,不分班,"創客進階
MAKER-ADVANCED",3,期,False,50,2,0,50,王兆璋,"五2,3,4(西SW 1007)","['', '', '', '', '234', '', '']",《講授類》,"['智慧城市與智慧運輸學程', '環境、社會及公司治理微學程']",False
https://selcrs.nsysu.edu.tw/menu5/showoutline.asp?SYEAR=114&SEM=2&CrsDat=PIS2028&Crsname=基礎研究方法,,,False,人科學程,PIS2028,2,不分班,"基礎研究方法
INTRODUCTION TO RESEARCH METHODS",3,期,True,50,0,25,25,"夏晧清,謝如梅","四2,3,4(西SW 1005)","['', '', '', '234', '', '', '']",《講授類》,[],False
https://selcrs.nsysu.edu.tw/menu5/showoutline.asp?SYEAR=114&SEM=2&CrsDat=PIS3003&Crsname=創新設計或創業專題（一）,,,False,人科學程,PIS3003,3,不分班,"創新設計或創業專題（一）
INDEPENDENT STUDIES IN INNOVATION AND ENTREPRENEURSHIP (1)",3,期,True,50,1,29,21,"夏晧清,宋世祥,張淑美,王兆璋,謝如梅,鄭南玉","六2,3,4(西SW 1005)","['', '', '', '', '', '234', '']",《獨立研究》,[],False
https://selcrs.nsysu.edu.tw/menu5/showoutline.asp?SYEAR=114&SEM=2&CrsDat=III1003&Crsname=世界史中的原住民,,,False,國際學士原民專班,III1003,1,不分班,"世界史中的原住民
INDIGENOUS PEOPLES IN WORLD HISTORY",3,期,True,50,0,7,43,李馨慈,"五2,3,4(通GE 3013)","['', '', '', '', '234', '', '']",《講授類》,[],False
https://selcrs.nsysu.edu.tw/menu5/showoutline.asp?SYEAR=114&SEM=2&CrsDat=III1004&Crsname=文獻分析與田野實作,,,False,國際學士原民專班,III1004,1,不分班,"文獻分析與田野實作
LITERATURE ANALYSIS AND FIELD PRACTICE",3,期,True,50,0,7,43,"李育諭,王啟仲,許家豪","四5,6,7(通GE 4020)","['', '', '', '567', '', '', '']",《講授類》,[],False
https://selcrs.nsysu.edu.tw/menu5/showoutline.asp?SYEAR=114&SEM=2&CrsDat=III1005&Crsname=社會文化分析,異動,更換時間及教室1/22,False,國際學士原民專班,III1005,1,不分班,"社會文化分析
SOCIO-CULTURAL ANALYSIS",3,期,False,20,0,0,20,王啟仲,"三5,6,7(通GE 1010)","['', '', '567', '', '', '', '']",《講授類》,"['地方敘事與文化設計微學程', '文化產業創新學程', '地方敘事與創生學程', '臺灣研究學程', '日本研究學程']",False
https://selcrs.nsysu.edu.tw/menu5/showoutline.asp?SYEAR=114&SEM=2&CrsDat=III1015&Crsname=科學、媒體與文化,,,False,國際學士原民專班,III1015,1,不分班,"科學、媒體與文化
SCIENCE, MEDIA, AND CULTURE",3,期,False,20,0,0,20,李育諭,"五2,3,4(通GE 1008)","['', '', '', '', '234', '', '']",《講授類》,"['文化產業創新學程', '臺灣研究學程', '地方發展與永續農業微學程']",False
https://selcrs.nsysu.edu.tw/menu5/showoutline.asp?SYEAR=114&SEM=2&CrsDat=III1016&Crsname=台灣政經發展,,,False,國際學士原民專班,III1016,1,不分班,"台灣政經發展
POLITICAL AND ECONOMIC DEVELOPMENT IN TAIWAN",3,期,False,20,1,0,20,許家豪,"二8,6,7(海ME 3006)","['', '678', '', '', '', '', '']",《講授類》,['臺灣研究學程'],True
https://selcrs.nsysu.edu.tw/menu5/showoutline.asp?SYEAR=114&SEM=2&CrsDat=III1017&Crsname=歧視、偏見與社會正義,,,False,國際學士原民專班,III1017,1,不分班,"歧視、偏見與社會正義
DISCRIMINATION, BIAS AND SOCIAL JUSTICE",3,期,False,20,2,0,20,許家豪,"二2,3,4(海ME 3006)","['', '234', '', '', '', '', '']",《講授類》,[],False
https://selcrs.nsysu.edu.tw/menu5/showoutline.asp?SYEAR=114&SEM=2&CrsDat=III1018&Crsname=繪本藝術與創意實踐,,,False,國際學士原民專班,III1018,1,不分班,"繪本藝術與創意實踐
PICTURE BOOK ART AND CREATIVE PRACTICE",3,期,False,20,1,0,20,黃郁晴,"一5,6,7(西SW 1005)","['567', '', '', '', '', '', '']",《講授類》,[],False
https://selcrs.nsysu.edu.tw/menu5/showoutline.asp?SYEAR=114&SEM=2&CrsDat=DPBM102&Crsname=程式設計,,,False,後醫學系,DPBM102,1,不分班,"程式設計
PROGRAMING LANGUAGE",2,期,False,50,1,0,50,于松桓,"三3,4(PC 01電腦教室)","['', '', '34', '', '', '', '']","《講授類》
限後醫系修習",['金融工程學程'],False
https://selcrs.nsysu.edu.tw/menu5/showoutline.asp?SYEAR=114&SEM=2&CrsDat=DPBM108&Crsname=臨床技能（一）,,,False,後醫學系,DPBM108,1,不分班,"臨床技能（一）
MEDICAL SKILL TRAINING PROGRAM(I)",0.5,年,True,23,0,18,5,"待聘,楊昭輝,王慧婷,莊蕙青,黃麗珊",,"['345678', '', '', '', '234', '', '']","《醫學類》
限後醫系修習",[],False
https://selcrs.nsysu.edu.tw/menu5/showoutline.asp?SYEAR=114&SEM=2&CrsDat=DPBM126&Crsname=醫學影像學原理,異動,更換部份時間1/15,False,後醫學系,DPBM126,1,不分班,"醫學影像學原理
MEDICAL IMAGING",0.5,期,True,50,0,18,32,"林偉哲,陳德全,陳盟翔",,"['', '', '256', '', '56', '', '']","《醫學類》
限後醫系修習",[],False
https://selcrs.nsysu.edu.tw/menu5/showoutline.asp?SYEAR=114&SEM=2&CrsDat=DPBM134&Crsname=肌肉骨骼皮膚系統基礎醫學,,,False,後醫學系,DPBM134,1,不分班,"肌肉骨骼皮膚系統基礎醫學
THE BASIC MEDICAL SCIENCE OF MUSCULOSKELETAL, INTEGUMENT SYSTEMS",3,期,True,50,0,18,32,"劉勃佑,呂穎怡,廖嘉賓,柯瓊媛,柯翠玲,王文宏,葉明倫,詹佳穎,趙敏吾,鄭雅勻",,"['1234567', '12345678', '3467', '23456', '345', '', '']","《醫學類》
限後醫系修習",[],False
https://selcrs.nsysu.edu.tw/menu5/showoutline.asp?SYEAR=114&SEM=2&CrsDat=DPBM135&Crsname=肌肉骨骼皮膚系統臨床醫學,異動,更換教師授課1/28,False,後醫學系,DPBM135,1,不分班,"肌肉骨骼皮膚系統臨床醫學
CLINICAL MEDICINE OF MUSCULOSKELETAL, INTEGUMENT SYSTEMS",2,期,True,50,0,18,32,"劉文忠,呂穎怡,唐逸文,待聘,林尚宏,楊善為,許建仁,陳俊宇,黃麗珊",,"['2345678', '345678', '34', '56', '1234678', '', '']","《醫學類》
限後醫系修習",[],False
https://selcrs.nsysu.edu.tw/menu5/showoutline.asp?SYEAR=114&SEM=2&CrsDat=DPBM136&Crsname=神經系統基礎醫學,異動,更換部份時間1/13,False,後醫學系,DPBM136,1,不分班,"神經系統基礎醫學
THE BASIC MEDICAL SCIENCE OF NERVOUS SYSTEM",2,期,True,50,0,18,32,"劉勃佑,劉婷婷,李昇翰,柯瓊媛,王文宏,甘祐瑜,趙敏吾,陳彥樺",,"['', '345678', '67', '78', '2345678', '', '']","《醫學類》
限後醫系修習",[],False
https://selcrs.nsysu.edu.tw/menu5/showoutline.asp?SYEAR=114&SEM=2&CrsDat=DPBM137&Crsname=神經系統臨床醫學,異動,更換部份教師1/28,False,後醫學系,DPBM137,1,不分班,"神經系統臨床醫學
CLINICAL MEDICINE OF NERVOUS SYSTEM",2,期,True,50,0,18,32,"柯瓊媛,王慧婷,謝孟倉,趙敏吾,陳淑芳,陳秀玲",,"['34', '23456789', '67', '1278', '234', '', '']","《醫學類》
限後醫系修習",[],False
https://selcrs.nsysu.edu.tw/menu5/showoutline.asp?SYEAR=114&SEM=2&CrsDat=DPBM138&Crsname=特殊感官系統基礎醫學,,,False,後醫學系,DPBM138,1,不分班,"特殊感官系統基礎醫學
THE BASIC MEDICAL SCIENCE OF SENSORY SYSTEM",1,期,True,50,0,18,32,"劉勃佑,柯瓊媛,甘祐瑜,趙敏吾",,"['13567', '3456', '', '2', '345678', '', '']","《醫學類》
限後醫系修習",[],False
https://selcrs.nsysu.edu.tw/menu5/showoutline.asp?SYEAR=114&SEM=2&CrsDat=DPBM139&Crsname=特殊感官系統臨床醫學,異動,確認教師1/20,False,後醫學系,DPBM139,1,不分班,"特殊感官系統臨床醫學
CLINICAL MEDICINE OF SENSORY SYSTEM",1,期,True,50,0,18,32,"張瑋婷,方博炯,林右才,趙敏吾,郭錫恭",,"['23478', '5678', '', '78', '', '', '']","《醫學類》
限後醫系修習",[],False
https://selcrs.nsysu.edu.tw/menu5/showoutline.asp?SYEAR=114&SEM=2&CrsDat=DPBM140&Crsname=精神與心理,,,False,後醫學系,DPBM140,1,不分班,"精神與心理
PSYCHIATRY AND PSYCHOPHARMACOLOGY",1.5,期,True,50,0,18,32,"待聘,柯瓊媛,王亮人,趙敏吾",,"['1234789', '123456', '', '78', '45678', '', '']","《醫學類》
限後醫系修習",[],False
https://selcrs.nsysu.edu.tw/menu5/showoutline.asp?SYEAR=114&SEM=2&CrsDat=DPBM141&Crsname=溝通與專業素養（二）,異動,更換部份時間1/8,False,後醫學系,DPBM141,1,不分班,"溝通與專業素養（二）
COMMUNICATION AND PROFESSIONALISM (II)",0.5,期,True,50,0,18,32,陳德全,,"['678', '234678', '', '', '', '', '']","《醫學類》
限後醫系修習",[],False
https://selcrs.nsysu.edu.tw/menu5/showoutline.asp?SYEAR=114&SEM=2&CrsDat=DPBM142&Crsname=偏鄉服務學習,,,False,後醫學系,DPBM142,1,不分班,"偏鄉服務學習
RURAL SERVICE LEARNING",0,期,True,50,0,18,32,劉勃佑,,"['123456789', '', '', '', '', '', '123456789']","《服務學習類》
限後醫系修習",[],False
https://selcrs.nsysu.edu.tw/menu5/showoutline.asp?SYEAR=114&SEM=2&CrsDat=DPBM143&Crsname=公共衛生與流行病學,,,False,後醫學系,DPBM143,1,不分班,"公共衛生與流行病學
PUBLIC HEALTH AND EPIDEMIOLOGY",2,期,True,50,0,18,32,"李昇翰,鄭雅勻",,"['567', '234', '67', '5678', '2345678', '', '']","《醫學類》
限後醫系修習",[],False
https://selcrs.nsysu.edu.tw/menu5/showoutline.asp?SYEAR=114&SEM=2&CrsDat=DPBM144&Crsname=生物統計,異動,更換教室1/5,False,後醫學系,DPBM144,1,不分班,"生物統計
BIOSTATISTICS",2,期,True,50,0,18,32,鄭雅勻,,"['', '', '', '34', '', '', '']","《醫學類》
限後醫系修習",[],False
https://selcrs.nsysu.edu.tw/menu5/showoutline.asp?SYEAR=114&SEM=2&CrsDat=DPBM146&Crsname=創新科技與健康照護,,,False,後醫學系,DPBM146,1,不分班,"創新科技與健康照護
INNOVATIVE TECHNOLOGIES IN HEALTHCARE",2,期,True,50,0,18,32,莊承鑫,,"['5678', '', '', '56', '', '', '']","《演講/參訪》
限後醫系修習",['智慧長照微學程'],False
https://selcrs.nsysu.edu.tw/menu5/showoutline.asp?SYEAR=114&SEM=2&CrsDat=DPBM147&Crsname=生命教育,異動,更換部份時間1/13,False,後醫學系,DPBM147,1,不分班,"生命教育
LIFE EDUCATION",1,期,True,50,0,18,32,楊婉儀,,"['', '', '56', '78', '', '', '']","《講授類》
限後醫系修習",[],False
https://selcrs.nsysu.edu.tw/menu5/showoutline.asp?SYEAR=114&SEM=2&CrsDat=DPBM148&Crsname=代謝體學與生醫應用,,,False,後醫學系,DPBM148,1,不分班,"代謝體學與生醫應用
METABOLOMICS AND BIOMEDICAL APPLICATION",2,期,False,50,0,0,50,李昇翰,"三3,4(醫IL 9015室)","['', '', '34', '', '', '', '']","《講授類》
限後醫系修習",[],True
https://selcrs.nsysu.edu.tw/menu5/showoutline.asp?SYEAR=114&SEM=2&CrsDat=DPBM149&Crsname=生醫諾貝爾獎的榮耀與遺珠,,,False,後醫學系,DPBM149,1,不分班,"生醫諾貝爾獎的榮耀與遺珠
THE GLORY AND LEGACY OF THE NOBEL PRIZE IN BIOMEDICINE",3,期,False,50,2,0,50,陳彥樺,"三2,3,4(醫IL 9016室)","['', '', '234', '', '', '', '']","《講授類》
限後醫系修習",[],True
https://selcrs.nsysu.edu.tw/menu5/showoutline.asp?SYEAR=114&SEM=2&CrsDat=DPBM209&Crsname=臨床技能（三）,,,False,後醫學系,DPBM209,2,不分班,"臨床技能（三）
MEDICAL SKILL TRAINING PROGRAM(III)",1,期,True,50,0,21,29,"待聘,王慧婷",,"['234567', '12345678', '', '', '5678', '', '']","《醫學類》
限後醫系修習",[],False
https://selcrs.nsysu.edu.tw/menu5/showoutline.asp?SYEAR=114&SEM=2&CrsDat=DPBM210&Crsname=溝通與專業素養（四）,,,False,後醫學系,DPBM210,2,不分班,"溝通與專業素養（四）
COMMUNICATION AND PROFESSIONALISM(IV)",1,期,True,50,0,21,29,陳德全,,"['678', '2346789', '234', '', '', '', '']","《醫學類》
限後醫系修習",[],False
https://selcrs.nsysu.edu.tw/menu5/showoutline.asp?SYEAR=114&SEM=2&CrsDat=DPBM222&Crsname=照護科技跨域專題（二）,,,False,後醫學系,DPBM222,2,不分班,"照護科技跨域專題（二）
INDEPENDENT STUDIES IN INNOVATIVE TECHNOLOGIES FOR HEALTHCARE (II)",1,期,True,50,0,5,45,莊承鑫,,"['', '', '12', '', '', '', '']","《獨立研究》
限後醫系修習",[],False
https://selcrs.nsysu.edu.tw/menu5/showoutline.asp?SYEAR=114&SEM=2&CrsDat=DPBM223&Crsname=新陳代謝與內分泌基礎醫學,,,False,後醫學系,DPBM223,2,不分班,"新陳代謝與內分泌基礎醫學
THE BASIC MEDICAL SCIENCES OF REPRODUCTIVE BIOLOGY AND ENDOCRINOLOGY",2,期,True,50,0,21,29,"廖嘉賓,李昇翰,柯瓊媛,柯翠玲,葉明倫,趙敏吾,陳亮傑",,"['2345678', '345678', '567', '234567', '23567', '', '']","《醫學類》
限後醫系修習",[],False
https://selcrs.nsysu.edu.tw/menu5/showoutline.asp?SYEAR=114&SEM=2&CrsDat=DPBM224&Crsname=新陳代謝與內分泌臨床醫學,異動,異動部份教師1/27,False,後醫學系,DPBM224,2,不分班,"新陳代謝與內分泌臨床醫學
CLINICAL MEDICINE OF REPRODUCTIVE BIOLOGY AND ENDOCRINOLOGY",2,期,True,50,0,21,29,"待聘,陳建良,陳秀玲",,"['23456789', '2345678', '4567', '', '234567', '', '']","《醫學類》
限後醫系修習",[],False
https://selcrs.nsysu.edu.tw/menu5/showoutline.asp?SYEAR=114&SEM=2&CrsDat=DPBM225&Crsname=生殖與遺傳基礎醫學,異動,更換部分教師1/28,False,後醫學系,DPBM225,2,不分班,"生殖與遺傳基礎醫學
THE BASIC MEDICAL SCIENCE OF REPRODICTIVE BIOLOGY AND GENETICS",2,期,True,50,0,21,29,"劉勃佑,廖嘉賓,待聘,李昇翰,柯瓊媛,甘祐瑜,陳亮傑,陳彥樺",,"['23456', '23456', '234567', '234567', '345678', '', '']","《醫學類》
限後醫系修習",[],False
https://selcrs.nsysu.edu.tw/menu5/showoutline.asp?SYEAR=114&SEM=2&CrsDat=DPBM226&Crsname=生殖與遺傳臨床醫學,異動,更換部份教師1/27,False,後醫學系,DPBM226,2,不分班,"生殖與遺傳臨床醫學
CLINICAL MEDICINE OF REPRODICTIVE BIOLOGY AND GENETICS",2,期,True,50,0,21,29,"劉文雄,待聘,李如悅,林立德,王慧婷,陳三農",,"['234567', '2345679', '67', '23478', '567', '', '']","《講授類》
限後醫系修習",[],False
https://selcrs.nsysu.edu.tw/menu5/showoutline.asp?SYEAR=114&SEM=2&CrsDat=DPBM227&Crsname=成長與兒童醫學基礎醫學,異動,更換部份教師2/2,False,後醫學系,DPBM227,2,不分班,"成長與兒童醫學基礎醫學
THE BASIC MEDICAL SCIENCE OF DEVELOPMENT AND PEDIATRICS",2,期,True,50,0,21,29,"劉婷婷,待聘,鄭雅勻,陳亮傑,陳彥樺",,"['2356', '23456', '56', '23456789', '23467', '', '']","《醫學類》
限後醫系修習",[],False
https://selcrs.nsysu.edu.tw/menu5/showoutline.asp?SYEAR=114&SEM=2&CrsDat=DPBM228&Crsname=成長與兒童醫學臨床醫學,異動,更換部份教師1/28,False,後醫學系,DPBM228,2,不分班,"成長與兒童醫學臨床醫學
CLINICAL MEDICINE OF DEVELOPMENT AND PEDIATRICS",2,期,True,50,0,21,29,"刁茂盟,待聘,林盈瑞,洪碧蓮,蕭志誠,郭光哲,陳建良,陳志誠,陳昱潔,黃新純",,"['235678', '2356', '56', '2356', '123456', '', '']","《醫學類》
限後醫系修習",[],False
https://selcrs.nsysu.edu.tw/menu5/showoutline.asp?SYEAR=114&SEM=2&CrsDat=DPBM229&Crsname=老化與高齡醫學基礎醫學,異動,更換部份教師2/2,False,後醫學系,DPBM229,2,不分班,"老化與高齡醫學基礎醫學
THE BASIC MEDICAL SCIENCE OF GERIATRICS AND GERONTOLOGY",2,期,True,50,0,21,29,"待聘,柯瓊媛,甘祐瑜,葉明倫,鄭雅勻,陳亮傑",,"['12346789', '34', '567', '12345678', '345678', '', '']","《醫學類》
限後醫系修習",[],False
https://selcrs.nsysu.edu.tw/menu5/showoutline.asp?SYEAR=114&SEM=2&CrsDat=DPBM230&Crsname=老化與高齡醫學臨床醫學,異動,異動部份教師1/28,False,後醫學系,DPBM230,2,不分班,"老化與高齡醫學臨床醫學
CLINICAL MEDICINE OF GERIATRICS AND GERONTOLOGY",2,期,True,50,0,21,29,"劉亦修,周明岳,待聘,徐盈欣,林育德,梁志光,王郁鈞,郭書宏,陳如意",,"['1234567', '235678', '567', '45678', '6789', '', '']","《醫學類》
限後醫系修習",[],False
https://selcrs.nsysu.edu.tw/menu5/showoutline.asp?SYEAR=114&SEM=2&CrsDat=DPBM231&Crsname=家庭、社區、預防與偏鄉醫療實務,異動,更換部份教師1/28,False,後醫學系,DPBM231,2,不分班,"家庭、社區、預防與偏鄉醫療實務
FAMILY MEDICINE, COMMUNITY MEDICINE, PREVENTIVE MEDICINE AND  MEDICAL CARE IN THE REMOTE AREAS",2,期,True,50,0,21,29,"待聘,鄭雅勻,陳德全,駱聰成",,"['234', '9', '567', '1234567', '12345678', '', '']","《醫學類》
限後醫系修習",[],False
https://selcrs.nsysu.edu.tw/menu5/showoutline.asp?SYEAR=114&SEM=2&CrsDat=DPBM232&Crsname=醫學與分子病毒學特論,,,False,後醫學系,DPBM232,2,不分班,"醫學與分子病毒學特論
ADVANCED TOPICS IN MEDICAL AND MOLECULAR VIROLOGY",2,期,False,50,0,0,50,王文宏,三3(醫IL 9017室) 四4(醫IL 9017室),"['', '', '3', '4', '', '', '']","《講授類》
限後醫系修習",[],True
https://selcrs.nsysu.edu.tw/menu5/showoutline.asp?SYEAR=114&SEM=2&CrsDat=DPBM233&Crsname=藥物研發與開發,,,False,後醫學系,DPBM233,2,不分班,"藥物研發與開發
DRUG DISCOVERY AND DEVELOPMENT",2,期,False,50,1,0,50,趙敏吾,"三3,4(醫IL 9024室)","['', '', '34', '', '', '', '']","《講授類》
限後醫系修習",[],True
https://selcrs.nsysu.edu.tw/menu5/showoutline.asp?SYEAR=114&SEM=2&CrsDat=DPBM234&Crsname=實用流行病學與研究設計方法論,,,False,後醫學系,DPBM234,0,不分班,"實用流行病學與研究設計方法論
APPLIED EPIDEMIOLOGY AND RESEARCH DESIGN METHODOLOGY",2,期,False,50,5,0,50,鄭雅勻,"三3,4(醫IL 9023室)","['', '', '34', '', '', '', '']","《講授類》
限後醫系修習",[],True
https://selcrs.nsysu.edu.tw/menu5/showoutline.asp?SYEAR=114&SEM=2&CrsDat=DPBM313&Crsname=溝通與專業素養（五）,異動,更換教室1/5,False,後醫學系,DPBM313,3,不分班,"溝通與專業素養（五）
COMMUNICATION AND PROFESSIONALISM(V)",1,期,True,50,0,22,28,陳德全,,"['234678', '678', '234', '', '', '', '']","《醫學類》
限後醫系修習",[],False
https://selcrs.nsysu.edu.tw/menu5/showoutline.asp?SYEAR=114&SEM=2&CrsDat=DPBM326&Crsname=法醫學,異動,更換教師1/28,False,後醫學系,DPBM326,3,不分班,"法醫學
FORENSIC MEDICINE",0.5,期,True,50,0,22,28,待聘,,"['', '123456', '345', '', '', '', '']","《醫學類》
限後醫系修習",[],False
https://selcrs.nsysu.edu.tw/menu5/showoutline.asp?SYEAR=114&SEM=2&CrsDat=DPBM327&Crsname=口腔醫學概論,異動,更換老師1/28,False,後醫學系,DPBM327,3,不分班,"口腔醫學概論
DENTAL MEDICINE INTRODUCTION",0.5,期,True,50,0,22,28,待聘,,"['', '12345678', '', '', '', '', '']","《醫學類》
限後醫系修習",[],False
https://selcrs.nsysu.edu.tw/menu5/showoutline.asp?SYEAR=114&SEM=2&CrsDat=DPBM408&Crsname=臨床技能（五）,,,False,後醫學系,DPBM408,4,不分班,"臨床技能（五）
MEDICAL SKILL TRAINING PROGRAM(V)",1,年,True,50,0,23,27,王慧婷,,"['', '', '', '', '', '123456789', '123456789']","《醫學類》
限後醫系學生修課",[],False
https://selcrs.nsysu.edu.tw/menu5/showoutline.asp?SYEAR=114&SEM=2&CrsDat=DPBM411&Crsname=醫學資訊、實證醫學與研究（六）,異動,更換教師1/28,False,後醫學系,DPBM411,4,不分班,"醫學資訊、實證醫學與研究（六）
MEDICAL INFORMATION, EVIDENCE-BASED MEDICINE AND RESEARCH(VI)",1,期,True,50,0,23,27,待聘,,"['', '', '', '', '', '123456789', '123456789']","《醫學類》
限後醫系修習",[],False
https://selcrs.nsysu.edu.tw/menu5/showoutline.asp?SYEAR=114&SEM=2&CrsDat=DPBM412&Crsname=溝通與專業素養（八）,,,False,後醫學系,DPBM412,4,不分班,"溝通與專業素養（八）
COMMUNICATION AND PROFESSIONALISM(VIII)",1,期,True,50,0,23,27,陳德全,,"['', '', '', '', '', '123456789', '123456789']","《醫學類》
限後醫系修習",[],False
https://selcrs.nsysu.edu.tw/menu5/showoutline.asp?SYEAR=114&SEM=2&CrsDat=BMST105&Crsname=普通化學,,,False,生醫科技系,BMST105,1,全英班,"普通化學
GENERAL CHEMISTRY",3,期,True,50,2,34,16,楊佳寧,"三2,3,4(醫IL 3013)","['', '', '234', '', '', '', '']",《講授類》,[],True
https://selcrs.nsysu.edu.tw/menu5/showoutline.asp?SYEAR=114&SEM=2&CrsDat=BMST106&Crsname=普通化學實驗,,,False,生醫科技系,BMST106,1,全英班,"普通化學實驗
GENERAL CHEMISTRY LABORATORY",1,期,True,50,1,33,17,王志偉,"四2,3,4(理SC 4019)(實驗)","['', '', '', '234', '', '', '']","《實驗類》
課程需實作，學生自備實驗衣、護目鏡。",[],True
https://selcrs.nsysu.edu.tw/menu5/showoutline.asp?SYEAR=114&SEM=2&CrsDat=BMST107&Crsname=微積分（二）,,,False,生醫科技系,BMST107,1,全英班,"微積分（二）
CALCULUS（Ⅱ）",3,期,True,50,1,33,17,余冠儒,"五2,3,4(理SC 1005)","['', '', '', '', '234', '', '']",《講授類》,['人工智慧與數學學程'],True
https://selcrs.nsysu.edu.tw/menu5/showoutline.asp?SYEAR=114&SEM=2&CrsDat=BMST108&Crsname=程式語言,,,False,生醫科技系,BMST108,1,全英班,"程式語言
PROGRAMMING LANGUAGE",3,期,True,50,1,33,17,巫建興,"一5,6,7(圖IL PC01)","['567', '', '', '', '', '', '']",《講授類》,[],True
https://selcrs.nsysu.edu.tw/menu5/showoutline.asp?SYEAR=114&SEM=2&CrsDat=BMST109&Crsname=生物醫學科技導論（二）,,,False,生醫科技系,BMST109,1,全英班,"生物醫學科技導論（二）
INTRODUCTION TO BIOMEDICAL SCIENCE AND TECHNOLOGY（II）",2,期,True,50,1,34,16,"巫建興,林萱文,楊仁豪,楊易軒","四5,6(醫IL 3005)","['', '', '', '56', '', '', '']",《講授類》,[],True
https://selcrs.nsysu.edu.tw/menu5/showoutline.asp?SYEAR=114&SEM=2&CrsDat=BMST206&Crsname=統計學,,,False,生醫科技系,BMST206,2,全英班,"統計學
STATISTICS",3,期,True,50,2,25,25,巫建興,"一2,3,4(圖IL PC01)","['234', '', '', '', '', '', '']",《講授類》,['金融工程學程'],True
https://selcrs.nsysu.edu.tw/menu5/showoutline.asp?SYEAR=114&SEM=2&CrsDat=BMST207&Crsname=生物化學,,,False,生醫科技系,BMST207,2,全英班,"生物化學
BIOCHEMISTRY",3,期,True,50,2,23,27,李孟娟,"五2,3,4(醫IL 3005)","['', '', '', '', '234', '', '']",《講授類》,[],True
https://selcrs.nsysu.edu.tw/menu5/showoutline.asp?SYEAR=114&SEM=2&CrsDat=BMST210&Crsname=電子電路學實驗,,,False,生醫科技系,BMST210,2,全英班,"電子電路學實驗
ELECTRONICS LABORATORY",1,期,False,50,2,0,50,巫建興,"三2,3,4(醫IL 3004)(實驗)","['', '', '234', '', '', '', '']",《實驗類》,[],True
https://selcrs.nsysu.edu.tw/menu5/showoutline.asp?SYEAR=114&SEM=2&CrsDat=BMST211&Crsname=神經科學探索,,,False,生醫科技系,BMST211,1,全英班,"神經科學探索
INTRODUCTION TO NEUROSCIENCE",3,期,False,50,8,0,50,林萱文,"一2,3,4(醫IL 3015)","['234', '', '', '', '', '', '']",《講授類》,[],False
https://selcrs.nsysu.edu.tw/menu5/showoutline.asp?SYEAR=114&SEM=2&CrsDat=BMST212&Crsname=材料力學導論,,,False,生醫科技系,BMST212,1,全英班,"材料力學導論
INTRODUCTION TO MECHANICS OF MATERIALS",3,期,False,50,1,0,50,楊易軒,"五5,6,7(醫IL 3016)","['', '', '', '', '567', '', '']",《講授類》,[],True
https://selcrs.nsysu.edu.tw/menu5/showoutline.asp?SYEAR=114&SEM=2&CrsDat=BMST213&Crsname=微生物免疫學及實驗,,,False,生醫科技系,BMST213,2,全英班,"微生物免疫學及實驗
MICROBIAL IMMUNOLOGY AND  EXPERIMENTS",3,期,False,50,5,0,50,"劉勃佑,王文宏,陳彥樺","三5,6,7(醫IL 3004)","['', '', '567', '', '', '', '']","《講授類》
部分課程需實作，學生自備實驗衣",[],False
https://selcrs.nsysu.edu.tw/menu5/showoutline.asp?SYEAR=114&SEM=2&CrsDat=BMST231&Crsname=計算機概論,,,False,生醫科技系,BMST231,1,全英班,"計算機概論
INTRODUCTION TO COMPUTER SCIENCE",3,期,False,50,5,0,50,巫建興,"三5,6,7(醫IL 3005)","['', '', '567', '', '', '', '']",《講授類》,['軟體工程學程'],False
https://selcrs.nsysu.edu.tw/menu5/showoutline.asp?SYEAR=114&SEM=2&CrsDat=BMST234&Crsname=遺傳學,,,False,生醫科技系,BMST234,2,全英班,"遺傳學
GENETICS",3,期,False,50,2,0,50,林萱文,"二2,3,4(醫IL 3015)","['', '234', '', '', '', '', '']",《講授類》,[],True
https://selcrs.nsysu.edu.tw/menu5/showoutline.asp?SYEAR=114&SEM=2&CrsDat=BMST236&Crsname=工程數學（二）,,,False,生醫科技系,BMST236,2,全英班,"工程數學（二）
ENGINEERING MATHEMATICS (II)",3,期,False,50,4,0,50,楊易軒,"四2,3,4(醫IL 3016)","['', '', '', '234', '', '', '']",《講授類》,[],True
https://selcrs.nsysu.edu.tw/menu5/showoutline.asp?SYEAR=114&SEM=2&CrsDat=BMST240&Crsname=腫瘤生物學,,,False,生醫科技系,BMST240,2,全英班,"腫瘤生物學
TUMOR BIOLOGY",3,期,False,50,2,0,50,徐志文,"二8,6,7(醫IL 3015)","['', '678', '', '', '', '', '']",《講授類》,[],False
https://selcrs.nsysu.edu.tw/menu5/showoutline.asp?SYEAR=114&SEM=2&CrsDat=BMST241&Crsname=分子生物學及實驗,,,False,生醫科技系,BMST241,2,全英班,"分子生物學及實驗
MOLECULAR BIOLOGY AND EXPERIMENTS",3,期,False,50,3,0,50,"劉勃佑,李昇翰,柯瓊媛","四5,6,7(醫IL 3004)","['', '', '', '567', '', '', '']","《講授類》
部分課程需實作，學生自備實驗衣",[],False
https://selcrs.nsysu.edu.tw/menu5/showoutline.asp?SYEAR=114&SEM=2&CrsDat=BMST322&Crsname=醫學影像處理,異動,確認教師1/21,False,生醫科技系,BMST322,2,全英班,"醫學影像處理
MEDICAL IMAGE PROCESSING",3,期,False,50,3,0,50,李唯愷,"一5,6,7(醫IL 3016)","['567', '', '', '', '', '', '']","《講授類》
部分課程需實作，建議學生自備筆電上課",[],True
https://selcrs.nsysu.edu.tw/menu5/showoutline.asp?SYEAR=114&SEM=2&CrsDat=BMST323&Crsname=醫療資訊學,異動,確認教師1/21,False,生醫科技系,BMST323,2,全英班,"醫療資訊學
BIOMEDICAL INFORMATICS",3,期,False,50,4,0,50,李唯愷,"二2,3,4(醫IL 3016)","['', '234', '', '', '', '', '']",《講授類》,[],False
https://selcrs.nsysu.edu.tw/menu5/showoutline.asp?SYEAR=114&SEM=2&CrsDat=BMST324&Crsname=蛋白質技術及應用,,,False,生醫科技系,BMST324,2,全英班,"蛋白質技術及應用
PROTEIN TECHNOLOGY AND APPLICATIONS",3,期,False,50,3,0,50,李孟娟,"一5,6,7(醫IL 3015)","['567', '', '', '', '', '', '']",《講授類》,[],True
https://selcrs.nsysu.edu.tw/menu5/showoutline.asp?SYEAR=114&SEM=2&CrsDat=NURS105&Crsname=應用病理學,,,False,護理系,NURS105,1,不分班,"應用病理學
APPLIED PATHOLOGY",2,期,True,50,0,39,11,詹佳穎,"三2,3(醫IL 3005)","['', '', '23', '', '', '', '']","《講授類》
限護理學系學生修習",[],False
https://selcrs.nsysu.edu.tw/menu5/showoutline.asp?SYEAR=114&SEM=2&CrsDat=NURS106&Crsname=微生物與免疫學之臨床應用,,,False,護理系,NURS106,1,不分班,"微生物與免疫學之臨床應用
CLINICAL APPLICATIONS OF MICROBIOLOGY AND IMMUNOLOGY",1,期,True,50,0,39,11,"王文宏,陳彥樺",一5(醫IL 3005),"['5', '', '', '', '', '', '']","《講授類》
限護理學系學生修習",[],False
https://selcrs.nsysu.edu.tw/menu5/showoutline.asp?SYEAR=114&SEM=2&CrsDat=NURS107&Crsname=藥理學與臨床應用,,,False,護理系,NURS107,1,不分班,"藥理學與臨床應用
PHARMACOLOGY AND CLINICAL APPLICATIONS",3,期,True,50,0,39,11,"趙敏吾,陳亮傑","一8,6,7(醫IL 3005)","['678', '', '', '', '', '', '']","《講授類》
限護理學系學生修習",[],False
https://selcrs.nsysu.edu.tw/menu5/showoutline.asp?SYEAR=114&SEM=2&CrsDat=NURS108&Crsname=生物統計與健康數據分析,,,False,護理系,NURS108,1,不分班,"生物統計與健康數據分析
BIOSTATISTICS AND HEALTH DATA ANALYSIS",2,期,True,50,0,39,11,鄭雅勻,"三5,6(PC 01)","['', '', '56', '', '', '', '']","《講授類》
限護理學系學生修習",[],False
https://selcrs.nsysu.edu.tw/menu5/showoutline.asp?SYEAR=114&SEM=2&CrsDat=NURS109&Crsname=創新科技與醫療照護,,,False,護理系,NURS109,1,不分班,"創新科技與醫療照護
INNOVATIVE TECHNOLOGY AND HEALTHCARE",1,期,True,50,0,39,11,葉俊吟,一4(醫IL 3005),"['4', '', '', '', '', '', '']","《講授類》
限護理學系學生修習",[],False
https://selcrs.nsysu.edu.tw/menu5/showoutline.asp?SYEAR=114&SEM=2&CrsDat=NURS111&Crsname=深睡的力量：揭開睡眠與健康的面紗,,,False,護理系,NURS111,1,不分班,"深睡的力量：揭開睡眠與健康的面紗
THE DEEP POWER OF SLEEP：UNDERSTANDING SLEEP AND HEALTH",3,期,False,20,10,0,20,陳嬿今,"三5,6,7(醫IL3013)","['', '', '567', '', '', '', '']",《講授類》,['智慧高齡生活微學程'],False
https://selcrs.nsysu.edu.tw/menu5/showoutline.asp?SYEAR=114&SEM=2&CrsDat=NURS114&Crsname=多元健康管理,,,False,護理系,NURS114,1,不分班,"多元健康管理
MULTIDIMENSIONAL HEALTH MANAGEMENT",2,期,False,25,9,0,25,郭素娥,"四8,7(醫IL3013)","['', '', '', '78', '', '', '']",《講授類》,['智慧高齡生活微學程'],True
https://selcrs.nsysu.edu.tw/menu5/showoutline.asp?SYEAR=114&SEM=2&CrsDat=NURS115&Crsname=家庭與健康,異動,變更授課方式1/15,False,護理系,NURS115,1,不分班,"家庭與健康
FAMILIES AND HEALTH",2,期,False,25,4,0,25,王美卿,"四3,4(醫IL 3013)","['', '', '', '34', '', '', '']",《講授類》,[],False
https://selcrs.nsysu.edu.tw/menu5/showoutline.asp?SYEAR=114&SEM=2&CrsDat=NURS116&Crsname=氣候變遷下的健康生活學,,,False,護理系,NURS116,1,不分班,"氣候變遷下的健康生活學
LIVING WELL IN A CHANGING CLIMATE",3,期,False,25,9,0,25,葉俊吟,"二5,6,7(醫IL3005)","['', '567', '', '', '', '', '']",《講授類》,['智慧高齡生活微學程'],True
https://selcrs.nsysu.edu.tw/menu5/showoutline.asp?SYEAR=114&SEM=2&CrsDat=NURS117&Crsname=計算機概論,,,False,護理系,NURS117,1,不分班,"計算機概論
BASIC COMPUTER CONCEPTS",2,期,False,50,6,0,50,羅珮綺,"四5,6(PC01)","['', '', '', '56', '', '', '']",《講授類》,"['智慧高齡生活微學程', '軟體工程學程']",False
https://selcrs.nsysu.edu.tw/menu5/showoutline.asp?SYEAR=114&SEM=2&CrsDat=NURS118&Crsname=跨文化照護與靈性護理,異動,修正備註說明1/20,False,護理系,NURS118,1,不分班,"跨文化照護與靈性護理
TRANSCULTURAL CARE AND SPIRITUAL NURSING",2,期,False,50,4,0,50,陳嬿今,,"['', '234567', '234567', '234567', '', '', '']","《講授類》
本課程為暑假7/5-7/20至越南移地教學及參訪，學生需自行負擔旅費一",[],True
https://selcrs.nsysu.edu.tw/menu5/showoutline.asp?SYEAR=114&SEM=2&CrsDat=MED101&Crsname=基礎生物學,,,False,醫學院,MED101,0,不分班,"基礎生物學
BASIC CONCEPTS OF BIOLOGY",2,期,False,5,0,0,5,"張玉泉,薛佑玲,鄭光宏","四8,9(通GE 1010)","['', '', '', '89', '', '', '']","《講授類》
限醫學院大學部學生修習",[],False
https://selcrs.nsysu.edu.tw/menu5/showoutline.asp?SYEAR=114&SEM=2&CrsDat=MED103&Crsname=智慧長照服務創新開發模式,,,False,醫學院,MED103,0,不分班,"智慧長照服務創新開發模式
DEVELOPMENT MODEL OF SERVICE INNOVATION FOR SMART LONG-TERM CARE",3,期,False,10,0,0,10,莊承鑫,"三5,6,7(醫IL 3017)","['', '', '567', '', '', '', '']","《講授類》
限醫學院大學部學生修習",['智慧高齡生活微學程'],False
https://selcrs.nsysu.edu.tw/menu5/showoutline.asp?SYEAR=114&SEM=2&CrsDat=MED105&Crsname=醫學史（二）-台灣醫學史,,,False,醫學院,MED105,0,不分班,"醫學史（二）-台灣醫學史
MEDICAL HISTORY (II) – HISTORY OF MEDICINE IN TAIWAN",2,期,False,10,0,0,10,劉景寬,"四8,7(國IR 4002)","['', '', '', '78', '', '', '']","《講授類》
限醫學院大學部學生修習",['日本研究學程'],False
https://selcrs.nsysu.edu.tw/menu5/showoutline.asp?SYEAR=114&SEM=2&CrsDat=MED106&Crsname=人體結構探索–初階人體解剖學,,,False,醫學院,MED106,0,不分班,"人體結構探索–初階人體解剖學
HUMAN STRUCTURE EXPLORATION-BASIC HUMAN ANATOMY",3,期,False,10,1,0,10,柯翠玲,"三2,3,4(醫IL 9012)","['', '', '234', '', '', '', '']","《講授類》
限醫學院大學部學生修習",['基礎醫學數位微學程'],False
https://selcrs.nsysu.edu.tw/menu5/showoutline.asp?SYEAR=114&SEM=2&CrsDat=MED109&Crsname=毒理學概論,,,False,醫學院,MED109,0,不分班,"毒理學概論
THE BASIC PRINCIPLE OF TOXICOLOGY",3,期,False,10,0,0,10,趙敏吾,"三5,6,7(醫IL 9012)","['', '', '567', '', '', '', '']","《講授類》
限醫學院大學部學生修習",['基礎醫學數位微學程'],False
https://selcrs.nsysu.edu.tw/menu5/showoutline.asp?SYEAR=114&SEM=2&CrsDat=MED112&Crsname=環境與職業衛生：飲食生活工作對健康的影響,,,False,醫學院,MED112,0,不分班,"環境與職業衛生：飲食生活工作對健康的影響
ENVIRONMENTAL AND OCCUPATIONAL HEALTH: HEALTH EFFECTS FROM DIET, LIFE AND WORK",3,期,False,10,0,0,10,鄭雅勻,"二8,9,7(醫IL 9012)","['', '789', '', '', '', '', '']","《講授類》
限醫學院大學部學生修習",[],False
https://selcrs.nsysu.edu.tw/menu5/showoutline.asp?SYEAR=114&SEM=2&CrsDat=MED116&Crsname=塑膠星球,,,False,醫學院,MED116,0,不分班,"塑膠星球
PLASTIC PLANET",3,期,False,10,0,0,10,李昇翰,"一8,9,7(醫IL 9010)","['789', '', '', '', '', '', '']","《講授類》
限醫學院大學部學生修習",[],False
https://selcrs.nsysu.edu.tw/menu5/showoutline.asp?SYEAR=114&SEM=2&CrsDat=MED117&Crsname=環境毒理學,,,False,醫學院,MED117,0,不分班,"環境毒理學
ENVIRONMENTAL TOXICOLOGY",2,期,False,10,0,0,10,李昇翰,"四1,2(醫IL 9012)","['', '', '', '12', '', '', '']","《講授類》
限醫學院大學部學生修習",[],False
https://selcrs.nsysu.edu.tw/menu5/showoutline.asp?SYEAR=114&SEM=2&CrsDat=MED121&Crsname=瘟疫與人類歷史,,,False,醫學院,MED121,0,不分班,"瘟疫與人類歷史
PANDEMICS AND HUMAN HISTORY",2,期,False,15,0,0,15,王文宏,"四5,6(醫IL 9012)","['', '', '', '56', '', '', '']","《講授類》
限醫學院大學部學生修習",['基礎醫學數位微學程'],False
https://selcrs.nsysu.edu.tw/menu5/showoutline.asp?SYEAR=114&SEM=2&CrsDat=MED125&Crsname=醫用微生物學概論,,,False,醫學院,MED125,0,不分班,"醫用微生物學概論
BASIC MEDICAL MICROBIOLOGY",3,期,False,20,0,0,20,陳彥樺,"一8,9,7(醫IL 9012)","['789', '', '', '', '', '', '']","《講授類》
限醫學院大學部學生修習",['基礎醫學數位微學程'],False
https://selcrs.nsysu.edu.tw/menu5/showoutline.asp?SYEAR=114&SEM=2&CrsDat=MED128&Crsname=神經科學應用概論,,,False,醫學院,MED128,0,不分班,"神經科學應用概論
INTRODUCTION OF NEUROSCIENCE AND APPLICATION",2,期,False,20,0,0,20,柯瓊媛,"一5,6(醫IL 9012)","['56', '', '', '', '', '', '']","《講授類》
限醫學院大學部學生修習",['基礎醫學數位微學程'],False
https://selcrs.nsysu.edu.tw/menu5/showoutline.asp?SYEAR=114&SEM=2&CrsDat=MED129&Crsname=基礎外傷急救,,,False,醫學院,MED129,0,不分班,"基礎外傷急救
BASICS OF TRAUMA CARE",2,期,False,5,0,0,5,唐逸文,"一5,6(醫IL 9010)","['56', '', '', '', '', '', '']","《講授類》
限醫學院大學部學生修習","['基礎醫學數位微學程', '全民國防微學程']",False
https://selcrs.nsysu.edu.tw/menu5/showoutline.asp?SYEAR=114&SEM=2&CrsDat=MED136&Crsname=生物資訊初探,,,False,醫學院,MED136,0,不分班,"生物資訊初探
INTRODUCTION TO BIOINFORMATICS",2,期,False,20,0,0,20,陳彥樺,"二3,4(圖IL PC01)","['', '34', '', '', '', '', '']","《講授類》
限醫學院大學部學生修習",[],False
https://selcrs.nsysu.edu.tw/menu5/showoutline.asp?SYEAR=114&SEM=2&CrsDat=MED140&Crsname=展示我們的健康-醫學與博物館學,,,False,醫學院,MED140,0,不分班,"展示我們的健康-醫學與博物館學
MEDICINE AND MUSEOLOGY: EXHIBITING THE HEALTH",2,期,False,20,0,0,20,劉勃佑,"二5,6(醫IL 9012)","['', '56', '', '', '', '', '']","《講授類》
限醫學院大學部學生修習",[],False
https://selcrs.nsysu.edu.tw/menu5/showoutline.asp?SYEAR=114&SEM=2&CrsDat=MED149&Crsname=基礎生物醫學技術與應用,,,False,醫學院,MED149,0,不分班,"基礎生物醫學技術與應用
BASICS OF BIOMEDICAL TECHNOLOGY AND APPLICATIONS",2,期,False,10,0,0,10,李昇翰,"二8,7(醫IL 9010)","['', '78', '', '', '', '', '']","《講授類》
限醫學院大學部學生修習",['基礎醫學數位微學程'],False
https://selcrs.nsysu.edu.tw/menu5/showoutline.asp?SYEAR=114&SEM=2&CrsDat=MED151&Crsname=藥物獵人：天然物與藥物化學,,,False,醫學院,MED151,0,不分班,"藥物獵人：天然物與藥物化學
THE DRUG HUNTER: NATURAL PRODUCTS AND MEDICINAL CHEMISTRY",3,期,False,20,0,0,20,陳亮傑,"三5,6,7(醫IL 9010)","['', '', '567', '', '', '', '']","《講授類》
限醫學院大學部學生修習",['基礎醫學數位微學程'],False
https://selcrs.nsysu.edu.tw/menu5/showoutline.asp?SYEAR=114&SEM=2&CrsDat=MED153&Crsname=神經心理學：大腦與情緒,,,False,醫學院,MED153,0,不分班,"神經心理學：大腦與情緒
NEUROPSYCHOLOGY: THE BRAIN AND EMOTIONS",3,期,False,10,0,0,10,楊仁豪,"五8,6,7(國IR 4002)","['', '', '', '', '678', '', '']","《講授類》
限醫學院大學部學生修習","['基礎醫學數位微學程', '音樂與高齡照護學程', '表達性藝術治療學程']",True
https://selcrs.nsysu.edu.tw/menu5/showoutline.asp?SYEAR=114&SEM=2&CrsDat=MED161&Crsname=生命的奈米世界：初階細胞生物學,,,False,醫學院,MED161,0,不分班,"生命的奈米世界：初階細胞生物學
THE NANOWORLD OF LIFE: BASIC CELL BIOLOGY",2,期,False,20,0,0,20,柯瓊媛,"二5,6(醫IL 9010)","['', '56', '', '', '', '', '']","《講授類》
限醫學院大學部學生修習",['基礎醫學數位微學程'],False
https://selcrs.nsysu.edu.tw/menu5/showoutline.asp?SYEAR=114&SEM=2&CrsDat=MED168&Crsname=中醫暨整合醫學,,,False,醫學院,MED168,0,不分班,"中醫暨整合醫學
CHINESE AND INTEGRATIVE MEDICINE",2,期,False,20,1,0,20,"張嘉祐,謝孟倉,陳貞吟","四3,4(醫IL 9012)","['', '', '', '34', '', '', '']","《講授類》
限醫學院大學部學生修習",[],False
https://selcrs.nsysu.edu.tw/menu5/showoutline.asp?SYEAR=114&SEM=2&CrsDat=CL505&Crsname=專題研究,,,False,中文碩,CL505,0,不分班,"專題研究
INDEPENDENT STUDIES",1,期,False,50,1,0,50,林芷瑩,一8(文LA 6048),"['8', '', '', '', '', '', '']",《獨立研究》,[],False
https://selcrs.nsysu.edu.tw/menu5/showoutline.asp?SYEAR=114&SEM=2&CrsDat=CL528&Crsname=自然詩學專題,,,False,中文碩,CL528,0,不分班,"自然詩學專題
SEMINAR ON NATURE POETRY",3,期,False,50,4,0,50,林孜曄,"三5,6,7(文LA 4014)","['', '', '567', '', '', '', '']",《講授類》,[],False
https://selcrs.nsysu.edu.tw/menu5/showoutline.asp?SYEAR=114&SEM=2&CrsDat=CL534&Crsname=當代戲曲討論,,,False,中文碩,CL534,0,不分班,"當代戲曲討論
DISCUSSION ON MODERN CHINESE DRAMA",3,期,False,50,1,0,50,林芷瑩,"二2,3,4(文LA 4013)","['', '234', '', '', '', '', '']",《講授類》,[],False
https://selcrs.nsysu.edu.tw/menu5/showoutline.asp?SYEAR=114&SEM=2&CrsDat=CL535&Crsname=臺灣當代文學研究（二）,,,False,中文碩,CL535,0,不分班,"臺灣當代文學研究（二）
CONTEMPORARY TAIWAN LITERATURE STUDIES (II)",3,期,False,50,2,0,50,黃資婷,"四5,6,7(文LA 4013)","['', '', '', '567', '', '', '']",《講授類》,[],False
https://selcrs.nsysu.edu.tw/menu5/showoutline.asp?SYEAR=114&SEM=2&CrsDat=CL538&Crsname=華語電影的理論與實踐及其與文學的關係,,,False,中文碩,CL538,0,不分班,"華語電影的理論與實踐及其與文學的關係
THEORY AND PRACTICE OF SINOPHONE CINEMA AND ITS RELATION TO LITERATURE",3,期,False,50,4,0,50,何重誼,"三2,3,4(文LA 4013)","['', '', '234', '', '', '', '']",《講授類》,[],False
https://selcrs.nsysu.edu.tw/menu5/showoutline.asp?SYEAR=114&SEM=2&CrsDat=CL639&Crsname=唐宋思想史,,,False,中文碩,CL639,0,不分班,"唐宋思想史
INTELLECTUAL HISTORY OF THE TANG AND SONG DYNASTIES",3,期,False,50,6,0,50,江政寬,"四2,3,4(文LA 4012)","['', '', '', '234', '', '', '']","《講授類》
限碩博士研究生選修",[],False
https://selcrs.nsysu.edu.tw/menu5/showoutline.asp?SYEAR=114&SEM=2&CrsDat=DFLL502&Crsname=文學評論與研究方法,,,True,外文碩,DFLL502,1,不分班,"文學評論與研究方法
LITERARY THEORY AND RESEARCH METHODS",3,期,True,50,1,0,50,林毓凱,"三2,3,4(文LA 3018)","['', '', '234', '', '', '', '']",《講授類》,[],False
https://selcrs.nsysu.edu.tw/menu5/showoutline.asp?SYEAR=114&SEM=2&CrsDat=DFLL612&Crsname=十九世紀英國小說,,,False,外文碩,DFLL612,0,不分班,"十九世紀英國小說
19TH CENTURY BRITISH FICTION",3,期,False,50,2,0,50,賴淑芳,"二5,6,7(文LA 3018)","['', '567', '', '', '', '', '']",《講授類》,[],True
https://selcrs.nsysu.edu.tw/menu5/showoutline.asp?SYEAR=114&SEM=2&CrsDat=DFLL620&Crsname=早期美國文學,,,False,外文碩,DFLL620,0,不分班,"早期美國文學
EARLY AMRICAN LITERATURE",3,期,False,50,1,0,50,盧莉茹,"四2,3,4(文LA 2003)","['', '', '', '234', '', '', '']",《講授類》,[],True
https://selcrs.nsysu.edu.tw/menu5/showoutline.asp?SYEAR=114&SEM=2&CrsDat=DFLL621&Crsname=二十世紀美國戲劇,,,False,外文碩,DFLL621,0,不分班,"二十世紀美國戲劇
20TH CENTURY AMERICAN DRAMA",3,期,False,50,2,0,50,范澤凱,"五2,3,4(文LA 3018)","['', '', '', '', '234', '', '']",《講授類》,[],True
https://selcrs.nsysu.edu.tw/menu5/showoutline.asp?SYEAR=114&SEM=2&CrsDat=DFLL667&Crsname=語言測驗,,,False,外文碩,DFLL667,0,不分班,"語言測驗
LANGUAGE TESTING",3,期,False,50,4,0,50,施智閔,"五5,6,7(文LA 3017)","['', '', '', '', '567', '', '']",《講授類》,[],True
https://selcrs.nsysu.edu.tw/menu5/showoutline.asp?SYEAR=114&SEM=2&CrsDat=DFLL668&Crsname=跨文化溝通,,,False,外文碩,DFLL668,0,不分班,"跨文化溝通
INTERCULTURAL COMMUNICATION",3,期,False,50,6,0,50,黃舒屏,"二2,3,4(文LA 3017)","['', '234', '', '', '', '', '']",《講授類》,['全球半導體經營管理微學程'],True
https://selcrs.nsysu.edu.tw/menu5/showoutline.asp?SYEAR=114&SEM=2&CrsDat=DFLL670&Crsname=漢英比較句法,新增,1/7,False,外文碩,DFLL670,0,不分班,"漢英比較句法
COMPARATIVE SYNTAX OF CHINESE AND ENGLISH",3,期,False,50,4,0,50,徐淑瑛,"三2,3,4(文LA 3017)","['', '', '234', '', '', '', '']",《講授類》,[],True
https://selcrs.nsysu.edu.tw/menu5/showoutline.asp?SYEAR=114&SEM=2&CrsDat=DFLL680&Crsname=專題研究,異動,更換時間1/2,True,外文碩,DFLL680,2,不分班,"專題研究
INDEPENDENT STUDIES",3,期,True,50,0,0,50,白士禮,"二2,3,4()","['', '234', '', '', '', '', '']",《獨立研究》,[],True
https://selcrs.nsysu.edu.tw/menu5/showoutline.asp?SYEAR=114&SEM=2&CrsDat=DFLL680B&Crsname=專題研究,,,True,外文碩,DFLL680B,2,不分班,"專題研究
INDEPENDENT STUDIES",3,期,True,50,0,0,50,陳福仁,"一2,3,4()","['234', '', '', '', '', '', '']",《獨立研究》,[],True
https://selcrs.nsysu.edu.tw/menu5/showoutline.asp?SYEAR=114&SEM=2&CrsDat=DFLL680C&Crsname=專題研究,,,True,外文碩,DFLL680C,2,不分班,"專題研究
INDEPENDENT STUDIES",3,期,True,50,0,0,50,曾銘裕,"一5,6,7()","['567', '', '', '', '', '', '']",《獨立研究》,[],True
https://selcrs.nsysu.edu.tw/menu5/showoutline.asp?SYEAR=114&SEM=2&CrsDat=DFLL680D&Crsname=專題研究,,,True,外文碩,DFLL680D,2,不分班,"專題研究
INDEPENDENT STUDIES",3,期,True,50,0,0,50,徐淑瑛,"三5,6,7()","['', '', '567', '', '', '', '']",《獨立研究》,[],True
https://selcrs.nsysu.edu.tw/menu5/showoutline.asp?SYEAR=114&SEM=2&CrsDat=MUSI501&Crsname=西洋音樂史總論,,,False,音樂碩,MUSI501,0,不分班,"西洋音樂史總論
THE HISTORY OF WESTERN MUSIC REVIEW",3,期,False,50,3,0,50,郭瓊嬌,"三2,3,4(文FA 6011)","['', '', '234', '', '', '', '']",《講授類》,[],False
https://selcrs.nsysu.edu.tw/menu5/showoutline.asp?SYEAR=114&SEM=2&CrsDat=MUSI516&Crsname=鍵盤（二）,,,False,音樂碩,MUSI516,0,不分班,"鍵盤（二）
KEYBOARD(II)",2,期,False,50,1,0,50,"唐佳迎,林雅叙,陳宜蓁,顏竹君","六1,2()","['', '', '', '', '', '12', '']","《音樂類》
限音樂系學生修課",[],False
https://selcrs.nsysu.edu.tw/menu5/showoutline.asp?SYEAR=114&SEM=2&CrsDat=MUSI521&Crsname=鋼琴文獻（一）,,,False,音樂碩,MUSI521,0,不分班,"鋼琴文獻（一）
PIANO LITERATURE (I)",2,期,False,50,0,0,50,林雅叙,"四3,4(文FA 5008)","['', '', '', '34', '', '', '']",《講授類》,[],False
https://selcrs.nsysu.edu.tw/menu5/showoutline.asp?SYEAR=114&SEM=2&CrsDat=MUSI537&Crsname=弦樂二（大提琴）,,,False,音樂碩,MUSI537,0,不分班,"弦樂二（大提琴）
STRINGS II (CELLO)",2,期,False,50,1,0,50,"張毅心,曾加宜","六1,2()","['', '', '', '', '', '12', '']","《音樂類》
限音樂系學生修課",[],False
https://selcrs.nsysu.edu.tw/menu5/showoutline.asp?SYEAR=114&SEM=2&CrsDat=MUSI538&Crsname=弦樂二（中、小提琴）,,,False,音樂碩,MUSI538,0,不分班,"弦樂二（中、小提琴）
STRINGS II (VIOLA & VIOLIN)",2,期,False,50,1,0,50,陳鈺雯,"六1,2()","['', '', '', '', '', '12', '']","《音樂類》
限音樂系學生修課",[],False
https://selcrs.nsysu.edu.tw/menu5/showoutline.asp?SYEAR=114&SEM=2&CrsDat=MUSI550&Crsname=管樂二（長笛）,,,False,音樂碩,MUSI550,0,不分班,"管樂二（長笛）
WOODWIND II (FLUTE)",2,期,False,50,0,0,50,林鴻君,"六1,2()","['', '', '', '', '', '12', '']","《音樂類》
限音樂系學生修課",[],False
https://selcrs.nsysu.edu.tw/menu5/showoutline.asp?SYEAR=114&SEM=2&CrsDat=MUSI554&Crsname=管樂文獻（二）,,,False,音樂碩,MUSI554,0,不分班,"管樂文獻（二）
THE LITERA TURE OF WIND INSTRUMENTS(II)",2,期,False,50,1,0,50,張瑞芝,"三6,7(文FA 5008)","['', '', '67', '', '', '', '']",《講授類》,[],False
https://selcrs.nsysu.edu.tw/menu5/showoutline.asp?SYEAR=114&SEM=2&CrsDat=MUSI562&Crsname=聲樂教學,,,False,音樂碩,MUSI562,0,不分班,"聲樂教學
VOCAL PEDAGOGY",2,期,False,50,3,0,50,黃子珊,"四5,6(文FA 6011)","['', '', '', '56', '', '', '']",《講授類》,[],False
https://selcrs.nsysu.edu.tw/menu5/showoutline.asp?SYEAR=114&SEM=2&CrsDat=MUSI565&Crsname=擊樂（二）,,,False,音樂碩,MUSI565,0,不分班,"擊樂（二）
PERCUSSION(II)",2,期,False,50,0,0,50,鄭雅心,"六1,2()","['', '', '', '', '', '12', '']","《音樂類》
限音樂系學生修課",[],False
https://selcrs.nsysu.edu.tw/menu5/showoutline.asp?SYEAR=114&SEM=2&CrsDat=MUSI590&Crsname=作曲（二）,,,False,音樂碩,MUSI590,0,不分班,"作曲（二）
COMPOSITION(II)",2,期,False,50,1,0,50,李思嫺,"六1,2()","['', '', '', '', '', '12', '']","《音樂類》
限音樂系學生修課",[],False
https://selcrs.nsysu.edu.tw/menu5/showoutline.asp?SYEAR=114&SEM=2&CrsDat=MUSI592&Crsname=進階樂曲分析,,,False,音樂碩,MUSI592,0,不分班,"進階樂曲分析
ADVANCED MUSICAL ANALYSIS",2,期,False,50,2,0,50,游詠晴,"二3,4(文FA 6011)","['', '34', '', '', '', '', '']",《講授類》,[],False
https://selcrs.nsysu.edu.tw/menu5/showoutline.asp?SYEAR=114&SEM=2&CrsDat=MUSI596&Crsname=音樂學理論與方法,,,False,音樂碩,MUSI596,0,不分班,"音樂學理論與方法
INTRODUCTION TO MUSICOLOGY",3,期,False,50,3,0,50,郭瓊嬌,"二2,3,4(文FA 6011-1)","['', '234', '', '', '', '', '']",《講授類》,[],False
https://selcrs.nsysu.edu.tw/menu5/showoutline.asp?SYEAR=114&SEM=2&CrsDat=MUSI610&Crsname=鍵盤（三）,,,False,音樂碩,MUSI610,0,不分班,"鍵盤（三）
KEYBOARD (III)",2,期,False,50,0,0,50,陳宜蓁,"六1,2()","['', '', '', '', '', '12', '']","《音樂類》
限音樂系學生修課",[],False
https://selcrs.nsysu.edu.tw/menu5/showoutline.asp?SYEAR=114&SEM=2&CrsDat=MUSI611&Crsname=鍵盤（四）,,,False,音樂碩,MUSI611,0,不分班,"鍵盤（四）
KEYBOARD(IV)",2,期,False,50,0,0,50,林雅叙,"六1,2()","['', '', '', '', '', '12', '']","《音樂類》
限音樂系學生修課",[],False
https://selcrs.nsysu.edu.tw/menu5/showoutline.asp?SYEAR=114&SEM=2&CrsDat=MUSI624&Crsname=弦樂四（中、小提琴）,,,False,音樂碩,MUSI624,0,不分班,"弦樂四（中、小提琴）
STRINGS IV(VIOLA & VIOLIN)",2,期,False,50,1,0,50,"張群,林子平,莊孟勳,葉翹任,陳鈺雯","六1,2()","['', '', '', '', '', '12', '']","《音樂類》
限音樂系學生修課",[],False
https://selcrs.nsysu.edu.tw/menu5/showoutline.asp?SYEAR=114&SEM=2&CrsDat=MUSI626&Crsname=弦樂教學 (二),,,False,音樂碩,MUSI626,0,不分班,"弦樂教學 (二)
STRING PEDAGOGY (II)",2,期,False,50,3,0,50,熊書宜,"一3,4(文FA 6011-1)","['34', '', '', '', '', '', '']",《講授類》,[],False
https://selcrs.nsysu.edu.tw/menu5/showoutline.asp?SYEAR=114&SEM=2&CrsDat=MUSI639&Crsname=管樂四（長笛）,,,False,音樂碩,MUSI639,0,不分班,"管樂四（長笛）
WOODWIND I V(FLUTE)",2,期,False,50,0,0,50,"呂承祐,林鴻君","六1,2()","['', '', '', '', '', '12', '']","《音樂類》
限音樂系學生修課",[],False
https://selcrs.nsysu.edu.tw/menu5/showoutline.asp?SYEAR=114&SEM=2&CrsDat=MUSI650&Crsname=聲樂（三）,,,False,音樂碩,MUSI650,0,不分班,"聲樂（三）
VOICE(III)",2,期,False,50,0,0,50,黃子珊,"六1,2()","['', '', '', '', '', '12', '']","《音樂類》
限音樂系學生修課",[],False
https://selcrs.nsysu.edu.tw/menu5/showoutline.asp?SYEAR=114&SEM=2&CrsDat=MUSI666&Crsname=管弦樂文獻（二）,,,False,音樂碩,MUSI666,0,不分班,"管弦樂文獻（二）
ORCHESTRAL LITERATURE （II）",2,期,False,50,4,0,50,楊智欽,"二6,7(文FA 4030)","['', '67', '', '', '', '', '']",《講授類》,[],False
https://selcrs.nsysu.edu.tw/menu5/showoutline.asp?SYEAR=114&SEM=2&CrsDat=MUSI683&Crsname=序列音樂探討,,,False,音樂碩,MUSI683,0,不分班,"序列音樂探討
DISCUSSIONS ON SERIAL MUSIC",2,期,False,50,4,0,50,陳以軒,"四3,4(文FA 6011)","['', '', '', '34', '', '', '']",《講授類》,[],False
https://selcrs.nsysu.edu.tw/menu5/showoutline.asp?SYEAR=114&SEM=2&CrsDat=MUSI689&Crsname=進階管弦樂法,,,False,音樂碩,MUSI689,0,不分班,"進階管弦樂法
ADVANCED ORCHESTRATION",2,期,False,50,2,0,50,李思嫺,"一3,4(文FA 6011)","['34', '', '', '', '', '', '']",《講授類》,[],False
https://selcrs.nsysu.edu.tw/menu5/showoutline.asp?SYEAR=114&SEM=2&CrsDat=MUSI698&Crsname=音樂學術寫作技巧,,,False,音樂碩,MUSI698,0,不分班,"音樂學術寫作技巧
ACADEMIC WRITING TECHNIQUES FOR MUSIC DISCOURSE",1,期,False,50,0,0,50,林雅叙,三A(),"['', '', 'A', '', '', '', '']","《音樂類》
限音樂系學生修課",[],False
https://selcrs.nsysu.edu.tw/menu5/showoutline.asp?SYEAR=114&SEM=2&CrsDat=PHIL532&Crsname=哲學法文,,,False,哲學碩,PHIL532,0,不分班,"哲學法文
PHILOSOPHICAL FRENCH",3,期,False,50,0,0,50,宋灝,"二8,6,7(文LA 2008)","['', '678', '', '', '', '', '']",《講授類》,['法國語言、文化與社會學程'],False
https://selcrs.nsysu.edu.tw/menu5/showoutline.asp?SYEAR=114&SEM=2&CrsDat=PHIL551&Crsname=尼采與當代歐陸思潮,,,False,哲學碩,PHIL551,0,不分班,"尼采與當代歐陸思潮
NIETZSCHE AND CONTEMPORARY EUROPEAN THOUGHTS",3,期,False,50,3,0,50,楊婉儀,"四8,6,7(文LA 2009)","['', '', '', '678', '', '', '']",《講授類》,['法國語言、文化與社會學程'],False
https://selcrs.nsysu.edu.tw/menu5/showoutline.asp?SYEAR=114&SEM=2&CrsDat=PHIL560&Crsname=馬克思到後馬克思主義,,,False,哲學碩,PHIL560,0,不分班,"馬克思到後馬克思主義
FROM MARXISM TO POST-MARXISM",3,期,False,50,0,0,50,洪世謙,"三5,6,7(文LA 2009)","['', '', '567', '', '', '', '']",《講授類》,[],False
https://selcrs.nsysu.edu.tw/menu5/showoutline.asp?SYEAR=114&SEM=2&CrsDat=PHIL578&Crsname=胡塞爾：《笛卡兒式的沉思》,,,False,哲學碩,PHIL578,0,不分班,"胡塞爾：《笛卡兒式的沉思》
HUSSERL: CARTESIAN MEDITATIONS",3,期,False,50,0,0,50,游淙祺,"三2,3,4(文LA 7001)","['', '', '234', '', '', '', '']",《講授類》,[],False
https://selcrs.nsysu.edu.tw/menu5/showoutline.asp?SYEAR=114&SEM=2&CrsDat=PHIL579&Crsname=漢娜·鄂蘭與現象學,,,False,哲學碩,PHIL579,0,不分班,"漢娜·鄂蘭與現象學
HANNAH ARENDT AND PHENOMENOLOGY",3,期,False,50,1,0,50,戴遠雄,"一5,6,7(文LA 2009)","['567', '', '', '', '', '', '']",《講授類》,[],False
https://selcrs.nsysu.edu.tw/menu5/showoutline.asp?SYEAR=114&SEM=2&CrsDat=PHIL601&Crsname=當代德語哲學與美學專題,,,False,哲學碩,PHIL601,0,不分班,"當代德語哲學與美學專題
INDEPENDENT STUDIES IN CONTEMPORARY GERMAN PHILOSOPHY AND AESTHETICS",2,期,False,50,1,0,50,宋灝,"三3,4(文LA 2008)","['', '', '34', '', '', '', '']","《獨立研究》
限哲學所學生",[],False
https://selcrs.nsysu.edu.tw/menu5/showoutline.asp?SYEAR=114&SEM=2&CrsDat=PHIL602&Crsname=當代法語哲學與美學專題,,,False,哲學碩,PHIL602,0,不分班,"當代法語哲學與美學專題
INDEPENDENT STUDIES IN CONTEMPORARY FRENCH PHILOSOPHY AND AESTHETICS",2,期,False,50,0,0,50,楊婉儀,"三1,2(文LA 2008)","['', '', '12', '', '', '', '']","《獨立研究》
限哲學所學生",[],False
https://selcrs.nsysu.edu.tw/menu5/showoutline.asp?SYEAR=114&SEM=2&CrsDat=PHIL605&Crsname=解構的世界圖像與實踐專題,,,False,哲學碩,PHIL605,0,不分班,"解構的世界圖像與實踐專題
INDEPENDENT STUDIES IN DECONSTRUCTION OF WORLD IMAGE AND PRAXIS",2,期,False,50,0,0,50,洪世謙,"二3,4(文LA 2008)","['', '34', '', '', '', '', '']","《獨立研究》
限哲學所學生",[],False
https://selcrs.nsysu.edu.tw/menu5/showoutline.asp?SYEAR=114&SEM=2&CrsDat=PHIL608&Crsname=歐洲哲學與社會政治批判專題,,,False,哲學碩,PHIL608,0,不分班,"歐洲哲學與社會政治批判專題
INDEPENDENT STUDIES IN EUROPEAN PHILOSOPHY AND SOCIO-POLITICAL CRITIQUE",2,期,False,50,0,0,50,戴遠雄,"一3,4(文LA 7001)","['34', '', '', '', '', '', '']","《獨立研究》
限哲學所學生",[],False
https://selcrs.nsysu.edu.tw/menu5/showoutline.asp?SYEAR=114&SEM=2&CrsDat=PHIL609&Crsname=結構主義、解構與其當代遺產專題,,,False,哲學碩,PHIL609,0,不分班,"結構主義、解構與其當代遺產專題
INDEPENDENT STUDIES IN STRUCTURALISM, DECONSTRUCTION AND THEIR CONTEMPORARY LEGACIES",2,期,False,50,0,0,50,高長空,"一3,4(文LA 2008)","['34', '', '', '', '', '', '']","《獨立研究》
限哲學所學生",[],False
https://selcrs.nsysu.edu.tw/menu5/showoutline.asp?SYEAR=114&SEM=2&CrsDat=TA503&Crsname=專業劇場英文,,,False,劇藝碩,TA503,0,不分班,"專業劇場英文
ENGLISH FOR THEATER STUDY",2,期,False,50,3,0,50,蔡詔羽,"三3,4(文FA 2012)","['', '', '34', '', '', '', '']","《講授類》
Introduction to Theater",[],True
https://selcrs.nsysu.edu.tw/menu5/showoutline.asp?SYEAR=114&SEM=2&CrsDat=TA520&Crsname=西方戲劇研究著作選讀,,,False,劇藝碩,TA520,0,不分班,"西方戲劇研究著作選讀
SELECTED READINGS OF WESTERN DRAMA STUDIES",3,期,False,50,0,0,50,許仁豪,"四5,6,7(文FA 2012)","['', '', '', '567', '', '', '']",《講授類》,[],False
https://selcrs.nsysu.edu.tw/menu5/showoutline.asp?SYEAR=114&SEM=2&CrsDat=TA534&Crsname=排演實務（二）,,,False,劇藝碩,TA534,0,不分班,"排演實務（二）
REHEARSAL (II)",3,期,False,50,3,0,50,何怡璉,"四2,3,4(文FA 2012, 1015)","['', '', '', '234', '', '', '']","《展演》
配合教學實踐研究計畫",[],True
https://selcrs.nsysu.edu.tw/menu5/showoutline.asp?SYEAR=114&SEM=2&CrsDat=TA535&Crsname=導演實務（一）,,,False,劇藝碩,TA535,0,不分班,"導演實務（一）
PRACTICAL TRAINING FOR DIRECTING (Ⅰ)",3,期,False,50,4,0,50,楊士平,"二5,6,7(文FA 2012, 2018)","['', '567', '', '', '', '', '']",《展演》,[],False
https://selcrs.nsysu.edu.tw/menu5/showoutline.asp?SYEAR=114&SEM=2&CrsDat=TA557&Crsname=文本與空間敘事,,,False,劇藝碩,TA557,0,不分班,"文本與空間敘事
TEXT AND SPATIAL NARRATION",3,期,False,50,4,0,50,約書亞沙發兒,"三5,6,7(文FA 2012, 1015以及壽山動物園)","['', '', '567', '', '', '', '']","《講授類》
包含移地教學與期末展演於壽山動物園","['地方創生與永續發展整合學程', '地方創生與區域治理微學程']",True
https://selcrs.nsysu.edu.tw/menu5/showoutline.asp?SYEAR=114&SEM=2&CrsDat=TA570&Crsname=跨域創作與研究,,,False,劇藝碩,TA570,0,不分班,"跨域創作與研究
INTERDISCIPLINARY PRACTICE AND RESEARCH",3,期,False,50,4,0,50,約書亞沙發兒,"一8,6,7(文FA 2012, 2018)","['678', '', '', '', '', '', '']","《展演》
本系碩士班理論組與創作組必選課程",[],True
https://selcrs.nsysu.edu.tw/menu5/showoutline.asp?SYEAR=114&SEM=2&CrsDat=TA582&Crsname=畢業專題（二）,,,True,劇藝碩,TA582,2,不分班,"畢業專題（二）
INDEPENDENT STUDIES(II)",2,期,True,50,0,0,50,"何怡璉,吳怡瑱,康尹貞,杜思慧,許仁豪","一1,B(文FA 2012)","['1B', '', '', '', '', '', '']","《獨立研究》
碩二以上，畢業論文或創作指導",[],False
https://selcrs.nsysu.edu.tw/menu5/showoutline.asp?SYEAR=114&SEM=2&CrsDat=AME501&Crsname=研究方法,,,False,藝管創業所,AME501,1,不分班,"研究方法
RESEARCH METHODS",3,期,True,50,0,16,34,陳尚盈,"二2,3,4(文FA 3011)","['', '234', '', '', '', '', '']","《講授類》
本所預計4-5月間全所至外縣市移地教學1-2週,學生須自行負擔交通及食宿費,詳細課程安排以藝管所公告為準。",[],False
https://selcrs.nsysu.edu.tw/menu5/showoutline.asp?SYEAR=114&SEM=2&CrsDat=AME532&Crsname=藝術經濟學,,,False,藝管創業所,AME532,0,不分班,"藝術經濟學
THE ECONOMICS OF ARTS",3,期,False,50,0,0,50,張正霖,"四2,3,4(文FA 3011)","['', '', '', '234', '', '', '']","《講授類》
本所預計4-5月間全所至外縣市移地教學1-2週,學生須自行負擔交通及食宿費,詳細課程安排以藝管所公告為準。",[],False
https://selcrs.nsysu.edu.tw/menu5/showoutline.asp?SYEAR=114&SEM=2&CrsDat=AME538&Crsname=藝文創業,,,False,藝管創業所,AME538,0,不分班,"藝文創業
ARTS AND CULTURE ENTREPRENEURSHIP",3,期,False,50,5,0,50,謝榮峯,"三2,3,4(文FA 3011)","['', '', '234', '', '', '', '']","《講授類》
本所預計4-5月間全所至外縣市移地教學1-2週,學生須自行負擔交通及食宿費,詳細課程安排以藝管所公告為準。",['文化產業創新學程'],False
https://selcrs.nsysu.edu.tw/menu5/showoutline.asp?SYEAR=114&SEM=2&CrsDat=AME542&Crsname=國際文化交流,,,False,藝管創業所,AME542,0,不分班,"國際文化交流
INTERNATIONAL CULTURAL RELATIONS: POLICY MAKING AND PRACTICE",3,期,False,50,2,0,50,魏君穎,"三5,6,7(文FA 3011)","['', '', '567', '', '', '', '']","《講授類》
本所預計4-5月間全所至外縣市移地教學1-2週,學生須自行負擔交通及食宿費,詳細課程安排以藝管所公告為準。",['文化產業創新學程'],False
https://selcrs.nsysu.edu.tw/menu5/showoutline.asp?SYEAR=114&SEM=2&CrsDat=AME543&Crsname=藝術策展實務,,,False,藝管創業所,AME543,0,不分班,"藝術策展實務
CURATING PRACTICES",3,期,False,50,7,0,50,張正霖,"二5,6,7(文FA 3011)","['', '567', '', '', '', '', '']","《講授類》
本所預計4-5月間全所至外縣市移地教學1-2週,學生須自行負擔交通及食宿費,詳細課程安排以藝管所公告為準。","['文化產業創新學程', '當代策展與藝術行政學程']",False
https://selcrs.nsysu.edu.tw/menu5/showoutline.asp?SYEAR=114&SEM=2&CrsDat=AME550&Crsname=專題研究（二）,,,False,藝管創業所,AME550,2,不分班,"專題研究（二）
INDEPENDENT STUDIES（II）",3,期,False,50,0,0,50,陳尚盈,"五2,3,4(文FA 3011)","['', '', '', '', '234', '', '']","《獨立研究》
限藝管所二年級以上選修",[],False
https://selcrs.nsysu.edu.tw/menu5/showoutline.asp?SYEAR=114&SEM=2&CrsDat=AME550A&Crsname=專題研究（二）,,,False,藝管創業所,AME550A,2,不分班,"專題研究（二）
INDEPENDENT STUDIES（II）",3,期,False,50,0,0,50,謝榮峯,"五2,3,4(文FA 3011)","['', '', '', '', '234', '', '']","《獨立研究》
限藝管所二年級以上選修",[],False
https://selcrs.nsysu.edu.tw/menu5/showoutline.asp?SYEAR=114&SEM=2&CrsDat=AME550B&Crsname=專題研究（二）,,,False,藝管創業所,AME550B,2,不分班,"專題研究（二）
INDEPENDENT STUDIES（II）",3,期,False,50,1,0,50,魏君穎,"五2,3,4(文FA 3011)","['', '', '', '', '234', '', '']","《獨立研究》
限藝管所二年級以上選修",[],False
https://selcrs.nsysu.edu.tw/menu5/showoutline.asp?SYEAR=114&SEM=2&CrsDat=AME550C&Crsname=專題研究（二）,,,False,藝管創業所,AME550C,2,不分班,"專題研究（二）
INDEPENDENT STUDIES（II）",3,期,False,50,1,0,50,張正霖,"五2,3,4(文FA 3011)","['', '', '', '', '234', '', '']","《獨立研究》
限藝管所二年級以上選修",[],False
https://selcrs.nsysu.edu.tw/menu5/showoutline.asp?SYEAR=114&SEM=2&CrsDat=AME553&Crsname=藝術行銷,,,False,藝管創業所,AME553,0,不分班,"藝術行銷
MARKETING IN THE ARTS",3,期,False,50,2,0,50,魏君穎,"四5,6,7(文FA 3011)","['', '', '', '567', '', '', '']","《講授類》
本所預計4-5月間全所至外縣市移地教學1-2週,學生須自行負擔交通及食宿費,詳細課程安排以藝管所公告為準。",['文化產業創新學程'],False
https://selcrs.nsysu.edu.tw/menu5/showoutline.asp?SYEAR=114&SEM=2&CrsDat=AME562&Crsname=藝文個案與組織專題（一）,,,False,藝管創業所,AME562,1,不分班,"藝文個案與組織專題（一）
INDEPENDENT STUDIES IN CREATIVE ENTERPRISES
（一）",2,期,True,50,0,16,34,"張正霖,陳尚盈","五5,6(文FA 3011)","['', '', '', '', '56', '', '']","《獨立研究》
限藝管所選修",[],False
https://selcrs.nsysu.edu.tw/menu5/showoutline.asp?SYEAR=114&SEM=2&CrsDat=AME563&Crsname=藝文個案與組織專題（二）,,,False,藝管創業所,AME563,2,不分班,"藝文個案與組織專題（二）
INDEPENDENT STUDIES IN CREATIVE ENTERPRISES
（二）",1,期,True,50,0,14,36,"張正霖,陳尚盈",五7(文FA 3011),"['', '', '', '', '7', '', '']","《獨立研究》
限藝管所二年級以上選修",[],False
https://selcrs.nsysu.edu.tw/menu5/showoutline.asp?SYEAR=114&SEM=2&CrsDat=BIOS502&Crsname=生態研究方法,,,True,生科碩,BIOS502,1,不分班,"生態研究方法
STUDIES IN ECOLOGICAL METHODOLOGY",3,期,True,50,0,0,50,"劉世慧,張楊家豪,黃淑萍","四2,3,4(理BI 3001)","['', '', '', '234', '', '', '']","《講授類》
1.甲組必修 2.與博一併班上課。",['生物多樣性學程'],False
https://selcrs.nsysu.edu.tw/menu5/showoutline.asp?SYEAR=114&SEM=2&CrsDat=BIOS502A&Crsname=生態研究方法,,,True,生科碩,BIOS502A,1,不分班,"生態研究方法
STUDIES IN ECOLOGICAL METHODOLOGY",3,期,True,50,0,0,50,"夏燦風,黃淑萍","五5,6,7(理BI 3001)","['', '', '', '', '567', '', '']","《講授類》
1.甲組必修 2.與博一併班上課。",['生物多樣性學程'],True
https://selcrs.nsysu.edu.tw/menu5/showoutline.asp?SYEAR=114&SEM=2&CrsDat=BIOS511&Crsname=分子與細胞生物學書報討論（二）,,,True,生科碩,BIOS511,1,不分班,"分子與細胞生物學書報討論（二）
MOLECULAR AND CELL BIOLOGY SEMINAR (II)",1,期,True,50,3,0,50,傅瀚儀,四9(理BI 6005),"['', '', '', '9', '', '', '']","《演講/參訪》
出席學術演講報告於學期考試週之前完成繳交",[],False
https://selcrs.nsysu.edu.tw/menu5/showoutline.asp?SYEAR=114&SEM=2&CrsDat=BIOS515&Crsname=生物多樣性書報討論（二）,異動,更換教室1/5,True,生科碩,BIOS515,1,不分班,"生物多樣性書報討論（二）
BIODIVERSITY SEMINAR(II)",1,期,True,50,0,0,50,"夏燦風,張楊家豪",四9(理BI 3001),"['', '', '', '9', '', '', '']","《演講/參訪》
出席學術演講報告於學期考試週之前完成繳交",[],False
https://selcrs.nsysu.edu.tw/menu5/showoutline.asp?SYEAR=114&SEM=2&CrsDat=BIOS516&Crsname=現代分子與細胞生物學專題寫作,,,True,生科碩,BIOS516,1,不分班,"現代分子與細胞生物學專題寫作
SPECIAL TOPICS IN MODERN MOLECULAR AND CELL BIOLOGY WRITING",1,期,True,50,4,0,50,"高資棟,黃明德",四1(理BI 6005),"['', '', '', '1', '', '', '']","《講授類》
乙組必修",[],False
https://selcrs.nsysu.edu.tw/menu5/showoutline.asp?SYEAR=114&SEM=2&CrsDat=BIOS518&Crsname=現代環境生物專題寫作,,,True,生科碩,BIOS518,1,不分班,"現代環境生物專題寫作
SPECIAL TOPICS IN MODERN ENVIRONMENTAL BIOLOGY WRITING",1,期,True,50,0,0,50,"張楊家豪,顏聖紘",四1(理BI 3001),"['', '', '', '1', '', '', '']","《講授類》
甲組必修",[],False
https://selcrs.nsysu.edu.tw/menu5/showoutline.asp?SYEAR=114&SEM=2&CrsDat=BIOS523&Crsname=生物質譜學導論,,,False,生科碩,BIOS523,1,不分班,"生物質譜學導論
INTRODUCTION TO BIOLOGICAL MASS SPECTROMETRY",3,期,False,50,7,0,50,汪海晏,"四5,6,7(理BI 3001)","['', '', '', '567', '', '', '']",《講授類》,['生物技術學程'],False
https://selcrs.nsysu.edu.tw/menu5/showoutline.asp?SYEAR=114&SEM=2&CrsDat=BIOS527&Crsname=現代生物醫學新知,,,False,生科碩,BIOS527,1,不分班,"現代生物醫學新知
TRENDS IN CONTEMPORARY BIOMEDICAL SCIENCES",1,期,False,50,2,0,50,康宏佑,三7(理BI 3001),"['', '', '7', '', '', '', '']",《講授類》,[],False
https://selcrs.nsysu.edu.tw/menu5/showoutline.asp?SYEAR=114&SEM=2&CrsDat=BIOS539&Crsname=分子病毒學,,,False,生科碩,BIOS539,1,不分班,"分子病毒學
MOLECULAR VIROLOGY",3,期,False,50,0,0,50,李哲欣,"五2,3,4(理BI 3001)","['', '', '', '', '234', '', '']","《講授類》
限生科系",[],False
https://selcrs.nsysu.edu.tw/menu5/showoutline.asp?SYEAR=114&SEM=2&CrsDat=BIOS544&Crsname=細胞動力學,,,False,生科碩,BIOS544,1,不分班,"細胞動力學
CELL DYNAMICS",3,期,False,50,1,0,50,陳俊霖,"六9,C,D(理BI 3001)","['', '', '', '', '', '9CD', '']","《講授類》
限生科系",[],False
https://selcrs.nsysu.edu.tw/menu5/showoutline.asp?SYEAR=114&SEM=2&CrsDat=BIOS550&Crsname=基因調控議題研討（二）,,,False,生科碩,BIOS550,1,不分班,"基因調控議題研討（二）
SPECIAL TOPICS IN GENE REGULATION（II）",3,期,False,50,1,0,50,吳長益,三A(理SC 3009) 四A(理SC 3009) 五A(理SC 3009),"['', '', 'A', 'A', 'A', '', '']",《研討類》,[],True
https://selcrs.nsysu.edu.tw/menu5/showoutline.asp?SYEAR=114&SEM=2&CrsDat=BIOS552&Crsname=細胞膜訊息傳導專題研究（二）,,,False,生科碩,BIOS552,1,不分班,"細胞膜訊息傳導專題研究（二）
INDEPENDENT STUDIES IN MEMBRANE BIOLOGY & SIGNAL TRANSDUCTION（II）",3,期,False,50,2,0,50,陳俊霖,三A(理SC 3019) 四A(理SC 3019) 五A(理SC 3019),"['', '', 'A', 'A', 'A', '', '']",《獨立研究》,[],True
https://selcrs.nsysu.edu.tw/menu5/showoutline.asp?SYEAR=114&SEM=2&CrsDat=BIOS554&Crsname=脊髓損傷醫學議題研討（二）,,,False,生科碩,BIOS554,1,不分班,"脊髓損傷醫學議題研討（二）
SPECIAL TOPICS IN SPINAL CORD INJURY MEDICINE (II)",3,期,False,50,1,0,50,李昆澤,三A(理SC 1014) 四A(理SC 1014) 五A(理SC 1014),"['', '', 'A', 'A', 'A', '', '']",《研討類》,[],False
https://selcrs.nsysu.edu.tw/menu5/showoutline.asp?SYEAR=114&SEM=2&CrsDat=BIOS576&Crsname=科學論文寫作與發表,,,False,生科碩,BIOS576,1,不分班,"科學論文寫作與發表
WRITING AND PUBLISHING OF SCIENTIFIC PAPERS",3,期,False,50,1,0,50,費卡契,"二2,3,4(理BI 6005)","['', '234', '', '', '', '', '']",《講授類》,[],True
https://selcrs.nsysu.edu.tw/menu5/showoutline.asp?SYEAR=114&SEM=2&CrsDat=BIOS578&Crsname=兩棲爬蟲學獨立研究,,,False,生科碩,BIOS578,1,不分班,"兩棲爬蟲學獨立研究
INDEPENDENT STUDIES IN HERPETOLOGY",3,期,False,50,0,0,50,黃淑萍,"五2,3,4(理SC 3010)","['', '', '', '', '234', '', '']",《獨立研究》,[],False
https://selcrs.nsysu.edu.tw/menu5/showoutline.asp?SYEAR=114&SEM=2&CrsDat=BIOS586&Crsname=分子演化專題(二),,,False,生科碩,BIOS586,1,不分班,"分子演化專題(二)
INDEPENDENT STUDIES IN MOLECULAR EVOLUTION(II)",3,期,False,50,0,0,50,江友中,"二1,5,6(理SC 3010)","['', '156', '', '', '', '', '']",《獨立研究》,[],True
https://selcrs.nsysu.edu.tw/menu5/showoutline.asp?SYEAR=114&SEM=2&CrsDat=BIOS650&Crsname=分子生物學研究法（一）,,,False,生科碩,BIOS650,1,不分班,"分子生物學研究法（一）
METHODOLOGY FOR MOLECULAR BIOLOGY RESEARCH (I)",3,期,False,50,1,0,50,黃明德,一1(理SC 3009) 二1(理SC 3009) 三1(理SC 3009),"['1', '1', '1', '', '', '', '']",《研討類》,[],False
https://selcrs.nsysu.edu.tw/menu5/showoutline.asp?SYEAR=114&SEM=2&CrsDat=BIOS653&Crsname=細菌生理學專題研究,,,False,生科碩,BIOS653,1,不分班,"細菌生理學專題研究
INDEPENDENT STUDIES IN BACTERIAL PHYSIOLOGY",3,期,False,50,0,0,50,李哲欣,一1(理SC 3008) 二1(理SC 3008) 三1(理SC 3008),"['1', '1', '1', '', '', '', '']",《獨立研究》,[],False
https://selcrs.nsysu.edu.tw/menu5/showoutline.asp?SYEAR=114&SEM=2&CrsDat=BIOS666&Crsname=親緣基因體學,,,False,生科碩,BIOS666,1,不分班,"親緣基因體學
PHYLOGENOMICS",2,期,False,50,1,0,50,劉世慧,"二C,D(理BI 3001)","['', 'CD', '', '', '', '', '']",《講授類》,[],True
https://selcrs.nsysu.edu.tw/menu5/showoutline.asp?SYEAR=114&SEM=2&CrsDat=BIOS667&Crsname=統計生態學與R,,,False,生科碩,BIOS667,1,不分班,"統計生態學與R
COMPUTER INTENSIVE STATISTICS IN ECOLOGY WITH R",3,期,False,50,0,0,50,張楊家豪,"二8,6,7(理BI 3001)","['', '678', '', '', '', '', '']",《講授類》,[],False
https://selcrs.nsysu.edu.tw/menu5/showoutline.asp?SYEAR=114&SEM=2&CrsDat=BIOS668&Crsname=生物地理學概論,,,False,生科碩,BIOS668,1,不分班,"生物地理學概論
INTRODUCTION TO BIOGEOGRAPHY",3,期,False,50,1,0,50,費卡契,"三2,3,4(理BI 6005)","['', '', '234', '', '', '', '']",《講授類》,[],True
https://selcrs.nsysu.edu.tw/menu5/showoutline.asp?SYEAR=114&SEM=2&CrsDat=BIOS683&Crsname=功能生態學獨立研究,,,False,生科碩,BIOS683,1,不分班,"功能生態學獨立研究
INDEPENDENT STUDIES IN FUNCTIONAL ECOLOGY",3,期,False,50,0,0,50,夏燦風,一A(理SC 3010) 二A(理SC 3010) 三A(理SC 3010),"['A', 'A', 'A', '', '', '', '']",《獨立研究》,[],True
https://selcrs.nsysu.edu.tw/menu5/showoutline.asp?SYEAR=114&SEM=2&CrsDat=CHEM502&Crsname=合成方法專題研究（二）,,,True,化學碩,CHEM502,1,不分班,"合成方法專題研究（二）
INDEPENDENT STUDIES IN SYNTHETIC METHODS(II)",3,期,True,50,0,0,50,張均然,"六2,3,4()","['', '', '', '', '', '234', '']",《獨立研究》,[],True
https://selcrs.nsysu.edu.tw/menu5/showoutline.asp?SYEAR=114&SEM=2&CrsDat=CHEM512&Crsname=金屬簇化學專題研究（二）,,,True,化學碩,CHEM512,1,不分班,"金屬簇化學專題研究（二）
INDEPENDENT STUDIES IN METAL CLUSTERS(II)",3,期,True,50,3,0,50,梁子輝,"六2,3,4()","['', '', '', '', '', '234', '']",《獨立研究》,[],True
https://selcrs.nsysu.edu.tw/menu5/showoutline.asp?SYEAR=114&SEM=2&CrsDat=CHEM518&Crsname=勻相催化專題研究（二）,,,True,化學碩,CHEM518,1,不分班,"勻相催化專題研究（二）
INDEPENDENT STUDIES IN HOMOGENOUS CATALYSIS（II）",3,期,True,50,0,0,50,梁蘭昌,"六2,3,4()","['', '', '', '', '', '234', '']",《獨立研究》,[],True
https://selcrs.nsysu.edu.tw/menu5/showoutline.asp?SYEAR=114&SEM=2&CrsDat=CHEM520&Crsname=雷射化學專題研究（二）,,,True,化學碩,CHEM520,1,不分班,"雷射化學專題研究（二）
INDEPENDENT STUDIES IN LASER CHEMISTRY (II)",3,期,True,50,4,0,50,張元賓,"六2,3,4()","['', '', '', '', '', '234', '']",《獨立研究》,[],True
https://selcrs.nsysu.edu.tw/menu5/showoutline.asp?SYEAR=114&SEM=2&CrsDat=CHEM522&Crsname=觸媒專題研究（二）,異動,確認教師2/2,True,化學碩,CHEM522,1,不分班,"觸媒專題研究（二）
INDEPENDENT STUDIES IN CATALYSIS(II)",3,期,True,50,1,0,50,劉柏宏,"六2,3,4()","['', '', '', '', '', '234', '']",《獨立研究》,[],True
https://selcrs.nsysu.edu.tw/menu5/showoutline.asp?SYEAR=114&SEM=2&CrsDat=CHEM524&Crsname=計算化學專題研究（二）,,,True,化學碩,CHEM524,1,不分班,"計算化學專題研究（二）
INDEPENDENT STUDIES IN COMPUTATIONAL CHEMISTRY(II)",3,期,True,50,3,0,50,邱政超,"六2,3,4()","['', '', '', '', '', '234', '']",《獨立研究》,[],True
https://selcrs.nsysu.edu.tw/menu5/showoutline.asp?SYEAR=114&SEM=2&CrsDat=CHEM526&Crsname=氣固交互作用專題研究（二）,,,True,化學碩,CHEM526,1,不分班,"氣固交互作用專題研究（二）
INDEPENDENT STUDIES IN GAS/SOLID INTERACTIONS(II)",3,期,True,50,0,0,50,蔣昭明,"六2,3,4()","['', '', '', '', '', '234', '']",《獨立研究》,[],True
https://selcrs.nsysu.edu.tw/menu5/showoutline.asp?SYEAR=114&SEM=2&CrsDat=CHEM528&Crsname=生物系統固態核磁共振專題研究（二）,,,True,化學碩,CHEM528,1,不分班,"生物系統固態核磁共振專題研究（二）
INDEPENDENT STUDIES IN SOLID STATE NMR OF BIOLOGICAL SYSTEM(II)",3,期,True,50,3,0,50,丁尚武,"六2,3,4()","['', '', '', '', '', '234', '']",《獨立研究》,[],True
https://selcrs.nsysu.edu.tw/menu5/showoutline.asp?SYEAR=114&SEM=2&CrsDat=CHEM530&Crsname=奈米力學專題研究（二）,,,True,化學碩,CHEM530,1,不分班,"奈米力學專題研究（二）
INDEPENDENT STUDIES IN NANOSCALE FORCE MEASUREMENT(II)",3,期,True,50,4,0,50,謝淑貞,"六2,3,4()","['', '', '', '', '', '234', '']",《獨立研究》,[],True
https://selcrs.nsysu.edu.tw/menu5/showoutline.asp?SYEAR=114&SEM=2&CrsDat=CHEM534&Crsname=有機質譜專題研究（二）,,,True,化學碩,CHEM534,1,不分班,"有機質譜專題研究（二）
INDEPENDENT STUDIES IN ORGANIC MASS SPECTROMETRY(II)",3,期,True,50,0,0,50,謝建台,"六2,3,4()","['', '', '', '', '', '234', '']",《獨立研究》,[],True
https://selcrs.nsysu.edu.tw/menu5/showoutline.asp?SYEAR=114&SEM=2&CrsDat=CHEM536&Crsname=微量生物分析專題研究（二）,,,True,化學碩,CHEM536,1,不分班,"微量生物分析專題研究（二）
TRACE BIOANALYSIS FOR RESEARCH TRAINING(II)",3,期,True,50,0,0,50,曾韋龍,"六2,3,4()","['', '', '', '', '', '234', '']",《獨立研究》,[],True
https://selcrs.nsysu.edu.tw/menu5/showoutline.asp?SYEAR=114&SEM=2&CrsDat=CHEM538&Crsname=超微奈米藥物生化環境分析專題研究（二）,,,True,化學碩,CHEM538,1,不分班,"超微奈米藥物生化環境分析專題研究（二）
INDEPENDENT STUDIES IN ULTRA-MICRO RESEARCH FOR NANO-PARTICLE, DRUG, BIOCHEMISTRY AND ENVIRONMENT(II)",3,期,True,50,0,0,50,吳慧芬,"六2,3,4()","['', '', '', '', '', '234', '']",《獨立研究》,[],True
https://selcrs.nsysu.edu.tw/menu5/showoutline.asp?SYEAR=114&SEM=2&CrsDat=CHEM540&Crsname=材料化學專題研究（二）,,,True,化學碩,CHEM540,1,不分班,"材料化學專題研究（二）
INDEPENDENT STUDIES IN MATERIALS CHEMISTRY(II)",3,期,True,50,0,0,50,李志聰,"六2,3,4()","['', '', '', '', '', '234', '']",《獨立研究》,[],True
https://selcrs.nsysu.edu.tw/menu5/showoutline.asp?SYEAR=114&SEM=2&CrsDat=CHEM542&Crsname=顯微影像分析專題研究（二）,,,True,化學碩,CHEM542,1,不分班,"顯微影像分析專題研究（二）
INDEPENDENT STUDIES IN MICROSCOPIC IMAGE ANALYSIS(II)",3,期,True,50,1,0,50,張柏齡,"六2,3,4()","['', '', '', '', '', '234', '']",《獨立研究》,[],True
https://selcrs.nsysu.edu.tw/menu5/showoutline.asp?SYEAR=114&SEM=2&CrsDat=CHEM544&Crsname=無機反應專題研究（二）,,,True,化學碩,CHEM544,1,不分班,"無機反應專題研究（二）
INDEPENDENT STUDIES IN INORGANIC REACTIONS(II)",3,期,True,50,0,0,50,王琢堅,,"['', '', '', '', '', '', '']",《獨立研究》,[],True
https://selcrs.nsysu.edu.tw/menu5/showoutline.asp?SYEAR=114&SEM=2&CrsDat=CHEM549&Crsname=有機化學書報討論（二）,,,True,化學碩,CHEM549,1,不分班,"有機化學書報討論（二）
SEMINAR IN ORGANIC CHEMISTRY (II)",1,期,True,50,6,0,50,張均然,二3(理SC 3003-2),"['', '3', '', '', '', '', '']",《演講/參訪》,[],False
https://selcrs.nsysu.edu.tw/menu5/showoutline.asp?SYEAR=114&SEM=2&CrsDat=CHEM550&Crsname=無機化學書報討論（二）,,,True,化學碩,CHEM550,1,不分班,"無機化學書報討論（二）
SEMINAR IN INORGANIC CHEMISTRY (II)",1,期,True,50,5,0,50,邱政超,二3(理SC 0012),"['', '3', '', '', '', '', '']",《演講/參訪》,[],False
https://selcrs.nsysu.edu.tw/menu5/showoutline.asp?SYEAR=114&SEM=2&CrsDat=CHEM551&Crsname=物理化學書報討論（二）,,,True,化學碩,CHEM551,1,不分班,"物理化學書報討論（二）
SEMINAR IN PHYSICAL CHEMISTRY (II)",1,期,True,50,14,0,50,丁尚武,二3(理SC 2001),"['', '3', '', '', '', '', '']",《演講/參訪》,[],False
https://selcrs.nsysu.edu.tw/menu5/showoutline.asp?SYEAR=114&SEM=2&CrsDat=CHEM552&Crsname=分析化學書報討論（二）,,,True,化學碩,CHEM552,1,不分班,"分析化學書報討論（二）
SEMINAR IN ANALYTICAL CHEMISTRY (II)",1,期,True,50,2,0,50,張柏齡,二3(理CH 2002),"['', '3', '', '', '', '', '']",《演講/參訪》,[],False
https://selcrs.nsysu.edu.tw/menu5/showoutline.asp?SYEAR=114&SEM=2&CrsDat=CHEM570&Crsname=表面化學,異動,確認教師2/2,False,化學碩,CHEM570,1,不分班,"表面化學
SURFACE CHEMISTRY",3,期,False,50,3,0,50,劉柏宏,"三2(理CH 2002) 四3,4(理CH 2002)","['', '', '2', '34', '', '', '']",《講授類》,['半導體製程模組學程'],True
https://selcrs.nsysu.edu.tw/menu5/showoutline.asp?SYEAR=114&SEM=2&CrsDat=CHEM571&Crsname=高等化學動力學,異動,更換教室1/8,False,化學碩,CHEM571,1,不分班,"高等化學動力學
ADVANCED CHEMICAL KINETICS",3,期,False,50,12,0,50,蔣昭明,"三3,4(理SC 3004) 四8(理SC 3004)","['', '', '34', '8', '', '', '']",《講授類》,[],False
https://selcrs.nsysu.edu.tw/menu5/showoutline.asp?SYEAR=114&SEM=2&CrsDat=CHEM578&Crsname=化學分離技術與應用,,,False,化學碩,CHEM578,1,不分班,"化學分離技術與應用
TECHNIQUES OF CHEMICAL SEPARATION AND APPLICATIONS",3,期,False,50,5,0,50,謝建台,"一8,6,7(理CH 3002)","['678', '', '', '', '', '', '']",《講授類》,[],False
https://selcrs.nsysu.edu.tw/menu5/showoutline.asp?SYEAR=114&SEM=2&CrsDat=CHEM584&Crsname=氣膠與生醫材料科學專題研究（二）,,,True,化學碩,CHEM584,1,不分班,"氣膠與生醫材料科學專題研究（二）
INDEPENDENT STUDIES IN AEROSOLS AND BIOMEDICAL NANOMATERIAL SCIENCES (II)",3,期,True,50,0,0,50,王家蓁,"六2,3,4()","['', '', '', '', '', '234', '']",《獨立研究》,[],True
https://selcrs.nsysu.edu.tw/menu5/showoutline.asp?SYEAR=114&SEM=2&CrsDat=CHEM585&Crsname=化學生物學專題研究（二）,,,True,化學碩,CHEM585,1,不分班,"化學生物學專題研究（二）
INDEPENDENT STUDIES IN CHEMICAL BIOLOGY (II)",3,期,True,50,4,0,50,林伯樵,"六2,3,4()","['', '', '', '', '', '234', '']",《獨立研究》,[],True
https://selcrs.nsysu.edu.tw/menu5/showoutline.asp?SYEAR=114&SEM=2&CrsDat=CHEM588&Crsname=奈米材料化學專題研究（二）,,,True,化學碩,CHEM588,1,不分班,"奈米材料化學專題研究（二）
INDEPENDENT STUDIES IN CHEMISTRY OF NANOMATERIALS (II)",3,期,True,50,0,0,50,陳軍互,"六2,3,4()","['', '', '', '', '', '234', '']",《獨立研究》,[],True
https://selcrs.nsysu.edu.tw/menu5/showoutline.asp?SYEAR=114&SEM=2&CrsDat=CHEM592&Crsname=合成與生物有機化學專題研究（二）,,,True,化學碩,CHEM592,1,不分班,"合成與生物有機化學專題研究（二）
INDEPENDENT STUDIES IN SYNTHESIS AND BIOORGANIC CHEMISTRY (II)",3,期,True,50,1,0,50,林渝亞,"六2,3,4()","['', '', '', '', '', '234', '']",《獨立研究》,[],True
https://selcrs.nsysu.edu.tw/menu5/showoutline.asp?SYEAR=114&SEM=2&CrsDat=CHEM596&Crsname=無機催化專題研究（二）,,,True,化學碩,CHEM596,1,不分班,"無機催化專題研究（二）
INDEPENDENT STUDIES IN INORGANIC CATALYSIS （II）",3,期,True,50,0,0,50,蔡明利,"六2,3,4()","['', '', '', '', '', '234', '']",《獨立研究》,[],True
https://selcrs.nsysu.edu.tw/menu5/showoutline.asp?SYEAR=114&SEM=2&CrsDat=CHEM605&Crsname=有機化學書報討論（四）,,,True,化學碩,CHEM605,2,不分班,"有機化學書報討論（四）
SEMINAR IN ORGANIC CHEMISTRY (IV)",1,期,True,50,7,0,50,林渝亞,二4(理SC 3004),"['', '4', '', '', '', '', '']",《演講/參訪》,[],False
https://selcrs.nsysu.edu.tw/menu5/showoutline.asp?SYEAR=114&SEM=2&CrsDat=CHEM606&Crsname=無機化學書報討論（四）,,,True,化學碩,CHEM606,2,不分班,"無機化學書報討論（四）
SEMINAR IN INORGANIC CHEMISTRY (IV)",1,期,True,50,4,0,50,梁子輝,二4(理SC 0012),"['', '4', '', '', '', '', '']",《演講/參訪》,[],False
https://selcrs.nsysu.edu.tw/menu5/showoutline.asp?SYEAR=114&SEM=2&CrsDat=CHEM607&Crsname=物理化學書報討論（四）,,,True,化學碩,CHEM607,2,不分班,"物理化學書報討論（四）
SEMINAR IN PHYSICAL CHEMISTRY (IV)",1,期,True,50,3,0,50,蔣昭明,二4(理SC 2001),"['', '4', '', '', '', '', '']",《演講/參訪》,[],False
https://selcrs.nsysu.edu.tw/menu5/showoutline.asp?SYEAR=114&SEM=2&CrsDat=CHEM608&Crsname=分析化學書報討論（四）,,,True,化學碩,CHEM608,2,不分班,"分析化學書報討論（四）
SEMINAR IN ANALYTICAL CHEMISTRY (IV)",1,期,True,50,8,0,50,曾韋龍,二4(理CH 2002),"['', '4', '', '', '', '', '']",《演講/參訪》,[],False
https://selcrs.nsysu.edu.tw/menu5/showoutline.asp?SYEAR=114&SEM=2&CrsDat=CHEM613&Crsname=氣膠科學導論,,,False,化學碩,CHEM613,2,不分班,"氣膠科學導論
FUNDAMENTALS OF AEROSOL SCIENCES",3,期,False,50,0,0,50,王家蓁,"四8,6,7(理SC 2001)","['', '', '', '678', '', '', '']",《講授類》,"['海洋天然物微學程', '氣膠、大氣與海洋微學程', '氣膠科學環境教育微學程', 'STREAM永續發展培力微學程', '工業污染防治及減排微學程']",True
https://selcrs.nsysu.edu.tw/menu5/showoutline.asp?SYEAR=114&SEM=2&CrsDat=CHEM621&Crsname=高等生物無機化學,,,False,化學碩,CHEM621,2,不分班,"高等生物無機化學
ADVANCED BIOINORGANIC CHEMISTRY",3,期,False,50,0,0,50,蔡明利,"五8,6,7(理CH 3002)","['', '', '', '', '678', '', '']",《講授類》,[],False
https://selcrs.nsysu.edu.tw/menu5/showoutline.asp?SYEAR=114&SEM=2&CrsDat=CHEM624&Crsname=半導體微汙染化學分析,,,False,化學碩,CHEM624,2,不分班,"半導體微汙染化學分析
CHEMICAL ANALYSIS FOR MICRO-CONTAMINATION IN SEMICONDUCTOR MANUFACTURING",3,期,False,60,28,0,60,謝建台,"二8,6,7(理SC 1005)","['', '678', '', '', '', '', '']",《講授類》,['半導體化學學程'],False
https://selcrs.nsysu.edu.tw/menu5/showoutline.asp?SYEAR=114&SEM=2&CrsDat=CHEM626&Crsname=電子轉移原理和應用議題研討,異動,調整名額1/29,False,化學碩,CHEM626,2,不分班,"電子轉移原理和應用議題研討
SPECIAL TOPICS IN ELECTRON TRANSFER",3,期,False,15,0,0,15,王琢堅,"五3,4,6(理CH 4002)","['', '', '', '', '346', '', '']",《研討類》,[],True
https://selcrs.nsysu.edu.tw/menu5/showoutline.asp?SYEAR=114&SEM=2&CrsDat=CHEM627&Crsname=環境化學,,,False,化學碩,CHEM627,2,不分班,"環境化學
ENVIRONMENTAL CHEMISTRY",3,期,False,50,1,0,50,克里斯那,"一2,3,4(理CH 3002)","['234', '', '', '', '', '', '']",《講授類》,[],True
https://selcrs.nsysu.edu.tw/menu5/showoutline.asp?SYEAR=114&SEM=2&CrsDat=CHEM629&Crsname=抗癌藥物的合成、設計與活性機轉,,,False,化學碩,CHEM629,2,不分班,"抗癌藥物的合成、設計與活性機轉
ANTICANCER DRUGS-SYNTHESIS, DESIGN, AND MECHANISM OF ACTION",3,期,False,50,5,0,50,陳亮傑,"五2,3,4(理SC 3004)","['', '', '', '', '234', '', '']",《講授類》,['海洋天然物微學程'],True
https://selcrs.nsysu.edu.tw/menu5/showoutline.asp?SYEAR=114&SEM=2&CrsDat=CHEM632&Crsname=細胞訊息傳遞及藥物設計,,,False,化學碩,CHEM632,2,不分班,"細胞訊息傳遞及藥物設計
SIGNAL TRANSDUCTION AND DRUG DEVELOPMENT",3,期,False,50,2,0,50,楊佳寧,"一5,6,7(國IR 4005)","['567', '', '', '', '', '', '']",《講授類》,[],True
https://selcrs.nsysu.edu.tw/menu5/showoutline.asp?SYEAR=114&SEM=2&CrsDat=CHEM633&Crsname=分子與雷射光譜,,,False,化學碩,CHEM633,2,不分班,"分子與雷射光譜
MOLECULAR AND LASER SPECTROSCOPY",3,期,False,50,7,0,50,楊崇鑫,"五8,6,7(理SC 0010)","['', '', '', '', '678', '', '']",《講授類》,[],True
https://selcrs.nsysu.edu.tw/menu5/showoutline.asp?SYEAR=114&SEM=2&CrsDat=PH60002&Crsname=機器學習量子材料物理專題研討（二）,,,False,物理碩,PH60002,2,不分班,"機器學習量子材料物理專題研討（二）
SEMINAR IN MACHINE LEARNING QUANTUM MATERIALS PHYSICS (II)",3,期,False,50,1,0,50,莊豐權,"三A,1,B(理PH 4007)","['', '', 'A1B', '', '', '', '']",《研討類》,[],True
https://selcrs.nsysu.edu.tw/menu5/showoutline.asp?SYEAR=114&SEM=2&CrsDat=PH60004&Crsname=機器學習物理應用專題(二),,,False,物理碩,PH60004,2,不分班,"機器學習物理應用專題(二)
INDEPENDENT STUDIES IN MACHINE LEARNING APPLICATIONS IN PHYSICS (II)",3,期,False,50,0,0,50,狄米契,"五A,1,B(理PH 6005)","['', '', '', '', 'A1B', '', '']",《獨立研究》,[],True
https://selcrs.nsysu.edu.tw/menu5/showoutline.asp?SYEAR=114&SEM=2&CrsDat=PH60008&Crsname=生醫光電與微流體系統專題(二),,,False,物理碩,PH60008,2,不分班,"生醫光電與微流體系統專題(二)
INDEPENDENT STUDIES IN BIOMEDICAL PHOTONICS AND MICROFLUIDICS SYSTEM (II)",3,期,False,50,2,0,50,洪昇廷,"一A,1,B(理PH 6008)","['A1B', '', '', '', '', '', '']",《獨立研究》,[],True
https://selcrs.nsysu.edu.tw/menu5/showoutline.asp?SYEAR=114&SEM=2&CrsDat=PH60010&Crsname=非厄米特量子力學專題（二）,,,False,物理碩,PH60010,2,不分班,"非厄米特量子力學專題（二）
INDEPENDENT STUDIES IN NON-HERMITIAN QUANTUM MECHANICS (II)",3,期,False,50,0,0,50,朱家誼,"五A,1,B(理PH 5006)","['', '', '', '', 'A1B', '', '']",《獨立研究》,[],True
https://selcrs.nsysu.edu.tw/menu5/showoutline.asp?SYEAR=114&SEM=2&CrsDat=PH60014&Crsname=太赫茲時域光譜和單像素相機專題(二),,,False,物理碩,PH60014,2,不分班,"太赫茲時域光譜和單像素相機專題(二)
INDEPENDENT STUDIES IN TIME-DOMAIN TERAHERTZ SPECTROSCOPY AND SINGLE-PIXEL CAMERAS (II)",3,期,False,50,1,0,50,史丹哲夫,"二A,1,B(理PH 3008)","['', 'A1B', '', '', '', '', '']","《獨立研究》
As a prerequisite you need to have studied Maxwell’s equations and have some understanding about the propagation of electromagnetic waves in 1-dimension. Further, must be able to do basic programming in Matlab, Python or Julia (either programming lan",[],True
https://selcrs.nsysu.edu.tw/menu5/showoutline.asp?SYEAR=114&SEM=2&CrsDat=PH60016&Crsname=電波天文與星際介質專題(二),,,False,物理碩,PH60016,2,不分班,"電波天文與星際介質專題(二)
INDEPENDENT STUDIES IN RADIO INTERFEROMETRY AND INSTERSTELLAR MEDIUM (II)",3,期,False,50,0,0,50,呂浩宇,"四A,1,B(理SC 2006-3)","['', '', '', 'A1B', '', '', '']",《獨立研究》,[],False
https://selcrs.nsysu.edu.tw/menu5/showoutline.asp?SYEAR=114&SEM=2&CrsDat=PH60018&Crsname=粒子理論物理專題(二),,,False,物理碩,PH60018,2,不分班,"粒子理論物理專題(二)
INDEPENDENT STUDIES IN THEORETICAL PARTICLE PHYSICS (II)",3,期,False,50,0,0,50,岩本祥,"五A,1,B(理SC 2006-1)","['', '', '', '', 'A1B', '', '']",《獨立研究》,[],True
https://selcrs.nsysu.edu.tw/menu5/showoutline.asp?SYEAR=114&SEM=2&CrsDat=PH60020&Crsname=低維材料表徵和物理設備專題(二),,,False,物理碩,PH60020,2,不分班,"低維材料表徵和物理設備專題(二)
INDEPENDENT STUDIES IN LOW-DIMENSIONAL MATERIALS CHARACTERIZATIONS AND PHYSICS DEVICES (II)",3,期,False,50,0,0,50,范越芳,"三A,1,B(理PH 7011)","['', '', 'A1B', '', '', '', '']",《獨立研究》,[],True
https://selcrs.nsysu.edu.tw/menu5/showoutline.asp?SYEAR=114&SEM=2&CrsDat=PH60024&Crsname=量子磁性材料專題（二）,,,False,物理碩,PH60024,2,不分班,"量子磁性材料專題（二）
INDEPENDENT STUDIES IN  QUANTUM MAGNETIC MATERIALS (II)",3,期,False,50,1,0,50,吳紘丞,"一A,1,B(理PH 6003)","['A1B', '', '', '', '', '', '']",《獨立研究》,[],True
https://selcrs.nsysu.edu.tw/menu5/showoutline.asp?SYEAR=114&SEM=2&CrsDat=PHYS502&Crsname=高等量子力學,,,False,物理碩,PHYS502,1,不分班,"高等量子力學
ADVANCED QUANTUM MECHANICS",3,期,False,50,16,0,50,林德鴻,"四2,3,4(理PH 1009)","['', '', '', '234', '', '', '']",《講授類》,[],True
https://selcrs.nsysu.edu.tw/menu5/showoutline.asp?SYEAR=114&SEM=2&CrsDat=PHYS504&Crsname=書報討論（二）,,,False,物理碩,PHYS504,1,不分班,"書報討論（二）
SEMINAR (II)",1,期,True,50,0,34,16,岩本祥,四6(理PH 2006),"['', '', '', '6', '', '', '']",《演講/參訪》,[],True
https://selcrs.nsysu.edu.tw/menu5/showoutline.asp?SYEAR=114&SEM=2&CrsDat=PHYS505&Crsname=古典力學,新增,1/13,False,物理碩,PHYS505,1,不分班,"古典力學
CLASSICAL MECHANICS",3,期,False,50,2,0,50,呂浩宇,"五5,6,7(理PH 5008)","['', '', '', '', '567', '', '']",《講授類》,[],True
https://selcrs.nsysu.edu.tw/menu5/showoutline.asp?SYEAR=114&SEM=2&CrsDat=PHYS507&Crsname=電動力學,,,False,物理碩,PHYS507,1,不分班,"電動力學
ELECTRODYNAMICS",3,期,False,50,7,0,50,狄米契,"五2,3,4(理PH 5008)","['', '', '', '', '234', '', '']",《講授類》,[],True
https://selcrs.nsysu.edu.tw/menu5/showoutline.asp?SYEAR=114&SEM=2&CrsDat=PHYS508&Crsname=統計力學,,,False,物理碩,PHYS508,1,不分班,"統計力學
STATISTICAL MECHANICS",3,期,False,50,11,0,50,陳宗緯,"一2,3,4(理PH 5008)","['234', '', '', '', '', '', '']",《講授類》,[],True
https://selcrs.nsysu.edu.tw/menu5/showoutline.asp?SYEAR=114&SEM=2&CrsDat=PHYS511&Crsname=計算物理（一）,,,False,物理碩,PHYS511,1,不分班,"計算物理（一）
COMPUTATIONAL PHYSICS (I)",3,期,False,50,1,0,50,"莊豐權,黃志權","一8,6,7(理PH 5008)","['678', '', '', '', '', '', '']",《講授類》,['計算物理及人工智慧微學程'],True
https://selcrs.nsysu.edu.tw/menu5/showoutline.asp?SYEAR=114&SEM=2&CrsDat=PHYS520&Crsname=量子光學,,,False,物理碩,PHYS520,1,不分班,"量子光學
QUANTUM OPTICS",3,期,False,50,6,0,50,陳易馨,"二2,3,4(理PH 5008)","['', '234', '', '', '', '', '']",《講授類》,[],False
https://selcrs.nsysu.edu.tw/menu5/showoutline.asp?SYEAR=114&SEM=2&CrsDat=PHYS525A&Crsname=半導體材料與物理,,,False,物理碩,PHYS525A,1,不分班,"半導體材料與物理
SEMICONDUCTOR MATERIALS AND PHYSICS",3,期,False,50,8,0,50,余健文,"二8,6,7(理PH 5008)","['', '678', '', '', '', '', '']",《講授類》,[],True
https://selcrs.nsysu.edu.tw/menu5/showoutline.asp?SYEAR=114&SEM=2&CrsDat=PHYS526&Crsname=相對論,新增,1/27,False,物理碩,PHYS526,1,不分班,"相對論
RELATIVITY",3,期,False,50,1,0,50,狄米契,"四8,9(理PH 5009) 五9(理PH 5009)","['', '', '', '89', '9', '', '']",《講授類》,[],True
https://selcrs.nsysu.edu.tw/menu5/showoutline.asp?SYEAR=114&SEM=2&CrsDat=PHYS606&Crsname=低溫物理專題（二）,,,False,物理碩,PHYS606,2,不分班,"低溫物理專題（二）
INDEPENDENT STUDIES IN LOW TEMPERATURE PHYSICS (II)",3,期,False,50,1,0,50,楊弘敦,"四A,1,B(理PH 4010)","['', '', '', 'A1B', '', '', '']",《獨立研究》,[],True
https://selcrs.nsysu.edu.tw/menu5/showoutline.asp?SYEAR=114&SEM=2&CrsDat=PHYS614&Crsname=書報討論（四）,,,False,物理碩,PHYS614,2,不分班,"書報討論（四）
SEMINAR (IV)",1,期,False,50,2,0,50,"岩本祥,朱家誼",四7(理PH 2006),"['', '', '', '7', '', '', '']","《演講/參訪》
需先修習書報討論(二)",[],True
https://selcrs.nsysu.edu.tw/menu5/showoutline.asp?SYEAR=114&SEM=2&CrsDat=PHYS615&Crsname=凝體物理（二）,,,False,物理碩,PHYS615,2,不分班,"凝體物理（二）
CONDENSED MATTER PHYSICS (II)",3,期,False,50,8,0,50,余健文,"三2,3,4(理PH 5008)","['', '', '234', '', '', '', '']",《講授類》,['量子材料微學程'],True
https://selcrs.nsysu.edu.tw/menu5/showoutline.asp?SYEAR=114&SEM=2&CrsDat=PHYS622&Crsname=半導體奈米元件物理,,,False,物理碩,PHYS622,2,不分班,"半導體奈米元件物理
SEMICONDUCTOR NANO DEVICE PHYSICS",3,期,False,50,24,0,50,張鼎張,"一C,D,E(理PH 2006)","['CDE', '', '', '', '', '', '']",《講授類》,"['半導體製程模組學程', '半導體設備工程學程', '半導體元件學程', '半導體物理與先進元件分析微學程', '半導體化學學程']",False
https://selcrs.nsysu.edu.tw/menu5/showoutline.asp?SYEAR=114&SEM=2&CrsDat=PHYS682&Crsname=相對論量子自旋專題（二）,,,False,物理碩,PHYS682,2,不分班,"相對論量子自旋專題（二）
INDEPENDENT STUDIES IN RELATIVISTIC QUANTUM SPIN (II)",3,期,False,50,0,0,50,陳宗緯,"四A,1,B(理PH 7006)","['', '', '', 'A1B', '', '', '']",《獨立研究》,[],True
https://selcrs.nsysu.edu.tw/menu5/showoutline.asp?SYEAR=114&SEM=2&CrsDat=PHYS684&Crsname=非區域自旋閥專題研究（二）,,,False,物理碩,PHYS684,2,不分班,"非區域自旋閥專題研究（二）
INDEPENDENT STUDIES IN NON-LOCAL SPIN VALVE（II）",3,期,False,50,2,0,50,黃旭明,"一A,1,B(理PH 2008)","['A1B', '', '', '', '', '', '']",《獨立研究》,[],True
https://selcrs.nsysu.edu.tw/menu5/showoutline.asp?SYEAR=114&SEM=2&CrsDat=PHYS689&Crsname=天文物理專題研究（二）,,,False,物理碩,PHYS689,2,不分班,"天文物理專題研究（二）
INDEPENDENT STUDIES IN ASTROPHYSICS （II）",3,期,False,50,0,0,50,郭政育,"三A,1,B(理PH 5005)","['', '', 'A1B', '', '', '', '']",《獨立研究》,[],False
https://selcrs.nsysu.edu.tw/menu5/showoutline.asp?SYEAR=114&SEM=2&CrsDat=PHYS691&Crsname=低維度光電材料專題研究（二）,,,False,物理碩,PHYS691,2,不分班,"低維度光電材料專題研究（二）
INDEPENDENT STUDIES IN LOW-DIMENSIONAL OPTOELECTRONIC MATERIALS（II）",3,期,False,50,0,0,50,盧怡穎,"五A,1,B(理PH 6009)","['', '', '', '', 'A1B', '', '']",《獨立研究》,[],True
https://selcrs.nsysu.edu.tw/menu5/showoutline.asp?SYEAR=114&SEM=2&CrsDat=PHYS693&Crsname=隱形科學專題（二）,,,False,物理碩,PHYS693,2,不分班,"隱形科學專題（二）
INDEPENDENT STUDIES IN SCIENCE OF INVISIBILITY (II)",3,期,False,50,0,0,50,林德鴻,"三A,1,B(理PH 7001)","['', '', 'A1B', '', '', '', '']",《獨立研究》,[],False
https://selcrs.nsysu.edu.tw/menu5/showoutline.asp?SYEAR=114&SEM=2&CrsDat=PHYS695&Crsname=拓樸物理專題研究（二）,,,False,物理碩,PHYS695,2,不分班,"拓樸物理專題研究（二）
INDEPENDENT STUDIES IN TOPOLOGICAL PHYSICS (II)",3,期,False,50,1,0,50,黃信銘,"一A,1,B(理PH 6001)","['A1B', '', '', '', '', '', '']",《獨立研究》,[],True
https://selcrs.nsysu.edu.tw/menu5/showoutline.asp?SYEAR=114&SEM=2&CrsDat=PHYS697&Crsname=量子光學專題（二）,,,False,物理碩,PHYS697,2,不分班,"量子光學專題（二）
INDEPENDENT STUDIES IN QUANTUM OPTICS (II)",3,期,False,50,1,0,50,陳易馨,"一A,1,B(理PH 6010)","['A1B', '', '', '', '', '', '']",《獨立研究》,[],False
https://selcrs.nsysu.edu.tw/menu5/showoutline.asp?SYEAR=114&SEM=2&CrsDat=PHYS699&Crsname=量子計算專題（二）,,,False,物理碩,PHYS699,2,不分班,"量子計算專題（二）
INDEPENDENT STUDIES IN QUANTUM COMPUTING(Ⅱ)",3,期,False,50,1,0,50,邱奎霖,"二A,1,B(理PH 3007)","['', 'A1B', '', '', '', '', '']",《獨立研究》,[],True
https://selcrs.nsysu.edu.tw/menu5/showoutline.asp?SYEAR=114&SEM=2&CrsDat=MATH501&Crsname=統計書報討論（一）,,,True,應數碩,MATH501,1,不分班,"統計書報討論（一）
SEMINAR IN STATISTICS(I)",1,期,True,30,6,0,30,張中,四6(理SC 4009-1),"['', '', '', '6', '', '', '']",《講授類》,[],False
https://selcrs.nsysu.edu.tw/menu5/showoutline.asp?SYEAR=114&SEM=2&CrsDat=MATH502&Crsname=數理統計,,,False,應數碩,MATH502,0,不分班,"數理統計
MATHEMATICAL STATISTICS",3,期,False,30,3,0,30,林建同,"五5,6,7(理SC 4009-1)","['', '', '', '', '567', '', '']",《講授類》,['金融工程學程'],True
https://selcrs.nsysu.edu.tw/menu5/showoutline.asp?SYEAR=114&SEM=2&CrsDat=MATH504&Crsname=財務時間序列分析,異動,更換部份時間2/2,False,應數碩,MATH504,0,不分班,"財務時間序列分析
ANALYSIS OF FINANCIAL TIME SERIES",3,期,False,30,4,0,30,郭美惠,"三4(理SC 4009-1) 五3,4(理SC 4009-1)","['', '', '4', '', '34', '', '']",《講授類》,"['巨量資料分析學程', '金融工程學程']",False
https://selcrs.nsysu.edu.tw/menu5/showoutline.asp?SYEAR=114&SEM=2&CrsDat=MATH508&Crsname=統計品管,異動,更換部份時間2/2,False,應數碩,MATH508,0,不分班,"統計品管
STATISTICAL QUALITY CONTROL",3,期,False,30,8,0,30,郭美惠,"一3,4(理SC 4009-1) 四4(理SC 4009-1)","['34', '', '', '4', '', '', '']",《講授類》,[],False
https://selcrs.nsysu.edu.tw/menu5/showoutline.asp?SYEAR=114&SEM=2&CrsDat=MATH510&Crsname=存活分析,異動,更換部份時間2/2,False,應數碩,MATH510,0,不分班,"存活分析
SURVIVAL ANALYSIS",3,期,False,30,6,0,30,張中,"一2(理SC 4009-1) 四2,3(理SC 4009-1)","['2', '', '', '23', '', '', '']",《講授類》,[],False
https://selcrs.nsysu.edu.tw/menu5/showoutline.asp?SYEAR=114&SEM=2&CrsDat=MATH513&Crsname=精算方法與模型,,,False,應數碩,MATH513,0,不分班,"精算方法與模型
ACTUARIAL METHODS AND MODELS",3,期,False,30,2,0,30,李欣倫,"二2,3,4(理SC 4009-1)","['', '234', '', '', '', '', '']",《講授類》,[],True
https://selcrs.nsysu.edu.tw/menu5/showoutline.asp?SYEAR=114&SEM=2&CrsDat=MATH514&Crsname=無母數統計,異動,更換部份時間2/2,False,應數碩,MATH514,0,不分班,"無母數統計
NONPARAMETRIC STATISTICS",3,期,False,30,3,0,30,施嘉翰,"三2,3(理SC 4009-1) 五2(理SC 4009-1)","['', '', '23', '', '2', '', '']",《講授類》,[],False
https://selcrs.nsysu.edu.tw/menu5/showoutline.asp?SYEAR=114&SEM=2&CrsDat=MATH521&Crsname=Python與機器學習（二）,,,False,應數碩,MATH521,0,不分班,"Python與機器學習（二）
MACHINE LEARNING WITH PYTHON (II)",3,期,False,30,7,0,30,張福春,"二5,6,7(理SC 4009-1)","['', '567', '', '', '', '', '']",《講授類》,"['無人載具學程', '金融工程學程']",False
https://selcrs.nsysu.edu.tw/menu5/showoutline.asp?SYEAR=114&SEM=2&CrsDat=MATH526&Crsname=計算書報討論（一）,,,True,應數碩,MATH526,1,不分班,"計算書報討論（一）
SEMINAR IN SCIENTIFIC COMPUTING(I)",1,期,True,20,2,0,20,卓建宏,四6(理SC 4011),"['', '', '', '6', '', '', '']",《講授類》,[],False
https://selcrs.nsysu.edu.tw/menu5/showoutline.asp?SYEAR=114&SEM=2&CrsDat=MATH534&Crsname=平行計算,,,False,應數碩,MATH534,0,不分班,"平行計算
PARALLEL COMPUTING",3,期,False,20,3,0,20,黃杰森,"一3,4(理SC 4009-0) 四3(理SC 4009-0)","['34', '', '', '3', '', '', '']",《講授類》,['巨量資料分析學程'],False
https://selcrs.nsysu.edu.tw/menu5/showoutline.asp?SYEAR=114&SEM=2&CrsDat=MATH545&Crsname=應用數學特論,,,False,應數碩,MATH545,0,不分班,"應用數學特論
SPECIAL TOPICS IN APPLIED MATHEMATICS",3,期,False,20,4,0,20,呂宗澤,"三3,4(理SC 4011) 四5(理SC 4011)","['', '', '34', '5', '', '', '']",《講授類》,['半導體製程模組學程'],False
https://selcrs.nsysu.edu.tw/menu5/showoutline.asp?SYEAR=114&SEM=2&CrsDat=MATH551&Crsname=數學書報討論（一）,,,True,應數碩,MATH551,1,不分班,"數學書報討論（一）
SEMINAR IN MATHEMATICS(I)",1,期,True,10,2,0,10,陳志漢,四6(理SC 4013),"['', '', '', '6', '', '', '']",《講授類》,[],False
https://selcrs.nsysu.edu.tw/menu5/showoutline.asp?SYEAR=114&SEM=2&CrsDat=MATH561&Crsname=拓樸學,,,False,應數碩,MATH561,0,不分班,"拓樸學
TOPOLOGY",3,期,False,20,1,0,20,何宗軒,"三3,4,B(理SC 4013)","['', '', '34B', '', '', '', '']",《講授類》,[],False
https://selcrs.nsysu.edu.tw/menu5/showoutline.asp?SYEAR=114&SEM=2&CrsDat=MATH573&Crsname=算子理論,,,False,應數碩,MATH573,0,不分班,"算子理論
OPERATOR THEORY",3,期,False,20,1,0,20,何宗軒,"二5,6,7(理SC 4013)","['', '567', '', '', '', '', '']",《講授類》,[],False
https://selcrs.nsysu.edu.tw/menu5/showoutline.asp?SYEAR=114&SEM=2&CrsDat=MATH576&Crsname=測度論,,,False,應數碩,MATH576,0,不分班,"測度論
MEASURE THEORY",3,期,False,20,1,0,20,何宗軒,"四3,4,B(理SC 4013)","['', '', '', '34B', '', '', '']",《講授類》,[],False
https://selcrs.nsysu.edu.tw/menu5/showoutline.asp?SYEAR=114&SEM=2&CrsDat=MATH609&Crsname=高維度統計,,,False,應數碩,MATH609,0,不分班,"高維度統計
HIGH-DIMENSIONAL STATISTICS",3,期,False,30,6,0,30,林建同,"一8,6,7(理SC 4009-1)","['678', '', '', '', '', '', '']",《講授類》,[],False
https://selcrs.nsysu.edu.tw/menu5/showoutline.asp?SYEAR=114&SEM=2&CrsDat=MATH614&Crsname=統計計算專題研討（二）,,,False,應數碩,MATH614,0,不分班,"統計計算專題研討（二）
SEMINAR IN STUDIES IN COMPUTATIONAL STATISTICS II",3,期,False,10,0,0,10,張福春,"三5,6,7(理SC 3002-4)","['', '', '567', '', '', '', '']",《研討類》,[],False
https://selcrs.nsysu.edu.tw/menu5/showoutline.asp?SYEAR=114&SEM=2&CrsDat=MATH616&Crsname=時間序列專題研討（二）,,,False,應數碩,MATH616,0,不分班,"時間序列專題研討（二）
INDEPENDENT STUDIES IN TIME SERIES ANALYSIS II",3,期,False,10,3,0,10,郭美惠,"三5,6,7(理SC 4027)","['', '', '567', '', '', '', '']",《研討類》,[],False
https://selcrs.nsysu.edu.tw/menu5/showoutline.asp?SYEAR=114&SEM=2&CrsDat=MATH618&Crsname=生物統計專題研討（二）,,,False,應數碩,MATH618,0,不分班,"生物統計專題研討（二）
SEMINAR IN BIOSTATISTICS (II)",3,期,False,10,0,0,10,張中,"三5,6,7(理SC 4011)","['', '', '567', '', '', '', '']",《研討類》,[],False
https://selcrs.nsysu.edu.tw/menu5/showoutline.asp?SYEAR=114&SEM=2&CrsDat=MATH619&Crsname=隨機過程專題研討（一）,,,False,應數碩,MATH619,0,不分班,"隨機過程專題研討（一）
SEMINAR IN STOCHASTIC PROCESSES (I)",3,期,False,10,0,0,10,陳美如,"三5,6,7(理SC 4009-0)","['', '', '567', '', '', '', '']",《研討類》,[],True
https://selcrs.nsysu.edu.tw/menu5/showoutline.asp?SYEAR=114&SEM=2&CrsDat=MATH622&Crsname=耦合專題研討（一）,,,False,應數碩,MATH622,0,不分班,"耦合專題研討（一）
SEMINAR IN COPULAS (I)",3,期,False,10,0,0,10,施嘉翰,"三5,6,7(理SC 4011-2)","['', '', '567', '', '', '', '']",《研討類》,[],False
https://selcrs.nsysu.edu.tw/menu5/showoutline.asp?SYEAR=114&SEM=2&CrsDat=MATH623&Crsname=空間資料預測專題研討,,,False,應數碩,MATH623,0,不分班,"空間資料預測專題研討
SEMINAR IN SPATIAL DATA PREDICTION",3,期,False,10,3,0,10,陳志偉,"二2,3,4(理SC 4011-2)","['', '234', '', '', '', '', '']",《研討類》,[],False
https://selcrs.nsysu.edu.tw/menu5/showoutline.asp?SYEAR=114&SEM=2&CrsDat=MATH639&Crsname=科學計算專題研討,,,False,應數碩,MATH639,0,不分班,"科學計算專題研討
SEMINAR IN SCIENTIFIC COMPUTING",3,期,False,10,0,0,10,卓建宏,"二8,6,7(理SC 4011-2)","['', '678', '', '', '', '', '']",《研討類》,[],False
https://selcrs.nsysu.edu.tw/menu5/showoutline.asp?SYEAR=114&SEM=2&CrsDat=MATH640&Crsname=常微分方程數值解專題研討,,,False,應數碩,MATH640,0,不分班,"常微分方程數值解專題研討
SEMINAR IN NUMERICAL ORDINARY DIFFERENTIAL EQUATIONS",3,期,False,10,1,0,10,李宗錂,"二8,6,7(理SC 4011)","['', '678', '', '', '', '', '']",《研討類》,[],False
https://selcrs.nsysu.edu.tw/menu5/showoutline.asp?SYEAR=114&SEM=2&CrsDat=MATH644&Crsname=影像處理專題研討,,,False,應數碩,MATH644,0,不分班,"影像處理專題研討
SEMINAR IN IMAGE PROCESSING",3,期,False,10,0,0,10,鍾思齊,"三5,6,7(理SC 4009-1)","['', '', '567', '', '', '', '']",《研討類》,[],False
https://selcrs.nsysu.edu.tw/menu5/showoutline.asp?SYEAR=114&SEM=2&CrsDat=MATH661&Crsname=應用分析專題研討,,,False,應數碩,MATH661,0,不分班,"應用分析專題研討
SEMINAR IN APPLIED ANALYSIS",3,期,False,5,0,0,5,陳志漢,"二2,3,4(理SC 3002-2)","['', '234', '', '', '', '', '']",《研討類》,[],True
https://selcrs.nsysu.edu.tw/menu5/showoutline.asp?SYEAR=114&SEM=2&CrsDat=MATH677&Crsname=隨機微分方程專題研討（二）,,,False,應數碩,MATH677,0,不分班,"隨機微分方程專題研討（二）
SEMINAR IN STOCHASTIC DIFFERENTIAL EQUATIONS (II)",3,期,False,10,0,0,10,許柏翰,"二2,3,4(理SC 4013)","['', '234', '', '', '', '', '']",《研討類》,[],False
https://selcrs.nsysu.edu.tw/menu5/showoutline.asp?SYEAR=114&SEM=2&CrsDat=MATH686&Crsname=生物數學專題研討（二）,異動,更換時間1/2,False,應數碩,MATH686,0,不分班,"生物數學專題研討（二）
SEMINAR IN BIOMATHEMATICS (II)",3,期,False,10,1,0,10,余冠儒,二A(理SC 2002-6) 三A(理SC 2002-6) 五A(理SC 2002-6),"['', 'A', 'A', '', 'A', '', '']",《研討類》,[],False
https://selcrs.nsysu.edu.tw/menu5/showoutline.asp?SYEAR=114&SEM=2&CrsDat=MATH687&Crsname=結理論專題研討（一）,,,False,應數碩,MATH687,0,不分班,"結理論專題研討（一）
SEMINAR IN KNOT THEORY (I)",3,期,False,10,0,0,10,王以晟,"一6(理SC 2002-1) 四B,5(理SC 2002-1)","['6', '', '', 'B5', '', '', '']",《研討類》,[],True
https://selcrs.nsysu.edu.tw/menu5/showoutline.asp?SYEAR=114&SEM=2&CrsDat=MATH693&Crsname=社交網絡專題研討（二）,,,False,應數碩,MATH693,0,不分班,"社交網絡專題研討（二）
SEMINAR IN SOCIAL NETWORK (II)",3,期,False,10,0,0,10,李欣倫,"一8,6,7(理SC 4027)","['678', '', '', '', '', '', '']",《研討類》,[],False
https://selcrs.nsysu.edu.tw/menu5/showoutline.asp?SYEAR=114&SEM=2&CrsDat=MATH694&Crsname=高維度資料分析專題研討（一）,,,False,應數碩,MATH694,0,不分班,"高維度資料分析專題研討（一）
SEMINAR IN HIGH-DIMENSIONAL DATA ANALYSIS (I)",3,期,False,5,1,0,5,林建同,"三5,6,7(理SC 4013)","['', '', '567', '', '', '', '']",《研討類》,[],False
https://selcrs.nsysu.edu.tw/menu5/showoutline.asp?SYEAR=114&SEM=2&CrsDat=EE3902&Crsname=生醫儀器導論,,,False,電機碩,EE3902,0,不分班,"生醫儀器導論
INTRODUCTION TO BIOMEDICAL INSTRUMENTATION",3,期,False,50,3,0,50,"余祥華,曾乙立","一5,6,7(工EC 3013)","['567', '', '', '', '', '', '']",《講授類》,[],False
https://selcrs.nsysu.edu.tw/menu5/showoutline.asp?SYEAR=114&SEM=2&CrsDat=EE4718&Crsname=高可靠度系統之設計、測試與應用,異動,更換時間1/20,False,電機碩,EE4718,0,不分班,"高可靠度系統之設計、測試與應用
DESIGN, TEST, AND APPLICATIONS OF HIGHLY RELIABLE SYSTEMS",3,期,False,50,18,0,50,謝東佑,"五2,3,4(工EC 3014)","['', '', '', '', '234', '', '']",《講授類》,"['數位IC設計學程', '資通安全學程']",True
https://selcrs.nsysu.edu.tw/menu5/showoutline.asp?SYEAR=114&SEM=2&CrsDat=EE5100&Crsname=書報討論,,,False,電機碩,EE5100,1,不分班,"書報討論
SEMINAR",1,期,True,150,1,157,-7,謝耀慶,"二6,7(工EC 6019)","['', '67', '', '', '', '', '']",《演講/參訪》,[],False
https://selcrs.nsysu.edu.tw/menu5/showoutline.asp?SYEAR=114&SEM=2&CrsDat=EE5100A&Crsname=書報討論,,,False,電機碩,EE5100A,2,不分班,"書報討論
SEMINAR",1,期,True,150,1,138,12,謝耀慶,"二6,7(工EC 6019)","['', '67', '', '', '', '', '']",《演講/參訪》,[],False
https://selcrs.nsysu.edu.tw/menu5/showoutline.asp?SYEAR=114&SEM=2&CrsDat=EE5105&Crsname=光電元件,,,False,電機碩,EE5105,0,不分班,"光電元件
PHOTOELECTRONIC DEVICES",3,期,False,50,27,0,50,莊豐任,"三2,3,4(工EC 3014)","['', '', '234', '', '', '', '']",《講授類》,['半導體元件學程'],False
https://selcrs.nsysu.edu.tw/menu5/showoutline.asp?SYEAR=114&SEM=2&CrsDat=EE5112&Crsname=固態電子元件（二）,異動,更換時間1/14,False,電機碩,EE5112,0,不分班,"固態電子元件（二）
SOLID STATE ELECTRONIC DEVICES (II)",3,期,False,50,15,0,50,馬誠佑,"一5,6,7(工EC 3014)","['567', '', '', '', '', '', '']",《講授類》,"['半導體製程模組學程', '半導體設備工程學程', '半導體元件學程']",False
https://selcrs.nsysu.edu.tw/menu5/showoutline.asp?SYEAR=114&SEM=2&CrsDat=EE5117&Crsname=智慧型微感測晶片設計專題,,,False,電機碩,EE5117,0,不分班,"智慧型微感測晶片設計專題
INDEPENDENT STUDIES IN SMART-SENSING MICROCHIPS DESIGN",3,期,False,50,1,0,50,黃義佑,"三5,6,7(國IR 6002K)","['', '', '567', '', '', '', '']",《獨立研究》,[],False
https://selcrs.nsysu.edu.tw/menu5/showoutline.asp?SYEAR=114&SEM=2&CrsDat=EE5123&Crsname=感測元件,,,False,電機碩,EE5123,0,不分班,"感測元件
SENSORS",3,期,False,50,10,0,50,陳英忠,"四8,6,7(工EC 2007)","['', '', '', '678', '', '', '']",《講授類》,"['半導體設備工程學程', '半導體元件學程']",False
https://selcrs.nsysu.edu.tw/menu5/showoutline.asp?SYEAR=114&SEM=2&CrsDat=EE5125&Crsname=電子元件專題（二）,,,False,電機碩,EE5125,0,不分班,"電子元件專題（二）
SPECIAL TOPICS IN ELECTRONIC DEVICES (II)",3,期,False,50,3,0,50,陳英忠,"四2,3,4(工EC 8037)","['', '', '', '234', '', '', '']",《獨立研究》,[],False
https://selcrs.nsysu.edu.tw/menu5/showoutline.asp?SYEAR=114&SEM=2&CrsDat=EE5129&Crsname=薄膜工程專題,異動,更換時間及教室1/28,False,電機碩,EE5129,0,不分班,"薄膜工程專題
INDEPENDENT STUDIES IN THIN-FILM TECHNOLOGY",3,期,False,50,5,0,50,莊豐任,"三5,6,7(工EC 1008)","['', '', '567', '', '', '', '']",《獨立研究》,[],False
https://selcrs.nsysu.edu.tw/menu5/showoutline.asp?SYEAR=114&SEM=2&CrsDat=EE5131&Crsname=先進元件可靠度專題,,,False,電機碩,EE5131,0,不分班,"先進元件可靠度專題
INDEPENDENT STUDIES IN ADVANCED DEVICE RELIABILITY",3,期,False,50,4,0,50,馬誠佑,"四C,D,E(工EC 7040)","['', '', '', 'CDE', '', '', '']",《獨立研究》,[],False
https://selcrs.nsysu.edu.tw/menu5/showoutline.asp?SYEAR=114&SEM=2&CrsDat=EE5134&Crsname=奈米材料,,,False,電機碩,EE5134,0,不分班,"奈米材料
NANOMATERIALS",3,期,False,50,7,0,50,莊豐任,"一2,3,4(工EC 3010)","['234', '', '', '', '', '', '']",《講授類》,"['半導體製程模組學程', '半導體設備工程學程', '半導體元件學程']",False
https://selcrs.nsysu.edu.tw/menu5/showoutline.asp?SYEAR=114&SEM=2&CrsDat=EE5135&Crsname=固態電子元件（三）,,,False,電機碩,EE5135,0,不分班,"固態電子元件（三）
SOLID STATE ELECTRONIC DEVICES (III)",3,期,False,50,1,0,50,馬誠佑,"一2,3,4(工EC 2007)","['234', '', '', '', '', '', '']",《講授類》,"['半導體製程模組學程', '半導體設備工程學程', '半導體元件學程']",False
https://selcrs.nsysu.edu.tw/menu5/showoutline.asp?SYEAR=114&SEM=2&CrsDat=EE5136&Crsname=二維半導體元件專題,,,False,電機碩,EE5136,0,不分班,"二維半導體元件專題
INDEPENDENT STUDIES IN TWO-DIMENSIONAL SEMICONDUCTOR DEVICES",3,期,False,50,3,0,50,陳昶孝,"四8,6,7(工EC 6015-1)","['', '', '', '678', '', '', '']",《獨立研究》,[],False
https://selcrs.nsysu.edu.tw/menu5/showoutline.asp?SYEAR=114&SEM=2&CrsDat=EE5138&Crsname=低維度電子材料,,,False,電機碩,EE5138,0,不分班,"低維度電子材料
LOW-DIMENSIONAL ELECTRONIC MATERIALS",3,期,False,50,4,0,50,陳昶孝,"三5,6,7(工EC 2010)","['', '', '567', '', '', '', '']",《講授類》,"['半導體製程模組學程', '半導體設備工程學程', '半導體元件學程']",False
https://selcrs.nsysu.edu.tw/menu5/showoutline.asp?SYEAR=114&SEM=2&CrsDat=EE5143&Crsname=氮化物半導體元件專題,,,False,電機碩,EE5143,0,不分班,"氮化物半導體元件專題
INDEPENDENT STUDIES IN NITRIDE-BASED SEMICONDUCTOR DEVICES",3,期,False,50,1,0,50,劉漢胤,"一2,3,4(工EC 8037)","['234', '', '', '', '', '', '']",《獨立研究》,[],False
https://selcrs.nsysu.edu.tw/menu5/showoutline.asp?SYEAR=114&SEM=2&CrsDat=EE5144&Crsname=寬能隙半導體與功率元件,異動,更換時間1/20,False,電機碩,EE5144,0,不分班,"寬能隙半導體與功率元件
WIDE BANDGAP SEMICONDUCTORS AND POWER DEVICES",3,期,False,50,5,0,50,劉漢胤,"四5,6,7(工EC 3013)","['', '', '', '567', '', '', '']",《講授類》,[],False
https://selcrs.nsysu.edu.tw/menu5/showoutline.asp?SYEAR=114&SEM=2&CrsDat=EE5145&Crsname=半導體特殊技術專論,,,False,電機碩,EE5145,0,不分班,"半導體特殊技術專論
ADVANCED TOPICS IN SEMICONDUCTOR SPECIALTY TECHNOLOGIES",3,期,False,50,1,0,50,黃義佑,"一8,6,7(國IR 1001)","['678', '', '', '', '', '', '']",《講授類》,[],False
https://selcrs.nsysu.edu.tw/menu5/showoutline.asp?SYEAR=114&SEM=2&CrsDat=EE5201&Crsname=切換系統控制專題,異動,確認教師1/14,False,電機碩,EE5201,0,不分班,"切換系統控制專題
SPECIAL TOPICS IN CONTROL OF SWITCHED SYSTEMS",3,期,False,50,0,0,50,陳建璋,"二C,D,E(工EC 6015-1)","['', 'CDE', '', '', '', '', '']",《獨立研究》,[],False
https://selcrs.nsysu.edu.tw/menu5/showoutline.asp?SYEAR=114&SEM=2&CrsDat=EE5207&Crsname=多變數系統控制,異動,確認教師1/14,False,電機碩,EE5207,0,不分班,"多變數系統控制
CONTROL OF MULTIVARIABLE SYSTEMS",3,期,False,50,2,0,50,陳建璋,"二2,3,4(工EC 3010)","['', '234', '', '', '', '', '']",《講授類》,[],False
https://selcrs.nsysu.edu.tw/menu5/showoutline.asp?SYEAR=114&SEM=2&CrsDat=EE5208&Crsname=希爾伯特空間方法與應用,,,False,電機碩,EE5208,0,不分班,"希爾伯特空間方法與應用
HILBERT SPACE METHOD AND APPLICATIONS",3,期,False,50,1,0,50,余祥華,"二2,3,4(工EC 2010)","['', '234', '', '', '', '', '']","《講授類》
開放大三、大四學生選修",[],True
https://selcrs.nsysu.edu.tw/menu5/showoutline.asp?SYEAR=114&SEM=2&CrsDat=EE5211&Crsname=非線性控制設計專題,,,False,電機碩,EE5211,0,不分班,"非線性控制設計專題
SPECIAL TOPICS IN NOLINEAR CONTROL DESIGN",3,期,False,50,1,0,50,李廸章,"二2,3,4(工EC 6015-2)","['', '234', '', '', '', '', '']",《獨立研究》,[],False
https://selcrs.nsysu.edu.tw/menu5/showoutline.asp?SYEAR=114&SEM=2&CrsDat=EE5214&Crsname=強韌控制專題,,,False,電機碩,EE5214,0,不分班,"強韌控制專題
SPECIAL TOPICS IN ROBUST",3,期,False,50,1,0,50,康斯証,"六2,3,4(工EC 7040)","['', '', '', '', '', '234', '']",《獨立研究》,[],True
https://selcrs.nsysu.edu.tw/menu5/showoutline.asp?SYEAR=114&SEM=2&CrsDat=EE5217&Crsname=最佳控制,,,False,電機碩,EE5217,0,不分班,"最佳控制
OPTIMAL CONTROL",3,期,False,50,3,0,50,李廸章,"三5,6,7(工EC 3012)","['', '', '567', '', '', '', '']",《講授類》,['半導體設備工程學程'],True
https://selcrs.nsysu.edu.tw/menu5/showoutline.asp?SYEAR=114&SEM=2&CrsDat=EE5223&Crsname=線性系統分析,,,False,電機碩,EE5223,0,不分班,"線性系統分析
LINEAR SYSTEM ANALYSIS",3,期,False,50,3,0,50,康斯証,"五8,6,7(工EC 3010)","['', '', '', '', '678', '', '']",《講授類》,[],True
https://selcrs.nsysu.edu.tw/menu5/showoutline.asp?SYEAR=114&SEM=2&CrsDat=EE5224&Crsname=線性系統專題,,,False,電機碩,EE5224,0,不分班,"線性系統專題
SPECIAL TOPICS IN LINEAR SYSTEM",3,期,False,50,0,0,50,高崇堯,"二2,3,4(工EC 6015-1)","['', '234', '', '', '', '', '']",《獨立研究》,[],False
https://selcrs.nsysu.edu.tw/menu5/showoutline.asp?SYEAR=114&SEM=2&CrsDat=EE5225&Crsname=適應控制,異動,確認教師1/14,False,電機碩,EE5225,0,不分班,"適應控制
ADAPTIVE CONTROL",3,期,False,50,1,0,50,陳建璋,"一8,6,7(工EC 6015-2)","['678', '', '', '', '', '', '']",《講授類》,['半導體設備工程學程'],True
https://selcrs.nsysu.edu.tw/menu5/showoutline.asp?SYEAR=114&SEM=2&CrsDat=EE5228&Crsname=智慧型機器人專題（二）,,,False,電機碩,EE5228,0,不分班,"智慧型機器人專題（二）
INDEPENDENT STUDIES IN INTELLIGENT ROBOT PROJECT (II)",3,期,False,50,2,0,50,黃國勝,"二C,D,E(工EC 8037)","['', 'CDE', '', '', '', '', '']",《獨立研究》,[],False
https://selcrs.nsysu.edu.tw/menu5/showoutline.asp?SYEAR=114&SEM=2&CrsDat=EE5233&Crsname=模糊控制研究專題,,,False,電機碩,EE5233,0,不分班,"模糊控制研究專題
INDEPENDENT STUDIES IN FUZZY CONTROL",3,期,False,50,2,0,50,蔡舜宏,"一C,D,E(工EC 6015-2)","['CDE', '', '', '', '', '', '']",《獨立研究》,[],True
https://selcrs.nsysu.edu.tw/menu5/showoutline.asp?SYEAR=114&SEM=2&CrsDat=EE5314&Crsname=高等計算機結構,異動,更換授課方法1/7,False,電機碩,EE5314,0,不分班,"高等計算機結構
ADVANCED COMPUTER ARCHITECTURE",3,期,False,50,6,0,50,邱日清,"四8,6,7(工EC 6016)","['', '', '', '678', '', '', '']",《講授類》,['數位IC設計學程'],True
https://selcrs.nsysu.edu.tw/menu5/showoutline.asp?SYEAR=114&SEM=2&CrsDat=EE5319&Crsname=無線網路資源管理專題,,,False,電機碩,EE5319,0,不分班,"無線網路資源管理專題
SPECIAL TOPICS IN RADIO RESOURCE MANAGEMENT FOR WIRELESS NETWORKS",3,期,False,50,2,0,50,周孜燦,"五8,6,7(工EC 7015-2)","['', '', '', '', '678', '', '']",《獨立研究》,[],False
https://selcrs.nsysu.edu.tw/menu5/showoutline.asp?SYEAR=114&SEM=2&CrsDat=EE5325&Crsname=電腦模擬技術與分析,,,False,電機碩,EE5325,0,不分班,"電腦模擬技術與分析
COMPUTER SIMULATION TECHNIQUES AND ANALYSIS",3,期,False,50,4,0,50,陳伯煒,"五5,6,7(工EC 3009)","['', '', '', '', '567', '', '']",《講授類》,[],True
https://selcrs.nsysu.edu.tw/menu5/showoutline.asp?SYEAR=114&SEM=2&CrsDat=EE5326&Crsname=演算法設計及分析,,,False,電機碩,EE5326,0,不分班,"演算法設計及分析
DESIGN AND ANALYSIS OF ALGORITHMS",3,期,False,50,16,0,50,周孜燦,"三5,6,7(工EC 3013)","['', '', '567', '', '', '', '']",《講授類》,[],False
https://selcrs.nsysu.edu.tw/menu5/showoutline.asp?SYEAR=114&SEM=2&CrsDat=EE5329&Crsname=機器學習,異動,更換部份時間1/27,False,電機碩,EE5329,0,不分班,"機器學習
MACHINE LEARNING",3,期,False,50,22,0,50,黃國勝,"三3(工EC 3013) 四3,4(工EC 3013)","['', '', '3', '34', '', '', '']",《講授類》,['無人載具學程'],False
https://selcrs.nsysu.edu.tw/menu5/showoutline.asp?SYEAR=114&SEM=2&CrsDat=EE5331&Crsname=車載通訊網路技術與應用,,,False,電機碩,EE5331,0,不分班,"車載通訊網路技術與應用
TECHNOLOGIES AND APPLICATIONS OF VEHICLE COMMUNICATION NETWORKS",3,期,False,50,0,0,50,周孜燦,"四2,3,4(工EC 7040)","['', '', '', '234', '', '', '']",《講授類》,[],False
https://selcrs.nsysu.edu.tw/menu5/showoutline.asp?SYEAR=114&SEM=2&CrsDat=EE5338&Crsname=數據分析學專題,,,False,電機碩,EE5338,0,不分班,"數據分析學專題
INDEPENDENT STUDIES IN DATA ANALYTICS",3,期,False,50,3,0,50,陳伯煒,"五2,3,4(工EC 7040)","['', '', '', '', '234', '', '']",《獨立研究》,[],False
https://selcrs.nsysu.edu.tw/menu5/showoutline.asp?SYEAR=114&SEM=2&CrsDat=EE5339&Crsname=人臉辨識專題,,,False,電機碩,EE5339,0,不分班,"人臉辨識專題
INDEPENDENT STUDIES IN FACE RECOGNITION",3,期,False,50,1,0,50,魏家博,"二2,3,4(工EC 7040)","['', '234', '', '', '', '', '']",《獨立研究》,[],False
https://selcrs.nsysu.edu.tw/menu5/showoutline.asp?SYEAR=114&SEM=2&CrsDat=EE5347&Crsname=進階機器人專題,,,False,電機碩,EE5347,0,不分班,"進階機器人專題
INDEPENDENT STUDIES IN ADVANCED ROBOTICS",3,期,False,50,6,0,50,翁愷貽,"三D,E,F(工EC 6015-1)","['', '', 'DEF', '', '', '', '']",《獨立研究》,[],False
https://selcrs.nsysu.edu.tw/menu5/showoutline.asp?SYEAR=114&SEM=2&CrsDat=EE5348&Crsname=進階數據科學,,,False,電機碩,EE5348,0,不分班,"進階數據科學
ADVANCED DATA SCIENCE",3,期,False,50,8,0,50,陳伯煒,"三5,6,7(工EC 3009)","['', '', '567', '', '', '', '']",《講授類》,[],True
https://selcrs.nsysu.edu.tw/menu5/showoutline.asp?SYEAR=114&SEM=2&CrsDat=EE5405&Crsname=保護電驛,,,False,電機碩,EE5405,0,不分班,"保護電驛
PROTECTIVE RELAYING",3,期,False,50,8,0,50,林建宏,"五C,D,E(工EC 2010)","['', '', '', '', 'CDE', '', '']",《講授類》,[],False
https://selcrs.nsysu.edu.tw/menu5/showoutline.asp?SYEAR=114&SEM=2&CrsDat=EE5406&Crsname=配電管理系統專題,,,False,電機碩,EE5406,0,不分班,"配電管理系統專題
SPECIAL TOPICS IN DISTRIBUTION SYSTEM MANAGEMENT",3,期,False,50,1,0,50,蘇健翔,"五8,6,7(工EC 6015-1)","['', '', '', '', '678', '', '']",《獨立研究》,['海事工程學程'],False
https://selcrs.nsysu.edu.tw/menu5/showoutline.asp?SYEAR=114&SEM=2&CrsDat=EE5409&Crsname=電力系統可靠度,,,False,電機碩,EE5409,0,不分班,"電力系統可靠度
POWER SYSTEM RELIABILITY ANALYSIS",3,期,False,50,12,0,50,鄧人豪,"一8,6,7(工EC 3009)","['678', '', '', '', '', '', '']",《講授類》,[],False
https://selcrs.nsysu.edu.tw/menu5/showoutline.asp?SYEAR=114&SEM=2&CrsDat=EE5410&Crsname=電力系統專題,,,False,電機碩,EE5410,0,不分班,"電力系統專題
SPECIAL TOPICS IN POWER SYSTEMS",3,期,False,50,5,0,50,鄧人豪,"五8,6,7(工EC 8037)","['', '', '', '', '678', '', '']",《獨立研究》,['海事工程學程'],False
https://selcrs.nsysu.edu.tw/menu5/showoutline.asp?SYEAR=114&SEM=2&CrsDat=EE5414&Crsname=電力品質,,,False,電機碩,EE5414,0,不分班,"電力品質
POWER QUALITY",3,期,False,50,7,0,50,哈菲茲,"五8,6,7(工EC 2007)","['', '', '', '', '678', '', '']",《講授類》,['海事工程學程'],True
https://selcrs.nsysu.edu.tw/menu5/showoutline.asp?SYEAR=114&SEM=2&CrsDat=EE5418&Crsname=電子安定器設計專題,,,False,電機碩,EE5418,0,不分班,"電子安定器設計專題
SPECIAL TOPICS IN DESIGN OF ELECTRONICS BALLASTA",3,期,False,50,4,0,50,哈菲茲,"三2,3,4(工EC 7040)","['', '', '234', '', '', '', '']",《獨立研究》,[],True
https://selcrs.nsysu.edu.tw/menu5/showoutline.asp?SYEAR=114&SEM=2&CrsDat=EE5425&Crsname=配電系統分析專題,,,False,電機碩,EE5425,0,不分班,"配電系統分析專題
INDEPENDENT STUDIES IN DISTRIBUTION SYSTEM ANALYSIS",3,期,False,50,4,0,50,盧展南,"五8,6,7(工EC 6015-2)","['', '', '', '', '678', '', '']",《獨立研究》,['海事工程學程'],False
https://selcrs.nsysu.edu.tw/menu5/showoutline.asp?SYEAR=114&SEM=2&CrsDat=EE5430&Crsname=諧振式電力電子轉換器,,,False,電機碩,EE5430,0,不分班,"諧振式電力電子轉換器
RESONANT POWER ELECTRONIC CONVERTERS",3,期,False,50,5,0,50,謝耀慶,"二2,3,4(工EC 3014)","['', '234', '', '', '', '', '']",《講授類》,[],False
https://selcrs.nsysu.edu.tw/menu5/showoutline.asp?SYEAR=114&SEM=2&CrsDat=EE5432&Crsname=高等電機暨驅控系統設計專題,異動,確認教師1/14,False,電機碩,EE5432,0,不分班,"高等電機暨驅控系統設計專題
INDEPENDENT STUDIES IN ADVANCED ELECTRIC MACHINERY AND DRIVE SYSTEM DESIGNS",3,期,False,50,0,0,50,林省揚,"五2,3,4(工EC 8037)","['', '', '', '', '234', '', '']",《獨立研究》,[],False
https://selcrs.nsysu.edu.tw/menu5/showoutline.asp?SYEAR=114&SEM=2&CrsDat=EE5436&Crsname=固態變壓器專題,,,False,電機碩,EE5436,0,不分班,"固態變壓器專題
INDEPENDENT STUDIES IN SOLID-STATE TRANSFORMER",3,期,False,50,3,0,50,李宗璘,"三D,E,F(工EC 6015-2)","['', '', 'DEF', '', '', '', '']",《獨立研究》,[],False
https://selcrs.nsysu.edu.tw/menu5/showoutline.asp?SYEAR=114&SEM=2&CrsDat=EE5514&Crsname=射頻通訊電路設計,,,False,電機碩,EE5514,0,不分班,"射頻通訊電路設計
RF COMMUNICATION CIRCUIT DESIGN",3,期,False,50,10,0,50,洪子聖,"五2,3,4(工EC 3012)","['', '', '', '', '234', '', '']",《講授類》,['類比射頻IC設計學程'],False
https://selcrs.nsysu.edu.tw/menu5/showoutline.asp?SYEAR=114&SEM=2&CrsDat=EE5522&Crsname=無線通訊天線設計,,,False,電機碩,EE5522,0,不分班,"無線通訊天線設計
ANTENNA DESIGN FOR WIRELESS COMMUNICATION",3,期,False,50,1,0,50,翁金輅,"一8,6,7(工EC 3010)","['678', '', '', '', '', '', '']",《講授類》,[],False
https://selcrs.nsysu.edu.tw/menu5/showoutline.asp?SYEAR=114&SEM=2&CrsDat=EE5523&Crsname=無線傳輸專題,,,False,電機碩,EE5523,0,不分班,"無線傳輸專題
SPECIAL TOPICS IN WIRELESS TRANSMISSION",3,期,False,50,2,0,50,林根煌,"六2,3,4(工EC 8037)","['', '', '', '', '', '234', '']",《獨立研究》,[],False
https://selcrs.nsysu.edu.tw/menu5/showoutline.asp?SYEAR=114&SEM=2&CrsDat=EE5527&Crsname=微帶天線專題,,,False,電機碩,EE5527,0,不分班,"微帶天線專題
SPECIAL TOPICS IN MICROSTRIP ANTENNAS",3,期,False,50,0,0,50,翁金輅,"五8,6,7(工EC 7013)","['', '', '', '', '678', '', '']",《獨立研究》,[],False
https://selcrs.nsysu.edu.tw/menu5/showoutline.asp?SYEAR=114&SEM=2&CrsDat=EE5532&Crsname=數值電磁專題,,,False,電機碩,EE5532,0,不分班,"數值電磁專題
SPECIAL TOPICS IN COMPUTATIONAL ELECTROMAGNETICS",3,期,False,50,0,0,50,郭志文,"五C,D,E(工EC 6015-1)","['', '', '', '', 'CDE', '', '']",《獨立研究》,[],False
https://selcrs.nsysu.edu.tw/menu5/showoutline.asp?SYEAR=114&SEM=2&CrsDat=EE5536&Crsname=電磁相容,,,False,電機碩,EE5536,0,不分班,"電磁相容
ELECTROMAGNETIC COMPATIBILITY",3,期,False,50,6,0,50,林根煌,"三2,3,4(工EC 3010)","['', '', '234', '', '', '', '']",《講授類》,[],False
https://selcrs.nsysu.edu.tw/menu5/showoutline.asp?SYEAR=114&SEM=2&CrsDat=EE5538&Crsname=微波感測專題,,,False,電機碩,EE5538,0,不分班,"微波感測專題
INDEPENDENT STUDIES IN MICROWAVE SENSING",3,期,False,50,2,0,50,王復康,"六2,3,4(工EC 7016-2)","['', '', '', '', '', '234', '']",《獨立研究》,[],False
https://selcrs.nsysu.edu.tw/menu5/showoutline.asp?SYEAR=114&SEM=2&CrsDat=EE5539&Crsname=微波主動電路專題,,,False,電機碩,EE5539,0,不分班,"微波主動電路專題
INDEPENDENT STUDIES IN MICROWAVE ACTIVE CIRCUITS",3,期,False,50,1,0,50,李杰穎,"三2,3,4(工EC 8037)","['', '', '234', '', '', '', '']",《獨立研究》,[],False
https://selcrs.nsysu.edu.tw/menu5/showoutline.asp?SYEAR=114&SEM=2&CrsDat=EE5542&Crsname=雷達系統導論,,,False,電機碩,EE5542,0,不分班,"雷達系統導論
INTRODUCTION TO RADAR SYSTEMS",3,期,False,50,1,0,50,王復康,"三2,3,4(工EC 3012)","['', '', '234', '', '', '', '']",《講授類》,['無人載具學程'],False
https://selcrs.nsysu.edu.tw/menu5/showoutline.asp?SYEAR=114&SEM=2&CrsDat=EE5545&Crsname=天線設計特論,,,False,電機碩,EE5545,0,不分班,"天線設計特論
SPECIAL TOPICS ON ANTENNA DESIGNS",3,期,False,50,5,0,50,沈昭元,"四5,6,7(工EC 8037)","['', '', '', '567', '', '', '']",《講授類》,[],True
https://selcrs.nsysu.edu.tw/menu5/showoutline.asp?SYEAR=114&SEM=2&CrsDat=EE5547&Crsname=毫米波天線設計專題,,,False,電機碩,EE5547,0,不分班,"毫米波天線設計專題
INDEPENDENT STUDIES IN MILLIMETER-WAVE ANTENNA DESIGN",3,期,False,50,5,0,50,沈昭元,"四C,D,E(工EC 8037)","['', '', '', 'CDE', '', '', '']",《獨立研究》,[],True
https://selcrs.nsysu.edu.tw/menu5/showoutline.asp?SYEAR=114&SEM=2&CrsDat=EE5614&Crsname=視訊標準專題,,,False,電機碩,EE5614,0,不分班,"視訊標準專題
SPECIAL TOPICS IN VIDEO CODING STANDARDS",3,期,False,50,0,0,50,葉家宏,"六8,6,7(工EC 7040)","['', '', '', '', '', '678', '']",《獨立研究》,[],False
https://selcrs.nsysu.edu.tw/menu5/showoutline.asp?SYEAR=114&SEM=2&CrsDat=EE5708&Crsname=低功率積體電路專題,,,False,電機碩,EE5708,0,不分班,"低功率積體電路專題
SPECIAL TOPICS IN LOW POWER IC DESIGN",3,期,False,50,3,0,50,王朝欽,"一8,6,7(工EC 8013)","['678', '', '', '', '', '', '']",《獨立研究》,[],True
https://selcrs.nsysu.edu.tw/menu5/showoutline.asp?SYEAR=114&SEM=2&CrsDat=EE5721&Crsname=醫學影像系統,,,False,電機碩,EE5721,0,不分班,"醫學影像系統
MEDICAL IMAGING SYSTEMS",3,期,False,50,3,0,50,莊子肇,"五5,6,7(工EC 7040)","['', '', '', '', '567', '', '']",《講授類》,['人工智慧視覺技術學分學程'],False
https://selcrs.nsysu.edu.tw/menu5/showoutline.asp?SYEAR=114&SEM=2&CrsDat=EE5728&Crsname=照明電子設計專題,,,False,電機碩,EE5728,0,不分班,"照明電子設計專題
INDEPENDENT STUDIES IN DESIGN OF ELECTRONIC CIRCUITS FOR LIGHTING APPLICATIONS",3,期,False,50,5,0,50,謝耀慶,"六2,3,4(工EC 6015-2)","['', '', '', '', '', '234', '']",《獨立研究》,[],False
https://selcrs.nsysu.edu.tw/menu5/showoutline.asp?SYEAR=114&SEM=2&CrsDat=EE5732&Crsname=超大型積體電路數位訊號處理,,,False,電機碩,EE5732,0,不分班,"超大型積體電路數位訊號處理
VLSI DIGITAL SIGNAL PROCESSING",3,期,False,50,2,0,50,施信毓,"三5,6,7(工EC 3010)","['', '', '567', '', '', '', '']",《講授類》,['數位IC設計學程'],True
https://selcrs.nsysu.edu.tw/menu5/showoutline.asp?SYEAR=114&SEM=2&CrsDat=EE5734&Crsname=高等數位電路設計專題,,,False,電機碩,EE5734,0,不分班,"高等數位電路設計專題
INDEPENDENT STUDIES IN ADVANCED DIGITAL CIRCUIT DESIGN",3,期,False,50,0,0,50,余祥華,"三2,3,4(工EC 6015-2)","['', '', '234', '', '', '', '']",《獨立研究》,[],False
https://selcrs.nsysu.edu.tw/menu5/showoutline.asp?SYEAR=114&SEM=2&CrsDat=EE5736&Crsname=數位通訊電路設計專題,異動,修正授課方式1/14,False,電機碩,EE5736,0,不分班,"數位通訊電路設計專題
INDEPENDENT STUDIES IN  DIGITAL COMMUNICATION IC DESIGN",3,期,False,50,2,0,50,施信毓,"一8,6,7(工EC 2018)","['678', '', '', '', '', '', '']",《獨立研究》,[],True
https://selcrs.nsysu.edu.tw/menu5/showoutline.asp?SYEAR=114&SEM=2&CrsDat=EE5737&Crsname=電腦視覺,,,False,電機碩,EE5737,0,不分班,"電腦視覺
COMPUTER VISION",3,期,False,50,21,0,50,魏家博,"一2,3,4(工EC 2010)","['234', '', '', '', '', '', '']",《講授類》,"['人工智慧視覺技術學分學程', '無人載具學程']",False
https://selcrs.nsysu.edu.tw/menu5/showoutline.asp?SYEAR=114&SEM=2&CrsDat=EE5738&Crsname=混合訊號積體電路設計專題,,,False,電機碩,EE5738,0,不分班,"混合訊號積體電路設計專題
INDEPENDENT STUDIES IN MIXED-SIGNAL INTEGRATED CIRCUIT DESIGN",3,期,False,50,1,0,50,李宗哲,"一2,3,4(工EC 6015-2)","['234', '', '', '', '', '', '']",《獨立研究》,[],False
https://selcrs.nsysu.edu.tw/menu5/showoutline.asp?SYEAR=114&SEM=2&CrsDat=EE5740&Crsname=電源管理積體電路設計,,,False,電機碩,EE5740,0,不分班,"電源管理積體電路設計
POWER MANAGEMENT INTEGRATED CIRCUIT DESIGN",3,期,False,50,2,0,50,李宗哲,"五5,6,7(工EC 6010-2)","['', '', '', '', '567', '', '']",《講授類》,[],True
https://selcrs.nsysu.edu.tw/menu5/showoutline.asp?SYEAR=114&SEM=2&CrsDat=EE5801&Crsname=生理訊號研究專題,,,False,電機碩,EE5801,0,不分班,"生理訊號研究專題
INDEPENDENT STUDIES IN PHYSIOLOGY-RELATED SIGNAL",3,期,False,50,0,0,50,吳珮歆,"一2,3,4(工EC 6015-1)","['234', '', '', '', '', '', '']",《獨立研究》,[],False
https://selcrs.nsysu.edu.tw/menu5/showoutline.asp?SYEAR=114&SEM=2&CrsDat=EE5805&Crsname=生理學,,,False,電機碩,EE5805,0,不分班,"生理學
PHYSIOLOGY",3,期,False,50,3,0,50,吳珮歆,"一8,6,7(工EC 2007)","['678', '', '', '', '', '', '']",《講授類》,[],False
https://selcrs.nsysu.edu.tw/menu5/showoutline.asp?SYEAR=114&SEM=2&CrsDat=EE5806&Crsname=生醫訊號處理,異動,更換授課方式1/27,False,電機碩,EE5806,0,不分班,"生醫訊號處理
BIOMEDICAL SIGNAL PROCESSING",3,期,False,50,8,0,50,曾乙立,"三5,6,7(工EC 6016)","['', '', '567', '', '', '', '']",《講授類》,[],True
https://selcrs.nsysu.edu.tw/menu5/showoutline.asp?SYEAR=114&SEM=2&CrsDat=EE5807&Crsname=腦機介面專題,,,False,電機碩,EE5807,0,不分班,"腦機介面專題
INDEPENDENT STUDIES IN BRAIN-COMPUTER INTERFACE",3,期,False,50,2,0,50,曾乙立,"四5,6,7(工EC 6015-2)","['', '', '', '567', '', '', '']",《獨立研究》,[],False
https://selcrs.nsysu.edu.tw/menu5/showoutline.asp?SYEAR=114&SEM=2&CrsDat=EE5809&Crsname=三維視覺,,,False,電機碩,EE5809,0,不分班,"三維視覺
3D VISION",3,期,False,50,4,0,50,魏家博,"三2,3,4(工EC 2007)","['', '', '234', '', '', '', '']",《講授類》,[],False
https://selcrs.nsysu.edu.tw/menu5/showoutline.asp?SYEAR=114&SEM=2&CrsDat=EE5810&Crsname=醫療影像之深度學習應用專題,,,False,電機碩,EE5810,0,不分班,"醫療影像之深度學習應用專題
INDEPENDENT STUDIES IN DEEP LEARNING FOR MEDICAL IMAGING APPLICATIONS",3,期,False,50,0,0,50,莊子肇,"一2,3,4(工EC 7040)","['234', '', '', '', '', '', '']",《獨立研究》,[],False
https://selcrs.nsysu.edu.tw/menu5/showoutline.asp?SYEAR=114&SEM=2&CrsDat=MEME501&Crsname=書報討論,,,False,機電碩,MEME501,1,不分班,"書報討論
SEMINAR",1,期,True,150,6,107,43,王郁仁,"四6,7(工EC 1009)","['', '', '', '67', '', '', '']","《演講/參訪》
碩、博士班併班上課",[],False
https://selcrs.nsysu.edu.tw/menu5/showoutline.asp?SYEAR=114&SEM=2&CrsDat=MEME503&Crsname=數值分析,,,False,機電碩,MEME503,0,不分班,"數值分析
NUMERICAL ANALYSIS",3,期,False,50,18,0,50,郭振坤,"一5,6,7(工EC 3005)","['567', '', '', '', '', '', '']",《講授類》,"['金融工程學程', '軟體工程學程']",False
https://selcrs.nsysu.edu.tw/menu5/showoutline.asp?SYEAR=114&SEM=2&CrsDat=MEME5104&Crsname=微流體生物晶片系統,,,False,機電碩,MEME5104,0,不分班,"微流體生物晶片系統
MICROFLUIDIC BIOCHIP SYSTEM",3,期,False,50,7,0,50,林哲信,"三2,3,4(工EN 4070)","['', '', '234', '', '', '', '']",《講授類》,[],False
https://selcrs.nsysu.edu.tw/menu5/showoutline.asp?SYEAR=114&SEM=2&CrsDat=MEME5112&Crsname=煉鋼製程設備技術導論,,,False,機電碩,MEME5112,0,不分班,"煉鋼製程設備技術導論
INTRODUCTION TO THE FACILITIES FOR STEEL MAKING PROCESS",3,期,False,50,35,0,50,許聖彥,"五5,6,7(工EN 4055-1)","['', '', '', '', '567', '', '']",《講授類》,[],False
https://selcrs.nsysu.edu.tw/menu5/showoutline.asp?SYEAR=114&SEM=2&CrsDat=MEME517&Crsname=流體進程之數學建模,,,False,機電碩,MEME517,0,不分班,"流體進程之數學建模
MATHEMATICAL MODELLING OF FLUIDIC PROCESSES",3,期,False,50,5,0,50,鄭威利,"一2,3,4(工EN 2022)","['234', '', '', '', '', '', '']",《講授類》,[],True
https://selcrs.nsysu.edu.tw/menu5/showoutline.asp?SYEAR=114&SEM=2&CrsDat=MEME519&Crsname=能源工程與節能技術,,,False,機電碩,MEME519,0,不分班,"能源工程與節能技術
ENERGY ENGINEERING AND ENERGY-SAVING TECHNIQUES",3,期,False,50,8,0,50,梁俊德,"五2,3,4(工EC 3001)","['', '', '', '', '234', '', '']",《講授類》,[],False
https://selcrs.nsysu.edu.tw/menu5/showoutline.asp?SYEAR=114&SEM=2&CrsDat=MEME526&Crsname=複合材料力學,,,False,機電碩,MEME526,0,不分班,"複合材料力學
MECHANICS OF COMPOSITE MATERIALS",3,期,False,50,6,0,50,蔡尚南,"二2,3,4(工EC 3005)","['', '234', '', '', '', '', '']",《講授類》,"['南星產業樞紐學程', '半導體設備工程學程']",True
https://selcrs.nsysu.edu.tw/menu5/showoutline.asp?SYEAR=114&SEM=2&CrsDat=MEME531&Crsname=塑性加工學,,,False,機電碩,MEME531,0,不分班,"塑性加工學
PLASTIC WORKING TECHNOLOGY",3,期,False,50,8,0,50,黃永茂,"一2,3,4(工EN 0031)","['234', '', '', '', '', '', '']",《講授類》,['半導體設備工程學程'],False
https://selcrs.nsysu.edu.tw/menu5/showoutline.asp?SYEAR=114&SEM=2&CrsDat=MEME537&Crsname=可靠度工程與應用,新增,1/22,False,機電碩,MEME537,1,不分班,"可靠度工程與應用
RELIABILITY ENGINEERING AND APPLICATIONS",3,期,False,50,11,0,50,吳美玲,"五2,3,4(工EN 4055-2)","['', '', '', '', '234', '', '']",《講授類》,[],False
https://selcrs.nsysu.edu.tw/menu5/showoutline.asp?SYEAR=114&SEM=2&CrsDat=MEME540&Crsname=實驗設計與分析,,,False,機電碩,MEME540,0,不分班,"實驗設計與分析
DESIGN AND ANALYSIS OF EXPERIMENTS",3,期,False,50,19,0,50,施孟鎧,"四2,3,4(工EN 2022)","['', '', '', '234', '', '', '']",《講授類》,[],False
https://selcrs.nsysu.edu.tw/menu5/showoutline.asp?SYEAR=114&SEM=2&CrsDat=MEME542&Crsname=隨機過程與模式,,,False,機電碩,MEME542,0,不分班,"隨機過程與模式
STOCHASTIC PROCESSES AND MODELLING",3,期,False,50,21,0,50,劉耿豪,"三5,6,7(工EC 3005)","['', '', '567', '', '', '', '']",《講授類》,[],False
https://selcrs.nsysu.edu.tw/menu5/showoutline.asp?SYEAR=114&SEM=2&CrsDat=MEME552&Crsname=深度學習理論與應用,異動,更換教室2/4,False,機電碩,MEME552,0,不分班,"深度學習理論與應用
DEEP LEARNING THEORY AND APPLICATIONS",3,期,False,50,18,0,50,曾偉智,"二2,3,4(工EN 4055-2)","['', '234', '', '', '', '', '']",《講授類》,"['智慧製造聯網微學程', '製造與大數據分析微學程', '跨領域智慧製造學程', '半導體設備工程學程']",True
https://selcrs.nsysu.edu.tw/menu5/showoutline.asp?SYEAR=114&SEM=2&CrsDat=MEME554&Crsname=訊號與系統,,,False,機電碩,MEME554,0,不分班,"訊號與系統
SIGNALS AND SYSTEMS",3,期,False,50,27,0,50,許煜亮,"一8,6,7(工EC 3001)","['678', '', '', '', '', '', '']",《講授類》,[],False
https://selcrs.nsysu.edu.tw/menu5/showoutline.asp?SYEAR=114&SEM=2&CrsDat=MEME568&Crsname=奈米加工學,,,False,機電碩,MEME568,0,不分班,"奈米加工學
NANO MACHINING TECHNOLOGY",3,期,False,50,12,0,50,邱源成,"二5,6,7(工EN 0031)","['', '567', '', '', '', '', '']",《講授類》,['半導體設備工程學程'],False
https://selcrs.nsysu.edu.tw/menu5/showoutline.asp?SYEAR=114&SEM=2&CrsDat=MEME576&Crsname=材料選擇與設計,,,False,機電碩,MEME576,0,不分班,"材料選擇與設計
MATERIAL SELECTION AND DESIGN",3,期,False,50,5,0,50,李伯軒,"二5,6,7(工MS 4022)","['', '567', '', '', '', '', '']",《講授類》,['材料結構性質微學程'],False
https://selcrs.nsysu.edu.tw/menu5/showoutline.asp?SYEAR=114&SEM=2&CrsDat=MEME578&Crsname=精密機械設計,,,False,機電碩,MEME578,0,不分班,"精密機械設計
PRECISION MACHINE DESIGN",3,期,False,50,3,0,50,王郁仁,"二2,3,4(工EN 0031)","['', '234', '', '', '', '', '']",《講授類》,[],False
https://selcrs.nsysu.edu.tw/menu5/showoutline.asp?SYEAR=114&SEM=2&CrsDat=MEME587&Crsname=奈米尺度數值模擬理論介紹,,,False,機電碩,MEME587,0,不分班,"奈米尺度數值模擬理論介紹
INTRODUCTION TO NUMERICAL SIMULATION METHOD IN NANO-SCALE",3,期,False,50,9,0,50,朱訓鵬,"一2,3,4(工EN 4055-2)","['234', '', '', '', '', '', '']",《講授類》,[],False
https://selcrs.nsysu.edu.tw/menu5/showoutline.asp?SYEAR=114&SEM=2&CrsDat=MEME610&Crsname=奈米科技專題(二),,,False,機電碩,MEME610,0,不分班,"奈米科技專題(二)
INDEPENDENT STUDIES IN NANOTECHNOLOGY (II)",3,期,False,50,3,0,50,潘正堂,"一8,9(工EN 3042-1) 二9(工EN 3042-1)","['89', '9', '', '', '', '', '']",《獨立研究》,[],False
https://selcrs.nsysu.edu.tw/menu5/showoutline.asp?SYEAR=114&SEM=2&CrsDat=MEME6110&Crsname=應用微奈米技術專題（二）,,,False,機電碩,MEME6110,0,不分班,"應用微奈米技術專題（二）
INDEPENDENT STUDIES IN APPLIED MICRO AND NANO TECHNOLOGY (II)",3,期,False,50,0,0,50,郭清德,"一A(工EN 0036) 二A,1(工EN 0036)","['A', 'A1', '', '', '', '', '']",《獨立研究》,[],False
https://selcrs.nsysu.edu.tw/menu5/showoutline.asp?SYEAR=114&SEM=2&CrsDat=MEME6112&Crsname=先進複材結構設計專題（二）,,,False,機電碩,MEME6112,0,不分班,"先進複材結構設計專題（二）
INDEPENDENT STUDIES IN ADVANCED COMPOSITE STRUCTURE DESIGN (II)",3,期,False,50,1,0,50,蔡尚南,"一9(工EN 3035-2) 二8,9(工EN 3035-2)","['9', '89', '', '', '', '', '']",《獨立研究》,[],False
https://selcrs.nsysu.edu.tw/menu5/showoutline.asp?SYEAR=114&SEM=2&CrsDat=MEME6115&Crsname=最佳化分析與應用專題,,,False,機電碩,MEME6115,0,不分班,"最佳化分析與應用專題
INDEPENDENT STUDIES IN OPTIMIZATION ANALYSIS AND APPLICATION",3,期,False,50,4,0,50,汪正祺,"一8,9(工EN 3039-1) 二9(工EN 3039-1)","['89', '9', '', '', '', '', '']",《獨立研究》,[],False
https://selcrs.nsysu.edu.tw/menu5/showoutline.asp?SYEAR=114&SEM=2&CrsDat=MEME6117&Crsname=微系統力學設計與分析專題 （二）,,,False,機電碩,MEME6117,0,不分班,"微系統力學設計與分析專題 （二）
INDEPENDENT STUDIES IN MICROSYSTEM MECHANICAL DESIGN AND ANALYSIS (II)",3,期,False,50,3,0,50,施孟鎧,"一9,C,D(工EN 3040-1)","['9CD', '', '', '', '', '', '']",《獨立研究》,[],False
https://selcrs.nsysu.edu.tw/menu5/showoutline.asp?SYEAR=114&SEM=2&CrsDat=MEME6118&Crsname=熱流與能源技術專題（二）,,,False,機電碩,MEME6118,0,不分班,"熱流與能源技術專題（二）
INDEPENDENT STUDIES IN THERMAL FLUIDS AND ENERGY RESEARCH (II)",3,期,False,50,1,0,50,梁俊德,"二8,9,C(工EN 3041)","['', '89C', '', '', '', '', '']",《獨立研究》,[],False
https://selcrs.nsysu.edu.tw/menu5/showoutline.asp?SYEAR=114&SEM=2&CrsDat=MEME6121&Crsname=虛實整合最佳化設計專題（二）,,,False,機電碩,MEME6121,0,不分班,"虛實整合最佳化設計專題（二）
INDEPENDENT STUDIES IN CYBER-PHYSICAL OPTIMIZATION (II)",3,期,False,50,3,0,50,盧威廷,"一8,9,C(工EN 2025)","['89C', '', '', '', '', '', '']",《獨立研究》,[],False
https://selcrs.nsysu.edu.tw/menu5/showoutline.asp?SYEAR=114&SEM=2&CrsDat=MEME6122&Crsname=奈米力學與材料設計專題（二）,,,False,機電碩,MEME6122,0,不分班,"奈米力學與材料設計專題（二）
INDEPENDENT STUDIES IN MATERIALS DESIGN BY NANOMECHANICS (II)",3,期,False,50,4,0,50,李伯軒,"一8,9(工EN 3037-1) 二9(工EN 3037-1)","['89', '9', '', '', '', '', '']",《獨立研究》,[],False
https://selcrs.nsysu.edu.tw/menu5/showoutline.asp?SYEAR=114&SEM=2&CrsDat=MEME613&Crsname=燃料電池系統專題（二）,,,False,機電碩,MEME613,0,不分班,"燃料電池系統專題（二）
SPECIAL TOPICS IN FUEL CELL SYSTEMS (II)",3,期,False,50,9,0,50,郭振坤,"一8,9(工EN 4079-3) 二8(工EN 4079-3)","['89', '8', '', '', '', '', '']",《獨立研究》,[],False
https://selcrs.nsysu.edu.tw/menu5/showoutline.asp?SYEAR=114&SEM=2&CrsDat=MEME638&Crsname=高階電子封裝專題（二）,,,False,機電碩,MEME638,0,不分班,"高階電子封裝專題（二）
SPECIAL TOPICS IN ADVANCED ELECTRONI PACKAGING(II)",3,期,False,50,0,0,50,吳美玲,"一8,9(工EN 2018) 二9(工EN 2018)","['89', '9', '', '', '', '', '']",《獨立研究》,[],False
https://selcrs.nsysu.edu.tw/menu5/showoutline.asp?SYEAR=114&SEM=2&CrsDat=MEME650&Crsname=類神經網路專題二,異動,更換時間2/3,False,機電碩,MEME650,0,不分班,"類神經網路專題二
SPECIAL TOPICS IN NEURAL NETWORKS(II)",3,期,False,50,6,0,50,嚴成文,一1(工EN 4080-2) 二1(工EN 4080-2) 三1(工EN 4080-2),"['1', '1', '1', '', '', '', '']",《獨立研究》,[],False
https://selcrs.nsysu.edu.tw/menu5/showoutline.asp?SYEAR=114&SEM=2&CrsDat=MEME652&Crsname=遙測影像專題,,,False,機電碩,MEME652,0,不分班,"遙測影像專題
INDEPENDENT STUDIES IN REMOTE SENSING IMAGING",3,期,False,50,0,0,50,劉耿豪,"一8,9(工EN 3040-2) 二9(工EN 3040-2)","['89', '9', '', '', '', '', '']",《獨立研究》,['太空科技微學程'],False
https://selcrs.nsysu.edu.tw/menu5/showoutline.asp?SYEAR=114&SEM=2&CrsDat=MEME654&Crsname=智慧感測專題,,,False,機電碩,MEME654,0,不分班,"智慧感測專題
INDEPENDENT STUDIES IN INTELLIGENT SENSING",3,期,False,50,3,0,50,許煜亮,"一9(工EN 2019-3) 二8,9(工EN 2019-3)","['9', '89', '', '', '', '', '']",《獨立研究》,[],False
https://selcrs.nsysu.edu.tw/menu5/showoutline.asp?SYEAR=114&SEM=2&CrsDat=MEME674&Crsname=系統化設計專題（二）,,,False,機電碩,MEME674,0,不分班,"系統化設計專題（二）
SPECIAL TOPICS IN SYSTEMATIC DESIGN (II)",3,期,False,50,0,0,50,楊政融,"四C,D,E(工EN 3039-2)","['', '', '', 'CDE', '', '', '']",《獨立研究》,[],False
https://selcrs.nsysu.edu.tw/menu5/showoutline.asp?SYEAR=114&SEM=2&CrsDat=MEME676&Crsname=機械動態分析專題,,,False,機電碩,MEME676,0,不分班,"機械動態分析專題
INDEPENDENT STUDIES IN DYNAMIC ANALYSIS OF MACHINES",3,期,False,50,0,0,50,王郁仁,"一8,9(工EN 4081) 二9(工EN 4081)","['89', '9', '', '', '', '', '']",《獨立研究》,[],False
https://selcrs.nsysu.edu.tw/menu5/showoutline.asp?SYEAR=114&SEM=2&CrsDat=MEME678&Crsname=薄膜製造專題,,,False,機電碩,MEME678,0,不分班,"薄膜製造專題
INDEPENDENT STUDIES IN THIN FILM MANUFACTURING",3,期,False,50,0,0,50,胡龍豪,"一8,9(工EN 4067) 二9(工EN 4067)","['89', '9', '', '', '', '', '']",《獨立研究》,[],False
https://selcrs.nsysu.edu.tw/menu5/showoutline.asp?SYEAR=114&SEM=2&CrsDat=MEME691&Crsname=平行處理及計算（二）,,,False,機電碩,MEME691,0,不分班,"平行處理及計算（二）
PARALLEL PROCESSING AND COMPUTING (II)",3,期,False,50,4,0,50,朱訓鵬,"一8,9(工EN 4075-2) 二9(工EN 4075-2)","['89', '9', '', '', '', '', '']",《講授類》,[],False
https://selcrs.nsysu.edu.tw/menu5/showoutline.asp?SYEAR=114&SEM=2&CrsDat=MEME693&Crsname=熱流數值模擬應用專題,,,False,機電碩,MEME693,0,不分班,"熱流數值模擬應用專題
INDEPENDENT STUDIES IN APPLICATIONS IN NUMERICAL SIMULATIONS TO THE THERMAL-FLUID PROBLEMS",3,期,False,50,0,0,50,鄭威利,"一8,9(工EN 2019-2) 二9(工EN 2019-2)","['89', '9', '', '', '', '', '']",《獨立研究》,[],False
https://selcrs.nsysu.edu.tw/menu5/showoutline.asp?SYEAR=114&SEM=2&CrsDat=MEME698&Crsname=燃燒與防火安全專題（二）,,,False,機電碩,MEME698,0,不分班,"燃燒與防火安全專題（二）
INDEPENDENT STUDIES IN COMBUSTION AND FIRE SAFETY II",3,期,False,50,0,0,50,許聖彥,"一8,9(工EN 3029) 二9(工EN 3029)","['89', '9', '', '', '', '', '']",《獨立研究》,[],False
https://selcrs.nsysu.edu.tw/menu5/showoutline.asp?SYEAR=114&SEM=2&CrsDat=ENVE521&Crsname=書報討論,,,False,環工碩,ENVE521,1,不分班,"書報討論
SEMINAR",1,期,True,50,0,14,36,彭彥彬,"三6,7(工EV 4024)","['', '', '67', '', '', '', '']",《演講/參訪》,[],False
https://selcrs.nsysu.edu.tw/menu5/showoutline.asp?SYEAR=114&SEM=2&CrsDat=ENVE521A&Crsname=書報討論,,,False,環工碩,ENVE521A,2,不分班,"書報討論
SEMINAR",1,期,True,50,0,22,28,陳則綸,"三6,7(工EV 4024)","['', '', '67', '', '', '', '']",《演講/參訪》,[],False
https://selcrs.nsysu.edu.tw/menu5/showoutline.asp?SYEAR=114&SEM=2&CrsDat=ENVE535&Crsname=環境流體力學,,,False,環工碩,ENVE535,0,不分班,"環境流體力學
ENVIRONMENTAL FLUID MECHANICS",3,期,False,50,8,0,50,彭彥彬,"一C,D,E(工EC 1004)","['CDE', '', '', '', '', '', '']",《講授類》,['環境科技與管理學程'],True
https://selcrs.nsysu.edu.tw/menu5/showoutline.asp?SYEAR=114&SEM=2&CrsDat=ENVE543&Crsname=空氣污染物採樣與分析,,,False,環工碩,ENVE543,0,不分班,"空氣污染物採樣與分析
SAMPLING AND ANALYSIS OF AIR POLLUTANTS",3,期,False,50,1,0,50,待聘,"四5,6(工EC 1004) 四8,7(工EC 1004)(實驗)","['', '', '', '5678', '', '', '']",《講授類》,"['環境教育學程', '工業污染防治及減排微學程']",False
https://selcrs.nsysu.edu.tw/menu5/showoutline.asp?SYEAR=114&SEM=2&CrsDat=ENVE553&Crsname=廢棄物資源回收及再生,,,False,環工碩,ENVE553,0,不分班,"廢棄物資源回收及再生
RESOURCE RECOVERY AND RECYCLING OF SOLID WASTE",3,期,False,50,5,0,50,待聘,"五2,3,4(工EC 1004)","['', '', '', '', '234', '', '']",《講授類》,['環境科技與管理學程'],True
https://selcrs.nsysu.edu.tw/menu5/showoutline.asp?SYEAR=114&SEM=2&CrsDat=ENVE566&Crsname=異味及揮發性有機物控制技術,,,False,環工碩,ENVE566,0,不分班,"異味及揮發性有機物控制技術
TECHNOLOGIES FOR THE CONTROL OF ODORS AND VOLATILE ORGANIC COMPOUNDS",3,期,False,50,0,0,50,張耿崚,"三2,3,4(工EC 1004)","['', '', '234', '', '', '', '']",《講授類》,['環境科技與管理學程'],True
https://selcrs.nsysu.edu.tw/menu5/showoutline.asp?SYEAR=114&SEM=2&CrsDat=ENVE583&Crsname=環境決策與管理,,,False,環工碩,ENVE583,0,不分班,"環境決策與管理
ENVIRONMENT DECISIOIN MAKING AND MANAGEMENT",3,期,False,50,6,0,50,陳威翔,"一8,6,7(工EC 1004)","['678', '', '', '', '', '', '']",《講授類》,"['公民參與微學程', '環境教育學程', '氣膠科學環境教育微學程', 'STREAM永續發展培力微學程', '環境科技與管理學程', '工業污染防治及減排微學程']",False
https://selcrs.nsysu.edu.tw/menu5/showoutline.asp?SYEAR=114&SEM=2&CrsDat=ENVE594&Crsname=專題研究（二）,,,False,環工碩,ENVE594,0,不分班,"專題研究（二）
INDEPENDENT STUDIES(II)",3,期,False,50,9,0,50,"張耿崚,彭彥彬,待聘,施育仁,林淵淙,陳則綸,陳威翔","六C,D,E(工EC 1004)","['', '', '', '', '', 'CDE', '']",《獨立研究》,[],False
https://selcrs.nsysu.edu.tw/menu5/showoutline.asp?SYEAR=114&SEM=2&CrsDat=CSE523&Crsname=進階機器學習,,,False,資工碩,CSE523,0,不分班,"進階機器學習
ADVANCED MACHINE LEARNING",3,期,False,50,5,0,50,張雲南,"一2,3,4(工EC 5012)","['234', '', '', '', '', '', '']",《講授類》,"['計算物理及人工智慧微學程', '永續能源學程']",False
https://selcrs.nsysu.edu.tw/menu5/showoutline.asp?SYEAR=114&SEM=2&CrsDat=CSE532&Crsname=書報討論（二）,,,False,資工碩,CSE532,1,不分班,"書報討論（二）
SEMINAR II",1,期,True,120,5,95,25,陳嘉平,五6(工EC 2011),"['', '', '', '', '6', '', '']","《演講/參訪》
限本系大四生及碩/博士生修習",[],False
https://selcrs.nsysu.edu.tw/menu5/showoutline.asp?SYEAR=114&SEM=2&CrsDat=CSE534&Crsname=書報討論（四）,,,False,資工碩,CSE534,2,不分班,"書報討論（四）
SEMINAR IV",1,期,True,120,0,94,26,陳嘉平,五6(工EC 2011),"['', '', '', '', '6', '', '']","《演講/參訪》
限本系大四生及碩/博士生修習",[],False
https://selcrs.nsysu.edu.tw/menu5/showoutline.asp?SYEAR=114&SEM=2&CrsDat=CSE535&Crsname=專題研究（二）,異動,更換時間及教室1/20,False,資工碩,CSE535,0,不分班,"專題研究（二）
INDEPENDENT STUDIES(II)",3,期,False,50,0,0,50,蕭勝夫,"五2,3,4(工EC 5026)","['', '', '', '', '234', '', '']","《獨立研究》
限本系碩/博士生修習",[],False
https://selcrs.nsysu.edu.tw/menu5/showoutline.asp?SYEAR=114&SEM=2&CrsDat=CSE535A&Crsname=專題研究（二）,,,False,資工碩,CSE535A,0,不分班,"專題研究（二）
INDEPENDENT STUDIES(II)",3,期,False,50,0,0,50,吳建澄,"三5,6,7(工EC 5025)","['', '', '567', '', '', '', '']","《獨立研究》
限本系碩/博士生修習",[],False
https://selcrs.nsysu.edu.tw/menu5/showoutline.asp?SYEAR=114&SEM=2&CrsDat=CSE535B&Crsname=專題研究（二）,,,False,資工碩,CSE535B,0,不分班,"專題研究（二）
INDEPENDENT STUDIES(II)",3,期,False,50,0,0,50,王友群,"四2,3,4(工EC 5025)","['', '', '', '234', '', '', '']","《獨立研究》
限本系碩/博士生修習",[],False
https://selcrs.nsysu.edu.tw/menu5/showoutline.asp?SYEAR=114&SEM=2&CrsDat=CSE535C&Crsname=專題研究（二）,,,False,資工碩,CSE535C,0,不分班,"專題研究（二）
INDEPENDENT STUDIES(II)",3,期,False,50,9,0,50,鄺獻榮,"四8,6,7(工EC 5007)","['', '', '', '678', '', '', '']","《獨立研究》
限本系碩/博士生修習",[],False
https://selcrs.nsysu.edu.tw/menu5/showoutline.asp?SYEAR=114&SEM=2&CrsDat=CSE535D&Crsname=專題研究（二）,,,False,資工碩,CSE535D,0,不分班,"專題研究（二）
INDEPENDENT STUDIES(II)",3,期,False,50,2,0,50,陳嘉平,"五2,3,4(工EC 5025)","['', '', '', '', '234', '', '']","《獨立研究》
限本系碩/博士生修習",[],False
https://selcrs.nsysu.edu.tw/menu5/showoutline.asp?SYEAR=114&SEM=2&CrsDat=CSE535E&Crsname=專題研究（二）,,,False,資工碩,CSE535E,0,不分班,"專題研究（二）
INDEPENDENT STUDIES(II)",3,期,False,50,0,0,50,李淑敏,"五8,9,7(工EC 1014B)","['', '', '', '', '789', '', '']","《獨立研究》
限本系碩/博士生修習",[],False
https://selcrs.nsysu.edu.tw/menu5/showoutline.asp?SYEAR=114&SEM=2&CrsDat=CSE535F&Crsname=專題研究（二）,,,False,資工碩,CSE535F,0,不分班,"專題研究（二）
INDEPENDENT STUDIES(II)",3,期,False,50,1,0,50,楊惠芳,"五8,9,7(工EC 9031)","['', '', '', '', '789', '', '']","《獨立研究》
限本系碩/博士生修習",[],False
https://selcrs.nsysu.edu.tw/menu5/showoutline.asp?SYEAR=114&SEM=2&CrsDat=CSE535G&Crsname=專題研究（二）,,,False,資工碩,CSE535G,0,不分班,"專題研究（二）
INDEPENDENT STUDIES(II)",3,期,False,50,0,0,50,洪宗貝,"五8,9,7(工EC 5000)","['', '', '', '', '789', '', '']","《獨立研究》
限本系碩/博士生修習",[],False
https://selcrs.nsysu.edu.tw/menu5/showoutline.asp?SYEAR=114&SEM=2&CrsDat=CSE535H&Crsname=專題研究（二）,新增,1/22,False,資工碩,CSE535H,0,不分班,"專題研究（二）
INDEPENDENT STUDIES(II)",3,期,False,50,1,0,50,柯拉飛,"五2,3,4(工EC 5026)","['', '', '', '', '234', '', '']","《獨立研究》
限本系碩/博士生修習",[],False
https://selcrs.nsysu.edu.tw/menu5/showoutline.asp?SYEAR=114&SEM=2&CrsDat=CSE535I&Crsname=專題研究（二）,新增,1/28,False,資工碩,CSE535I,0,不分班,"專題研究（二）
INDEPENDENT STUDIES(II)",3,期,False,50,4,0,50,邱勝敏,"四2,3,4(工EC 5000)","['', '', '', '234', '', '', '']","《獨立研究》
限本系碩/博士生修習",[],False
https://selcrs.nsysu.edu.tw/menu5/showoutline.asp?SYEAR=114&SEM=2&CrsDat=CSE537&Crsname=三度空間設計專題,,,False,資工碩,CSE537,0,不分班,"三度空間設計專題
INDEPENDENT STUDIES IN 3D DESIGN",3,期,False,50,0,0,50,程正傑,"一2,3,4(工EC 3015)","['234', '', '', '', '', '', '']","《獨立研究》
限本系碩/博士生修習",[],False
https://selcrs.nsysu.edu.tw/menu5/showoutline.asp?SYEAR=114&SEM=2&CrsDat=CSE539&Crsname=生醫影像分析專題（二）,,,False,資工碩,CSE539,0,不分班,"生醫影像分析專題（二）
INDEPENDENT STUDIES IN BIOMEDICAL IMAGE ANALYSIS (II)",3,期,False,50,1,0,50,柯正雯,"一2,3,4(工EC 9031)","['234', '', '', '', '', '', '']","《獨立研究》
限本系碩/博士生修習",[],False
https://selcrs.nsysu.edu.tw/menu5/showoutline.asp?SYEAR=114&SEM=2&CrsDat=CSE553&Crsname=SOPC設計實務及FPGA系統整合設計,,,False,資工碩,CSE553,0,不分班,"SOPC設計實務及FPGA系統整合設計
SOPC DESIGN PRACTICE AND FPGA SYSTEM DESIGN",3,期,False,50,13,0,50,張雲南,"五2,3,4(工EC 5007)","['', '', '', '', '234', '', '']",《講授類》,['數位IC設計學程'],False
https://selcrs.nsysu.edu.tw/menu5/showoutline.asp?SYEAR=114&SEM=2&CrsDat=CSE562&Crsname=醫用電腦系統與分析,,,False,資工碩,CSE562,0,不分班,"醫用電腦系統與分析
MEDICAL COMPUTER SYSTEM AND ANALYSIS",3,期,False,50,2,0,50,柯正雯,"一8,6,7(工EC 5025)","['678', '', '', '', '', '', '']",《講授類》,[],False
https://selcrs.nsysu.edu.tw/menu5/showoutline.asp?SYEAR=114&SEM=2&CrsDat=CSE570&Crsname=電子系統層級設計與驗證,,,False,資工碩,CSE570,0,不分班,"電子系統層級設計與驗證
ELECTRONIC SYSTEM-LEVEL DESIGN AND VERIFICATION",3,期,False,50,14,0,50,鄺獻榮,"二2,3,4(工EC 1006)","['', '234', '', '', '', '', '']",《講授類》,['數位IC設計學程'],False
https://selcrs.nsysu.edu.tw/menu5/showoutline.asp?SYEAR=114&SEM=2&CrsDat=CSE582&Crsname=高等計算機結構專題,異動,更換教室2/3,False,資工碩,CSE582,0,不分班,"高等計算機結構專題
SPECIAL TOPICS IN ADVANCED COMPUTER ARCHITECTURE",3,期,False,50,0,0,50,黃英哲,"四2,3,4(工EC 9032)","['', '', '', '234', '', '', '']","《獨立研究》
限本系碩/博士生修習",[],False
https://selcrs.nsysu.edu.tw/menu5/showoutline.asp?SYEAR=114&SEM=2&CrsDat=CSE585&Crsname=資料庫系統,,,False,資工碩,CSE585,0,不分班,"資料庫系統
DATABASE SYSTEMS",3,期,False,50,18,0,50,張玉盈,"二8,6,7(工EC 1005)","['', '678', '', '', '', '', '']",《講授類》,"['巨量資料分析學程', '金融科技學程']",False
https://selcrs.nsysu.edu.tw/menu5/showoutline.asp?SYEAR=114&SEM=2&CrsDat=CSE596&Crsname=數位簽章專題,,,False,資工碩,CSE596,0,不分班,"數位簽章專題
SPECIAL TOPICS IN DIGITAL SIGNATURES",3,期,False,50,6,0,50,范俊逸,"五8,9,7(工EC 1006)","['', '', '', '', '789', '', '']",《獨立研究》,[],False
https://selcrs.nsysu.edu.tw/menu5/showoutline.asp?SYEAR=114&SEM=2&CrsDat=CSE605&Crsname=超大型積體電路設計,,,False,資工碩,CSE605,1,不分班,"超大型積體電路設計
VLSI DESIGN",3,期,True,50,4,63,-13,蕭勝夫,"二5,6,7(工EC 5012)","['', '567', '', '', '', '', '']",《講授類》,[],False
https://selcrs.nsysu.edu.tw/menu5/showoutline.asp?SYEAR=114&SEM=2&CrsDat=CSE607&Crsname=定量磁振造影方法與應用,異動,增加備註說明1/27,False,資工碩,CSE607,0,不分班,"定量磁振造影方法與應用
QUANTITATIVE MRI METHODS AND APPLICATIONS",3,期,False,50,0,0,50,程正傑,"四8,6,7(工EC 5026)","['', '', '', '678', '', '', '']","《講授類》
建議先修「磁共振影像：原理與應用」課程或具備相關基礎知識。",[],True
https://selcrs.nsysu.edu.tw/menu5/showoutline.asp?SYEAR=114&SEM=2&CrsDat=CSE608&Crsname=群體智慧,,,False,資工碩,CSE608,0,不分班,"群體智慧
SWARM INTELLIGENCE",3,期,False,50,4,0,50,蔡崇煒,"二5,6,7(工EC 9031)","['', '567', '', '', '', '', '']",《講授類》,[],False
https://selcrs.nsysu.edu.tw/menu5/showoutline.asp?SYEAR=114&SEM=2&CrsDat=CSE611&Crsname=高等類比積體電路設計,,,False,資工碩,CSE611,0,不分班,"高等類比積體電路設計
ADVANCED ANALOG INTEGRATED CIRCUIT DESIGN",3,期,False,50,2,0,50,郭可驥,"二2,3,4(工EC 5007)","['', '234', '', '', '', '', '']",《講授類》,['類比射頻IC設計學程'],True
https://selcrs.nsysu.edu.tw/menu5/showoutline.asp?SYEAR=114&SEM=2&CrsDat=CSE625&Crsname=無線通訊網路建構與效能模擬,,,False,資工碩,CSE625,0,不分班,"無線通訊網路建構與效能模擬
WIRELESS COMMUNICATION NETWORK: CONSTRUCTION AND PERFORMANCE SIMULATION",3,期,False,50,3,0,50,柯拉飛,"三5,6,7(工EC 5000)","['', '', '567', '', '', '', '']",《講授類》,[],True
https://selcrs.nsysu.edu.tw/menu5/showoutline.asp?SYEAR=114&SEM=2&CrsDat=CSE627&Crsname=多媒體資料庫專題,,,False,資工碩,CSE627,0,不分班,"多媒體資料庫專題
SPECIAL TOPICS IN MULTIMEDIA DATABASES",3,期,False,50,2,0,50,張玉盈,"一2,3,4(工EC 5025)","['234', '', '', '', '', '', '']","《獨立研究》
限本系碩/博士生修習",[],False
https://selcrs.nsysu.edu.tw/menu5/showoutline.asp?SYEAR=114&SEM=2&CrsDat=CSE643&Crsname=系統晶片之軟硬體協同驗證,異動,更換教室1/29,False,資工碩,CSE643,0,不分班,"系統晶片之軟硬體協同驗證
HARDWARE/SOFTWARE CO-VERIFICATION OF SYSTEM-ON-CHIP",3,期,False,50,0,0,50,黃英哲,"一2,3,4(工EC 1005)","['234', '', '', '', '', '', '']",《研討類》,[],False
https://selcrs.nsysu.edu.tw/menu5/showoutline.asp?SYEAR=114&SEM=2&CrsDat=CSE644&Crsname=應用英文科技工程論文寫作,,,False,資工碩,CSE644,0,不分班,"應用英文科技工程論文寫作
ENGLISH TECHNICAL WRITING FOR SCIENCE AND ENGINEERING JOURNALS, IN PRACTICE",3,期,False,10,7,0,10,希家史提夫,"三5,6,7(工EC 5026)","['', '', '567', '', '', '', '']",《講授類》,[],True
https://selcrs.nsysu.edu.tw/menu5/showoutline.asp?SYEAR=114&SEM=2&CrsDat=CSE662&Crsname=UNIX系統程式,,,False,資工碩,CSE662,0,不分班,"UNIX系統程式
UNIX SYSTEM PROGRAMMING",3,期,False,50,2,0,50,希家史提夫,"一2,3,4(工EC 9032)","['234', '', '', '', '', '', '']",《講授類》,['自然科學之程式應用學程'],True
https://selcrs.nsysu.edu.tw/menu5/showoutline.asp?SYEAR=114&SEM=2&CrsDat=CSE663&Crsname=無線隨意與感測網路技術,,,False,資工碩,CSE663,0,不分班,"無線隨意與感測網路技術
WIRELESS AD HOC AND SENSOR NETWORK TECHNOLOGY",3,期,False,50,5,0,50,王友群,"四8,6,7(工EC 5025)","['', '', '', '678', '', '', '']",《講授類》,[],True
https://selcrs.nsysu.edu.tw/menu5/showoutline.asp?SYEAR=114&SEM=2&CrsDat=CSE672&Crsname=雲端運算專題（二）,,,False,資工碩,CSE672,0,不分班,"雲端運算專題（二）
INDEPENDENT STUDIES IN CLOUD COMPUTING (II)",3,期,False,50,1,0,50,林俊宏,"四2,3,4(工EC 5007)","['', '', '', '234', '', '', '']","《獨立研究》
限本系碩/博士生修習",[],False
https://selcrs.nsysu.edu.tw/menu5/showoutline.asp?SYEAR=114&SEM=2&CrsDat=CSE697&Crsname=人工智慧專題（二）,,,False,資工碩,CSE697,0,不分班,"人工智慧專題（二）
INDEPENDENT STUDIES IN ARTIFICIAL INTELLIGENCE（II）",3,期,False,50,0,0,50,蔡崇煒,"三5,6,7(工EC 5007)","['', '', '567', '', '', '', '']","《獨立研究》
限本系碩/博士生修習",[],False
https://selcrs.nsysu.edu.tw/menu5/showoutline.asp?SYEAR=114&SEM=2&CrsDat=CSE697A&Crsname=人工智慧安全專題,,,False,資工碩,CSE697A,0,不分班,"人工智慧安全專題
INDEPENDENT STUDIES IN ARTIFICIAL INTELLIGENCE SECURITY",3,期,False,50,0,0,50,徐瑞壕,"三5,6,7(工EC 9031)","['', '', '567', '', '', '', '']","《獨立研究》
限本系碩/博士生修習",[],False
https://selcrs.nsysu.edu.tw/menu5/showoutline.asp?SYEAR=114&SEM=2&CrsDat=CSE725&Crsname=高等類比與混合訊號積體電路設計專題,,,False,資工碩,CSE725,0,不分班,"高等類比與混合訊號積體電路設計專題
INDEPENDENT STUDIES IN THE ADVANCED ANALOG AND MIXED-SIGNAL INTEGRATED CIRCUIT DESIGN",3,期,False,50,1,0,50,郭可驥,"一2,3,4(工EC 5007)","['234', '', '', '', '', '', '']","《獨立研究》
限本系碩/博士生修習",[],False
https://selcrs.nsysu.edu.tw/menu5/showoutline.asp?SYEAR=114&SEM=2&CrsDat=CSE727&Crsname=增強式學習,,,False,資工碩,CSE727,0,不分班,"增強式學習
REINFORCEMENT LEARNING",3,期,False,50,14,0,50,吳建澄,"三2,3,4(工EC 5025)","['', '', '234', '', '', '', '']",《講授類》,[],False
https://selcrs.nsysu.edu.tw/menu5/showoutline.asp?SYEAR=114&SEM=2&CrsDat=CSE729&Crsname=資料處理與建模,,,False,資工碩,CSE729,0,不分班,"資料處理與建模
DATA PROCESSING AND MODELING",3,期,False,50,17,0,50,邱勝敏,"五2,3,4(工EC 1006)","['', '', '', '', '234', '', '']",《講授類》,[],False
https://selcrs.nsysu.edu.tw/menu5/showoutline.asp?SYEAR=114&SEM=2&CrsDat=ICE501&Crsname=書報討論,異動,確認教師1/22,False,通訊碩,ICE501,1,不分班,"書報討論
SEMINAR",1,期,True,70,1,30,40,吳孝純,"二6,7(工EC 2002)","['', '67', '', '', '', '', '']","《演講/參訪》
與ICE501A、ICE701併班上課",[],False
https://selcrs.nsysu.edu.tw/menu5/showoutline.asp?SYEAR=114&SEM=2&CrsDat=ICE501A&Crsname=書報討論,異動,確認教師1/22,False,通訊碩,ICE501A,2,不分班,"書報討論
SEMINAR",1,期,True,70,0,30,40,吳孝純,"二6,7(工EC 2002)","['', '67', '', '', '', '', '']","《演講/參訪》
與ICE501、ICE701併班上課",[],False
https://selcrs.nsysu.edu.tw/menu5/showoutline.asp?SYEAR=114&SEM=2&CrsDat=ICE502&Crsname=隨機過程,,,False,通訊碩,ICE502,0,不分班,"隨機過程
RANDOM PROCESSES",3,期,False,50,11,0,50,曾凡碩,"一2,3,4(工EC 2002)","['234', '', '', '', '', '', '']",《講授類》,[],False
https://selcrs.nsysu.edu.tw/menu5/showoutline.asp?SYEAR=114&SEM=2&CrsDat=ICE502A&Crsname=隨機過程,異動,確認教師1/22,False,通訊碩,ICE502A,0,不分班,"隨機過程
RANDOM PROCESSES",3,期,False,50,1,0,50,吳孝純,"一2,3,4(工EC 3012)","['234', '', '', '', '', '', '']",《講授類》,[],True
https://selcrs.nsysu.edu.tw/menu5/showoutline.asp?SYEAR=114&SEM=2&CrsDat=ICE504&Crsname=數位通訊,,,False,通訊碩,ICE504,0,不分班,"數位通訊
DIGITAL COMMUNICATIONS",3,期,False,50,0,0,50,新可夫,"一5,6,7(工EC 6015-1)","['567', '', '', '', '', '', '']",《講授類》,[],True
https://selcrs.nsysu.edu.tw/menu5/showoutline.asp?SYEAR=114&SEM=2&CrsDat=ICE506&Crsname=統計通信理論,,,False,通訊碩,ICE506,0,不分班,"統計通信理論
STATISTICAL COMMUNICATION THEORY",3,期,False,50,11,0,50,王藏億,"二2,3,4(工EC 3012)","['', '234', '', '', '', '', '']",《講授類》,[],False
https://selcrs.nsysu.edu.tw/menu5/showoutline.asp?SYEAR=114&SEM=2&CrsDat=ICE509&Crsname=矩陣理論,,,False,通訊碩,ICE509,0,不分班,"矩陣理論
MATRIX THEORY",3,期,False,50,3,0,50,溫朝凱,"四2,3,4(工EC 2002)","['', '', '', '234', '', '', '']",《講授類》,[],False
https://selcrs.nsysu.edu.tw/menu5/showoutline.asp?SYEAR=114&SEM=2&CrsDat=ICE519&Crsname=多重輸入輸出無線通訊系統,,,False,通訊碩,ICE519,0,不分班,"多重輸入輸出無線通訊系統
MULTI-INPUT-MULTI-OUTPUT WIRELESS COMMUNICATION SYSTEMS",3,期,False,50,8,0,50,曾凡碩,"四5,6,7(工EC 3010)","['', '', '', '567', '', '', '']",《講授類》,[],False
https://selcrs.nsysu.edu.tw/menu5/showoutline.asp?SYEAR=114&SEM=2&CrsDat=ICE530&Crsname=個人無線通訊系統架構和實行,,,False,通訊碩,ICE530,0,不分班,"個人無線通訊系統架構和實行
SYSTEM ARCHITECTURE AND IMPLEMENTATION FOR PERSONAL WIRELESS COMMUNICATIONS",3,期,False,50,6,0,50,"溫朝凱,王復康","三5,6,7(工EC 2002)","['', '', '567', '', '', '', '']",《講授類》,[],False
https://selcrs.nsysu.edu.tw/menu5/showoutline.asp?SYEAR=114&SEM=2&CrsDat=ICE540&Crsname=下世代無線網路之全雙工通訊,,,False,通訊碩,ICE540,0,不分班,"下世代無線網路之全雙工通訊
FULL-DUPLEX COMMUNICATIONS FOR FUTURE WIRELESS NETWORKS",3,期,False,50,0,0,50,新可夫,"三5,6,7(工EC 6015-1)","['', '', '567', '', '', '', '']",《講授類》,[],True
https://selcrs.nsysu.edu.tw/menu5/showoutline.asp?SYEAR=114&SEM=2&CrsDat=ICE542&Crsname=分散式多輸入多輸出通訊系統,,,False,通訊碩,ICE542,0,不分班,"分散式多輸入多輸出通訊系統
DISTRIBUTED MIMO COMMUNICATION SYSTEMS",3,期,False,50,3,0,50,黃婉甄,"三2,3,4(工EC 2010)","['', '', '234', '', '', '', '']",《講授類》,[],False
https://selcrs.nsysu.edu.tw/menu5/showoutline.asp?SYEAR=114&SEM=2&CrsDat=ICE609&Crsname=高等數位通訊專題,,,False,通訊碩,ICE609,0,不分班,"高等數位通訊專題
INDEPENDENT STUDIES IN ADVANCED DIGITAL COMMUNICATIONS",3,期,False,50,4,0,50,李志鵬,"五8,6,7(工EC 9011)","['', '', '', '', '678', '', '']",《獨立研究》,[],False
https://selcrs.nsysu.edu.tw/menu5/showoutline.asp?SYEAR=114&SEM=2&CrsDat=ICE610&Crsname=合作式通訊之多中繼點系統設計專題,,,False,通訊碩,ICE610,0,不分班,"合作式通訊之多中繼點系統設計專題
INDEPENDENT STUDIES IN DESIGN OF MULTIPLE-RELAY COOPERATIVE COMMUNICATION SYSTEMS",3,期,False,50,1,0,50,黃婉甄,"二C,D,E(工EC 9016)","['', 'CDE', '', '', '', '', '']",《獨立研究》,[],False
https://selcrs.nsysu.edu.tw/menu5/showoutline.asp?SYEAR=114&SEM=2&CrsDat=ICE612&Crsname=分散式估計專題,,,False,通訊碩,ICE612,0,不分班,"分散式估計專題
INDEPENDENT STUDIES IN DISTRIBUTED ESTIMATION",3,期,False,50,1,0,50,王藏億,"二C,D,E(工EC 1007)","['', 'CDE', '', '', '', '', '']",《獨立研究》,[],False
https://selcrs.nsysu.edu.tw/menu5/showoutline.asp?SYEAR=114&SEM=2&CrsDat=ICE613&Crsname=最佳化理論之應用專題,,,False,通訊碩,ICE613,0,不分班,"最佳化理論之應用專題
INDEPENDENT STUDIES IN APPLICATIONS OF OPTIMIZATION THEORY",3,期,False,50,1,0,50,溫朝凱,"四C,D,E(工EC 9029)","['', '', '', 'CDE', '', '', '']",《獨立研究》,[],False
https://selcrs.nsysu.edu.tw/menu5/showoutline.asp?SYEAR=114&SEM=2&CrsDat=ICE630&Crsname=機率圖模型專題,,,False,通訊碩,ICE630,0,不分班,"機率圖模型專題
INDEPENDENT STUDIES IN PROBABILISTIC GRAPHICAL MODELS",3,期,False,50,4,0,50,曾凡碩,"一C,D,E(工EC 2016-1)","['CDE', '', '', '', '', '', '']",《獨立研究》,[],False
https://selcrs.nsysu.edu.tw/menu5/showoutline.asp?SYEAR=114&SEM=2&CrsDat=ICE630A&Crsname=機率圖模型專題,異動,確認教師1/22,False,通訊碩,ICE630A,0,不分班,"機率圖模型專題
INDEPENDENT STUDIES IN PROBABILISTIC GRAPHICAL MODELS",3,期,False,50,0,0,50,吳孝純,"一C,D,E(工EC 2002)","['CDE', '', '', '', '', '', '']",《獨立研究》,[],True
https://selcrs.nsysu.edu.tw/menu5/showoutline.asp?SYEAR=114&SEM=2&CrsDat=ICE631&Crsname=網路科學專題,,,False,通訊碩,ICE631,0,不分班,"網路科學專題
INDEPENDENT STUDIES IN NETWORK SCIENCE",3,期,False,50,0,0,50,梁家昌,"五9,C,D(工EC 3013)","['', '', '', '', '9CD', '', '']",《獨立研究》,[],True
https://selcrs.nsysu.edu.tw/menu5/showoutline.asp?SYEAR=114&SEM=2&CrsDat=EO5019&Crsname=平面光波導專題,,,False,光電碩,EO5019,0,不分班,"平面光波導專題
SPECIAL TOPICS ON PLANAR LIGHTWAVE CIRCUITS",3,期,False,50,0,0,50,朱安國,"四C,D,E(國IR 3013)","['', '', '', 'CDE', '', '', '']",《獨立研究》,[],False
https://selcrs.nsysu.edu.tw/menu5/showoutline.asp?SYEAR=114&SEM=2&CrsDat=EO5026&Crsname=有機電激發光元件專題,,,False,光電碩,EO5026,0,不分班,"有機電激發光元件專題
SPECIAL TOPICS IN ORGANIC ELECTROLUMINESCENCE DEVICES",3,期,False,50,1,0,50,張美濙,"三D,E,1(國IR 2004)","['', '', '1DE', '', '', '', '']",《獨立研究》,[],False
https://selcrs.nsysu.edu.tw/menu5/showoutline.asp?SYEAR=114&SEM=2&CrsDat=EO5028&Crsname=進階超快光電子學專題,,,False,光電碩,EO5028,0,不分班,"進階超快光電子學專題
SPECIAL TOPICS IN ULTRAFAST PHOTONICS-ADVANCED",3,期,False,50,1,0,50,李晁逵,"二C,D,E(國IR 3004)","['', 'CDE', '', '', '', '', '']",《獨立研究》,[],False
https://selcrs.nsysu.edu.tw/menu5/showoutline.asp?SYEAR=114&SEM=2&CrsDat=EO5034&Crsname=光電實驗（一）,,,False,光電碩,EO5034,0,不分班,"光電實驗（一）
ELECTRO-OPTICS LAB (I)",3,期,False,50,6,0,50,黃文堯,"五8,2,3,4,6,7(國IR 2007)(實驗)","['', '', '', '', '234678', '', '']",《實驗類》,[],False
https://selcrs.nsysu.edu.tw/menu5/showoutline.asp?SYEAR=114&SEM=2&CrsDat=EO5043&Crsname=有機半導體元件專題,,,False,光電碩,EO5043,0,不分班,"有機半導體元件專題
SPECIAL TOPICS IN ORGANIC SOMICONDUCTIVE MATERIALS AND DEVICES",3,期,False,50,3,0,50,黃文堯,"四C,D,E(國IR 2007)","['', '', '', 'CDE', '', '', '']",《獨立研究》,[],False
https://selcrs.nsysu.edu.tw/menu5/showoutline.asp?SYEAR=114&SEM=2&CrsDat=EO5049&Crsname=長距離光纖通信系統專題,,,False,光電碩,EO5049,0,不分班,"長距離光纖通信系統專題
SPECIAL TOPIC IN ULTRA LONG-HAUL OPTICAL FIBER COMMUNICATION SYSTEM",3,期,False,50,0,0,50,林元堯,"三D,E,1(國IR 3004)","['', '', '1DE', '', '', '', '']",《獨立研究》,[],False
https://selcrs.nsysu.edu.tw/menu5/showoutline.asp?SYEAR=114&SEM=2&CrsDat=EO5057&Crsname=液晶晶體光學應用專題,,,False,光電碩,EO5057,0,不分班,"液晶晶體光學應用專題
SPECIAL TOPICS IN LIQUID  CRYSTAL OPTICS",3,期,False,50,0,0,50,林宗賢,"三D,E,1(國IR 2006)","['', '', '1DE', '', '', '', '']",《獨立研究》,[],False
https://selcrs.nsysu.edu.tw/menu5/showoutline.asp?SYEAR=114&SEM=2&CrsDat=EO5058&Crsname=進階液晶光電元件,,,False,光電碩,EO5058,0,不分班,"進階液晶光電元件
ADVANCES IN LIQUID CRYSTAL DEVICES",3,期,False,50,1,0,50,林宗賢,"四8,6,7(國IR 2008)","['', '', '', '678', '', '', '']",《講授類》,[],False
https://selcrs.nsysu.edu.tw/menu5/showoutline.asp?SYEAR=114&SEM=2&CrsDat=EO5060&Crsname=非線性光學,,,False,光電碩,EO5060,0,不分班,"非線性光學
NONLINEAR OPTICS",3,期,False,50,0,0,50,林元堯,"四2,3,4(國IR 3001)","['', '', '', '234', '', '', '']",《講授類》,[],False
https://selcrs.nsysu.edu.tw/menu5/showoutline.asp?SYEAR=114&SEM=2&CrsDat=EO5063&Crsname=檢測技術在光電上的應用,,,False,光電碩,EO5063,0,不分班,"檢測技術在光電上的應用
CHARACTERIZATION TECHNIQUE FOR ELECTRO-OPTICS",3,期,False,50,8,0,50,林煒淳,"三2,3,4(工EC 4039)","['', '', '234', '', '', '', '']",《講授類》,"['矽光子微學程', '矽光子暨半導體學程']",False
https://selcrs.nsysu.edu.tw/menu5/showoutline.asp?SYEAR=114&SEM=2&CrsDat=EO5075&Crsname=書報討論（二）,,,False,光電碩,EO5075,1,不分班,"書報討論（二）
SEMINAR (II)",1,期,True,91,7,72,19,吳昇展,"一8,6,7(工EC 2011)","['678', '', '', '', '', '', '']",《講授類》,[],False
https://selcrs.nsysu.edu.tw/menu5/showoutline.asp?SYEAR=114&SEM=2&CrsDat=EO5101&Crsname=光纖通信系統,,,False,光電碩,EO5101,0,不分班,"光纖通信系統
FIBER-OPTIC COMMUNICATION SYSTEMS",3,期,False,50,12,0,50,洪勇智,"二2,3,4(工EC 4012)","['', '234', '', '', '', '', '']",《講授類》,[],True
https://selcrs.nsysu.edu.tw/menu5/showoutline.asp?SYEAR=114&SEM=2&CrsDat=EO5102&Crsname=光電材料,,,False,光電碩,EO5102,0,不分班,"光電材料
OPTOELECTRIC MATERIALS",3,期,False,50,19,0,50,洪玉珠,"四5,6,7(工EC 3002)","['', '', '', '567', '', '', '']",《講授類》,"['矽光子微學程', '矽光子暨半導體學程']",True
https://selcrs.nsysu.edu.tw/menu5/showoutline.asp?SYEAR=114&SEM=2&CrsDat=EO5128&Crsname=半導體奈米結構與量測專題,,,False,光電碩,EO5128,0,不分班,"半導體奈米結構與量測專題
SPECIAL TOPICS IN SEMICONDUCTOR NANO-STRUCTURE AND MEASUREMENTS",3,期,False,50,6,0,50,洪勇智,"五C,D,E(工EC 4009)","['', '', '', '', 'CDE', '', '']",《獨立研究》,[],False
https://selcrs.nsysu.edu.tw/menu5/showoutline.asp?SYEAR=114&SEM=2&CrsDat=EO5130&Crsname=光纖光電元件專題,,,False,光電碩,EO5130,0,不分班,"光纖光電元件專題
SPECIAL TOPICS IN OPTOELECTRONIC DEVICES FOR OPTICAL COMMUNICATION",3,期,False,50,2,0,50,邱逸仁,"三D,E,1(工EC 4007)","['', '', '1DE', '', '', '', '']",《獨立研究》,[],False
https://selcrs.nsysu.edu.tw/menu5/showoutline.asp?SYEAR=114&SEM=2&CrsDat=EO5134&Crsname=奈米尺度之光電計算專題,,,False,光電碩,EO5134,0,不分班,"奈米尺度之光電計算專題
SPECIAL RESEARCH ON NANOPHOTONIC COMPUTATION",3,期,False,50,1,0,50,王俊達,"二C,D,E(工EC 4022)","['', 'CDE', '', '', '', '', '']",《獨立研究》,[],False
https://selcrs.nsysu.edu.tw/menu5/showoutline.asp?SYEAR=114&SEM=2&CrsDat=EO5141&Crsname=半導體雷射原理與應用,,,False,光電碩,EO5141,0,不分班,"半導體雷射原理與應用
PRINCIPLES AND APPLICATIONS OF SEMICONDUCTOR LASERS",3,期,False,50,20,0,50,洪勇智,"一2,3,4(工EC 4012)","['234', '', '', '', '', '', '']",《講授類》,['矽光子微學程'],False
https://selcrs.nsysu.edu.tw/menu5/showoutline.asp?SYEAR=114&SEM=2&CrsDat=EO5241&Crsname=進階特種光纖專題,,,False,光電碩,EO5241,0,不分班,"進階特種光纖專題
INDEPENDENT STUDIES IN ADVANCED SPECIALTY OPTICAL FIBER",3,期,False,50,1,0,50,洪裕涵,"一C,D,E(工EC 4011)","['CDE', '', '', '', '', '', '']",《獨立研究》,[],False
https://selcrs.nsysu.edu.tw/menu5/showoutline.asp?SYEAR=114&SEM=2&CrsDat=EO5242&Crsname=半導體光電元件,,,False,光電碩,EO5242,0,不分班,"半導體光電元件
SEMICONDUCTOR OPTOELECTRONIC  DEVICES",3,期,False,50,8,0,50,邱逸仁,"四2,3,4(工EC 4039)","['', '', '', '234', '', '', '']",《講授類》,"['矽光子微學程', '矽光子暨半導體學程']",True
https://selcrs.nsysu.edu.tw/menu5/showoutline.asp?SYEAR=114&SEM=2&CrsDat=EO5243&Crsname=奈米光學專題,,,False,光電碩,EO5243,0,不分班,"奈米光學專題
INDEPENDENT STUDIES IN NANOPHOTONICS",3,期,False,50,1,0,50,洪玉珠,"二C,D,E(工EC 3019)","['', 'CDE', '', '', '', '', '']",《獨立研究》,[],False
https://selcrs.nsysu.edu.tw/menu5/showoutline.asp?SYEAR=114&SEM=2&CrsDat=EO5247&Crsname=光纖通訊之訊號處理專題,,,False,光電碩,EO5247,0,不分班,"光纖通訊之訊號處理專題
INDEPENDENT STUDIES IN SIGNAL PROCESSING FOR OPTICAL FIBER COMMUNICATION",3,期,False,50,5,0,50,魏嘉建,"三D,E,1(工EC 4014)","['', '', '1DE', '', '', '', '']",《獨立研究》,[],False
https://selcrs.nsysu.edu.tw/menu5/showoutline.asp?SYEAR=114&SEM=2&CrsDat=EO5248&Crsname=現代通訊原理,,,False,光電碩,EO5248,0,不分班,"現代通訊原理
PRINCIPLES OF MODERN COMMUNICATION",3,期,False,50,6,0,50,魏嘉建,"二2,3,4(工EC 4037)","['', '234', '', '', '', '', '']",《講授類》,[],True
https://selcrs.nsysu.edu.tw/menu5/showoutline.asp?SYEAR=114&SEM=2&CrsDat=EO5256&Crsname=進階半導體物理與元件,,,False,光電碩,EO5256,0,不分班,"進階半導體物理與元件
ADVANCED SEMICONDUCTOR PHYSICS AND DEVICES",3,期,False,50,8,0,50,李炫錫,"二2,3,4(工EC 4038)","['', '234', '', '', '', '', '']",《講授類》,"['矽光子微學程', '矽光子暨半導體學程', '半導體製程模組學程']",True
https://selcrs.nsysu.edu.tw/menu5/showoutline.asp?SYEAR=114&SEM=2&CrsDat=EO5257&Crsname=光能源轉換半導體材料專題,,,False,光電碩,EO5257,0,不分班,"光能源轉換半導體材料專題
SPECIAL TOPICS ON SEMICONDUCTOR MATERIALS FOR LIGHT ENERGY CONVERSION",3,期,False,50,1,0,50,李炫錫,"二C,D,E(工EC 4037)","['', 'CDE', '', '', '', '', '']",《研討類》,[],True
https://selcrs.nsysu.edu.tw/menu5/showoutline.asp?SYEAR=114&SEM=2&CrsDat=EO5259&Crsname=液晶顯示技術,,,False,光電碩,EO5259,0,不分班,"液晶顯示技術
LIQUID CRYSTAL DISPLAY TECHNOLOGIES",3,期,False,50,2,0,50,王俊達,"二8,6,7(國IR 2008)","['', '678', '', '', '', '', '']",《講授類》,[],True
https://selcrs.nsysu.edu.tw/menu5/showoutline.asp?SYEAR=114&SEM=2&CrsDat=EO5262&Crsname=3D列印材料與技術專題,,,False,光電碩,EO5262,0,不分班,"3D列印材料與技術專題
""INDEPENDENT STUDIES IN 3D PRINTING MATERIALS AND TECHNIQUES
""",3,期,False,50,1,0,50,林煒淳,"一C,D,E(工EC 4017)","['CDE', '', '', '', '', '', '']",《獨立研究》,[],False
https://selcrs.nsysu.edu.tw/menu5/showoutline.asp?SYEAR=114&SEM=2&CrsDat=EO5264&Crsname=繞射光學,,,False,光電碩,EO5264,0,不分班,"繞射光學
DIFFRACTIVE OPTICS",3,期,False,50,0,0,50,林元堯,"四5,6,7(國IR 3001)","['', '', '', '567', '', '', '']",《講授類》,['半導體製程模組學程'],False
https://selcrs.nsysu.edu.tw/menu5/showoutline.asp?SYEAR=114&SEM=2&CrsDat=EO5265&Crsname=微波光子學,,,False,光電碩,EO5265,0,不分班,"微波光子學
MICROWAVE PHOTONICS",3,期,False,50,3,0,50,洪裕涵,"二8,6,7(工EC 4038)","['', '678', '', '', '', '', '']",《講授類》,[],True
https://selcrs.nsysu.edu.tw/menu5/showoutline.asp?SYEAR=114&SEM=2&CrsDat=EO5267&Crsname=波動物理專題,,,False,光電碩,EO5267,0,不分班,"波動物理專題
INDEPENDENT STUDIES IN WAVE PHYSICS",3,期,False,50,2,0,50,王耀霆,"一C,D,E(工EC 4018)","['CDE', '', '', '', '', '', '']",《獨立研究》,[],True
https://selcrs.nsysu.edu.tw/menu5/showoutline.asp?SYEAR=114&SEM=2&CrsDat=EO5271&Crsname=半導體材料之光與物質交互作用專題,,,False,光電碩,EO5271,0,不分班,"半導體材料之光與物質交互作用專題
SPECIAL TOPICS IN LIGHT-MATTER INTERACTIONS IN SEMICONDUCTORS",3,期,False,50,2,0,50,吳昇展,"四C,D,E(工EC 4013)","['', '', '', 'CDE', '', '', '']",《獨立研究》,[],False
https://selcrs.nsysu.edu.tw/menu5/showoutline.asp?SYEAR=114&SEM=2&CrsDat=MOES501&Crsname=書報討論,,,False,材光碩,MOES501,1,不分班,"書報討論
SEMINAR",1,期,True,70,1,69,1,葉昀昇,"三6,7(工EN 2028 )","['', '', '67', '', '', '', '']",《研討類》,[],False
https://selcrs.nsysu.edu.tw/menu5/showoutline.asp?SYEAR=114&SEM=2&CrsDat=MOES505&Crsname=材料變形與破壞,,,False,材光碩,MOES505,0,不分班,"材料變形與破壞
DEFORMATION AND FRACTURE OF MATERIALS",3,期,False,50,6,0,50,郭哲男,"一5,6,7(工MS 4023)","['567', '', '', '', '', '', '']",《講授類》,['半導體製程模組學程'],False
https://selcrs.nsysu.edu.tw/menu5/showoutline.asp?SYEAR=114&SEM=2&CrsDat=MOES506&Crsname=固態相變化,,,False,材光碩,MOES506,0,不分班,"固態相變化
PHASE TRANSFORMATION IN SOLIDS",3,期,False,50,4,0,50,李廣輝,"四2,3,4(工MS 2004)","['', '', '', '234', '', '', '']",《講授類》,['半導體製程模組學程'],True
https://selcrs.nsysu.edu.tw/menu5/showoutline.asp?SYEAR=114&SEM=2&CrsDat=MOES507&Crsname=電子顯微鏡,,,False,材光碩,MOES507,0,不分班,"電子顯微鏡
ELECTRON MICROSCOPY",3,期,False,40,12,0,40,張志溥,"四7(工MS 4019) 五3,4(工MS 4019)","['', '', '', '7', '34', '', '']",《講授類》,"['半導體製程模組學程', '半導體元件學程']",False
https://selcrs.nsysu.edu.tw/menu5/showoutline.asp?SYEAR=114&SEM=2&CrsDat=MOES511&Crsname=高分子流變學與加工原理,,,False,材光碩,MOES511,0,不分班,"高分子流變學與加工原理
PRINCIPLES OF POLYMER RHEOLOGY AND PROCESSING",3,期,False,50,1,0,50,陳致光,"二2,3,4(工MS 4019)","['', '234', '', '', '', '', '']",《講授類》,[],True
https://selcrs.nsysu.edu.tw/menu5/showoutline.asp?SYEAR=114&SEM=2&CrsDat=MOES514&Crsname=高分子物性,,,False,材光碩,MOES514,0,不分班,"高分子物性
PHYSICAL PROPERTIES OF POLYMERS",3,期,False,50,5,0,50,陳致光,"三2,3,4(工MS 4023)","['', '', '234', '', '', '', '']",《講授類》,[],True
https://selcrs.nsysu.edu.tw/menu5/showoutline.asp?SYEAR=114&SEM=2&CrsDat=MOES522&Crsname=材料集合組織與非等向性,,,False,材光碩,MOES522,0,不分班,"材料集合組織與非等向性
TEXTURE AND ANISOTROPY OF MATERIALS",3,期,False,50,9,0,50,張六文,"三3,4(工MS 2004) 四8(工MS 4019)","['', '', '34', '8', '', '', '']",《講授類》,[],False
https://selcrs.nsysu.edu.tw/menu5/showoutline.asp?SYEAR=114&SEM=2&CrsDat=MOES523&Crsname=固態離子導體,,,False,材光碩,MOES523,0,不分班,"固態離子導體
SOLID STATE IONICS",3,期,False,50,2,0,50,王致傑,"二2,3,4(工MS 4025)","['', '234', '', '', '', '', '']",《講授類》,[],True
https://selcrs.nsysu.edu.tw/menu5/showoutline.asp?SYEAR=114&SEM=2&CrsDat=MOES534&Crsname=鋼鐵製程,,,False,材光碩,MOES534,0,不分班,"鋼鐵製程
STEEL PROCESSING",3,期,False,50,4,0,50,郭哲男,"五8,6,7(工MS 4022)","['', '', '', '', '678', '', '']",《講授類》,[],False
https://selcrs.nsysu.edu.tw/menu5/showoutline.asp?SYEAR=114&SEM=2&CrsDat=MOES536&Crsname=小角度X光與中子散射在軟物質材料之應用,,,False,材光碩,MOES536,0,不分班,"小角度X光與中子散射在軟物質材料之應用
APPLICATIONS OF SMALL ANGLE X-RAY AND NEUTRON SCATTERING IN SOFT MATERIALS",3,期,False,50,3,0,50,蔣酉旺,"二5,6,7(工MS 2004 )","['', '567', '', '', '', '', '']",《講授類》,[],True
https://selcrs.nsysu.edu.tw/menu5/showoutline.asp?SYEAR=114&SEM=2&CrsDat=MOES537&Crsname=光電高分子,,,False,材光碩,MOES537,0,不分班,"光電高分子
POLYMERS IN OPTOELECTRONIC APPLICATIONS",3,期,False,50,2,0,50,曼哈迪,"五C,D,E(工MS 4023)","['', '', '', '', 'CDE', '', '']",《講授類》,[],True
https://selcrs.nsysu.edu.tw/menu5/showoutline.asp?SYEAR=114&SEM=2&CrsDat=MOES538&Crsname=高分子光譜學,,,False,材光碩,MOES538,0,不分班,"高分子光譜學
POLYMER SPECTROSCOPY",3,期,False,50,18,0,50,郭紹偉,"二8,6,7(工MS 4023)","['', '678', '', '', '', '', '']",《講授類》,[],True
https://selcrs.nsysu.edu.tw/menu5/showoutline.asp?SYEAR=114&SEM=2&CrsDat=MOES542&Crsname=高分子黏土奈米複合材料,,,False,材光碩,MOES542,0,不分班,"高分子黏土奈米複合材料
POLYMER/CLAY NANOCOMPOSITES",3,期,False,50,24,0,50,葉昀昇,"一5,6,7(工MS 4019)","['567', '', '', '', '', '', '']",《講授類》,[],True
https://selcrs.nsysu.edu.tw/menu5/showoutline.asp?SYEAR=114&SEM=2&CrsDat=MOES548&Crsname=半導體材料測試與分析,,,False,材光碩,MOES548,0,不分班,"半導體材料測試與分析
CHARACTERIZATION OF SEMICONDUCTOR MATERIALS",3,期,False,50,0,0,50,徐瑞鴻,"二2,3,4(工MS 2004)","['', '234', '', '', '', '', '']",《講授類》,"['半導體製程模組學程', '半導體元件學程']",False
https://selcrs.nsysu.edu.tw/menu5/showoutline.asp?SYEAR=114&SEM=2&CrsDat=MOES558&Crsname=固態電子性質與結構,,,False,材光碩,MOES558,0,不分班,"固態電子性質與結構
ELECTRONIC PROPERTIES AND STRUCTURES IN SOLIDS",3,期,False,50,2,0,50,杭大任,"四C,D,E(工MS 4025)","['', '', '', 'CDE', '', '', '']",《講授類》,[],False
https://selcrs.nsysu.edu.tw/menu5/showoutline.asp?SYEAR=114&SEM=2&CrsDat=MOES560&Crsname=傅氏光學,,,False,材光碩,MOES560,0,不分班,"傅氏光學
FOURIER OPTICS",3,期,False,50,4,0,50,蘇威宏,"一4(工MS 2001) 四3,4(工MS 2001)","['4', '', '', '34', '', '', '']",《講授類》,"['半導體製程模組學程', '半導體設備工程學程']",True
https://selcrs.nsysu.edu.tw/menu5/showoutline.asp?SYEAR=114&SEM=2&CrsDat=MOES572&Crsname=專題研究（二）,,,False,材光碩,MOES572,1,不分班,"專題研究（二）
INDEPENDENT STUDIES(II)",3,期,False,50,1,0,50,林仕鑫,"一C,D,E()","['CDE', '', '', '', '', '', '']","《獨立研究》
金屬3D列印、先進金屬材料相關專題。學生選課前請先與指導教授洽談。",[],True
https://selcrs.nsysu.edu.tw/menu5/showoutline.asp?SYEAR=114&SEM=2&CrsDat=MOES572A&Crsname=專題研究（二）,,,False,材光碩,MOES572A,1,不分班,"專題研究（二）
INDEPENDENT STUDIES(II)",3,期,False,50,0,0,50,蔡宗鳴,"一C,D,E()","['CDE', '', '', '', '', '', '']","《獨立研究》
超臨界流體技術相關專題。學生選課前請先與指導教授洽談。",[],True
https://selcrs.nsysu.edu.tw/menu5/showoutline.asp?SYEAR=114&SEM=2&CrsDat=MOES572C&Crsname=專題研究（二）,,,False,材光碩,MOES572C,1,不分班,"專題研究（二）
INDEPENDENT STUDIES(II)",3,期,False,50,0,0,50,郭哲男,"一C,D,E()","['CDE', '', '', '', '', '', '']","《獨立研究》
金屬3D列印、先進金屬材料相關專題。學生選課前請先與指導教授洽談。",[],True
https://selcrs.nsysu.edu.tw/menu5/showoutline.asp?SYEAR=114&SEM=2&CrsDat=MOES572D&Crsname=專題研究（二）,,,False,材光碩,MOES572D,1,不分班,"專題研究（二）
INDEPENDENT STUDIES(II)",3,期,False,50,1,0,50,陳致光,"一C,D,E()","['CDE', '', '', '', '', '', '']","《獨立研究》
高分子化學、奈米生醫相關專題。學生選課前請先與指導教授洽談。",[],True
https://selcrs.nsysu.edu.tw/menu5/showoutline.asp?SYEAR=114&SEM=2&CrsDat=MOES572E&Crsname=專題研究（二）,,,False,材光碩,MOES572E,1,不分班,"專題研究（二）
INDEPENDENT STUDIES(II)",3,期,False,50,4,0,50,葉昀昇,"一C,D,E()","['CDE', '', '', '', '', '', '']","《獨立研究》
高分子複合材料，熱界面材料相關專題。學生選課前請先與指導教授洽談。",[],True
https://selcrs.nsysu.edu.tw/menu5/showoutline.asp?SYEAR=114&SEM=2&CrsDat=MOES572F&Crsname=專題研究（二）,,,False,材光碩,MOES572F,1,不分班,"專題研究（二）
INDEPENDENT STUDIES(II)",3,期,False,50,1,0,50,杭大任,"一C,D,E()","['CDE', '', '', '', '', '', '']","《獨立研究》
半導體材料與科學、能源材料相關專題。學生選課前請先與指導教授洽談。",[],True
https://selcrs.nsysu.edu.tw/menu5/showoutline.asp?SYEAR=114&SEM=2&CrsDat=MOES572G&Crsname=專題研究（二）,,,False,材光碩,MOES572G,1,不分班,"專題研究（二）
INDEPENDENT STUDIES(II)",3,期,False,50,0,0,50,王致傑,"一C,D,E()","['CDE', '', '', '', '', '', '']","《獨立研究》
奈米能源材料相關專題。學生選課前請先與指導教授洽談。",[],True
https://selcrs.nsysu.edu.tw/menu5/showoutline.asp?SYEAR=114&SEM=2&CrsDat=MOES572H&Crsname=專題研究（二）,,,False,材光碩,MOES572H,1,不分班,"專題研究（二）
INDEPENDENT STUDIES(II)",3,期,False,50,0,0,50,徐瑞鴻,"一C,D,E()","['CDE', '', '', '', '', '', '']","《獨立研究》
顯微螢光光譜相關專題。學生選課前請先與指導教授洽談。",[],True
https://selcrs.nsysu.edu.tw/menu5/showoutline.asp?SYEAR=114&SEM=2&CrsDat=MOES572I&Crsname=專題研究（二）,,,False,材光碩,MOES572I,1,不分班,"專題研究（二）
INDEPENDENT STUDIES(II)",3,期,False,50,1,0,50,蘇威宏,"一C,D,E()","['CDE', '', '', '', '', '', '']","《獨立研究》
光學檢測相關專題。學生選課前請先與指導教授洽談。",[],True
https://selcrs.nsysu.edu.tw/menu5/showoutline.asp?SYEAR=114&SEM=2&CrsDat=MOES572K&Crsname=專題研究（二）,,,False,材光碩,MOES572K,1,不分班,"專題研究（二）
INDEPENDENT STUDIES(II)",3,期,False,50,5,0,50,郭紹偉,"一C,D,E()","['CDE', '', '', '', '', '', '']","《獨立研究》
超分子材料相關專題。學生選課前請先與指導教授洽談。",[],True
https://selcrs.nsysu.edu.tw/menu5/showoutline.asp?SYEAR=114&SEM=2&CrsDat=MOES572L&Crsname=專題研究（二）,,,False,材光碩,MOES572L,1,不分班,"專題研究（二）
INDEPENDENT STUDIES(II)",3,期,False,50,0,0,50,張六文,"一C,D,E()","['CDE', '', '', '', '', '', '']","《獨立研究》
材料顯微組織與集合組織分析相關專題。學生選課前請先與指導教授洽談。",[],True
https://selcrs.nsysu.edu.tw/menu5/showoutline.asp?SYEAR=114&SEM=2&CrsDat=MOES572M&Crsname=專題研究（二）,,,False,材光碩,MOES572M,1,不分班,"專題研究（二）
INDEPENDENT STUDIES(II)",3,期,False,50,1,0,50,蔣酉旺,"一C,D,E()","['CDE', '', '', '', '', '', '']","《獨立研究》
先進高分子相關專題。學生選課前請先與指導教授洽談。",[],True
https://selcrs.nsysu.edu.tw/menu5/showoutline.asp?SYEAR=114&SEM=2&CrsDat=MOES572N&Crsname=專題研究（二）,,,False,材光碩,MOES572N,1,不分班,"專題研究（二）
INDEPENDENT STUDIES(II)",3,期,False,50,4,0,50,王映樵,"一C,D,E()","['CDE', '', '', '', '', '', '']","《獨立研究》
XXX相關專題。學生選課前請先與指導教授洽談。",[],True
https://selcrs.nsysu.edu.tw/menu5/showoutline.asp?SYEAR=114&SEM=2&CrsDat=MOES572O&Crsname=專題研究（二）,,,False,材光碩,MOES572O,1,不分班,"專題研究（二）
INDEPENDENT STUDIES(II)",3,期,False,50,0,0,50,曼哈迪,"一C,D,E()","['CDE', '', '', '', '', '', '']","《獨立研究》
有機高分子相關專題。學生選課前請先與指導教授洽談。",[],True
https://selcrs.nsysu.edu.tw/menu5/showoutline.asp?SYEAR=114&SEM=2&CrsDat=MOES572P&Crsname=專題研究（二）,,,False,材光碩,MOES572P,1,不分班,"專題研究（二）
INDEPENDENT STUDIES(II)",3,期,False,50,1,0,50,邱政維,"一C,D,E()","['CDE', '', '', '', '', '', '']","《獨立研究》
奈米材料、高分子合成相關專題。學生選課前請先與指導教授洽談。",[],True
https://selcrs.nsysu.edu.tw/menu5/showoutline.asp?SYEAR=114&SEM=2&CrsDat=MOES572Q&Crsname=專題研究（二）,,,False,材光碩,MOES572Q,1,不分班,"專題研究（二）
INDEPENDENT STUDIES(II)",3,期,False,50,0,0,50,呂德,"一C,D,E()","['CDE', '', '', '', '', '', '']","《獨立研究》
學生選課前請先與指導教授洽談。",[],True
https://selcrs.nsysu.edu.tw/menu5/showoutline.asp?SYEAR=114&SEM=2&CrsDat=MOES572R&Crsname=專題研究（二）,,,False,材光碩,MOES572R,1,不分班,"專題研究（二）
INDEPENDENT STUDIES(II)",3,期,False,50,2,0,50,王志逢,"一C,D,E()","['CDE', '', '', '', '', '', '']","《獨立研究》
高分子複合材料相關專題。學生選課前請先與指導教授洽談。",[],True
https://selcrs.nsysu.edu.tw/menu5/showoutline.asp?SYEAR=114&SEM=2&CrsDat=MOES572S&Crsname=專題研究（二）,,,False,材光碩,MOES572S,1,不分班,"專題研究（二）
INDEPENDENT STUDIES(II)",3,期,False,50,1,0,50,李伯軒,"一C,D,E()","['CDE', '', '', '', '', '', '']","《獨立研究》
積層製造、機械特性、先進顯微鏡相關專題。學生選課前請先與指導教授洽談。",[],True
https://selcrs.nsysu.edu.tw/menu5/showoutline.asp?SYEAR=114&SEM=2&CrsDat=MOES572T&Crsname=專題研究（二）,,,False,材光碩,MOES572T,1,不分班,"專題研究（二）
INDEPENDENT STUDIES(II)",3,期,False,50,0,0,50,李廣輝,"一C,D,E()","['CDE', '', '', '', '', '', '']","《獨立研究》
半導體材料磊晶成長，材料分析，光電元件相關專題。學生選課前請先與指導教授洽談。",[],True
https://selcrs.nsysu.edu.tw/menu5/showoutline.asp?SYEAR=114&SEM=2&CrsDat=MOES572U&Crsname=專題研究（二）,異動,確認教師1/29,False,材光碩,MOES572U,1,不分班,"專題研究（二）
INDEPENDENT STUDIES(II)",3,期,False,50,0,0,50,李明賢,"一C,D,E()","['CDE', '', '', '', '', '', '']","《獨立研究》
鈣鈦礦太陽能電池、鈣鈦礦光電元件、奈米光電元件、液晶光學相關專題。學生選課前請先與指導教授洽談。",[],True
https://selcrs.nsysu.edu.tw/menu5/showoutline.asp?SYEAR=114&SEM=2&CrsDat=MOES572V&Crsname=專題研究（二）,異動,確認教師2/3,False,材光碩,MOES572V,1,不分班,"專題研究（二）
INDEPENDENT STUDIES(II)",3,期,False,50,0,0,50,張尹,"一C,D,E()","['CDE', '', '', '', '', '', '']","《獨立研究》
生物材料、仿生材料相關專題。學生選課前請先與指導教授洽談。",[],True
https://selcrs.nsysu.edu.tw/menu5/showoutline.asp?SYEAR=114&SEM=2&CrsDat=MOES574&Crsname=專題研究（四）,,,False,材光碩,MOES574,2,不分班,"專題研究（四）
INDEPENDENT STUDIES(IV)",3,期,False,50,0,0,50,林仕鑫,"二C,D,E()","['', 'CDE', '', '', '', '', '']","《獨立研究》
材料計算模擬相關專題。學生選課前請先與指導教授洽談。",[],True
https://selcrs.nsysu.edu.tw/menu5/showoutline.asp?SYEAR=114&SEM=2&CrsDat=MOES574A&Crsname=專題研究（四）,,,False,材光碩,MOES574A,2,不分班,"專題研究（四）
INDEPENDENT STUDIES(IV)",3,期,False,50,0,0,50,蔡宗鳴,"二C,D,E()","['', 'CDE', '', '', '', '', '']","《獨立研究》
超臨界流體技術相關專題。學生選課前請先與指導教授洽談。",[],True
https://selcrs.nsysu.edu.tw/menu5/showoutline.asp?SYEAR=114&SEM=2&CrsDat=MOES574C&Crsname=專題研究（四）,,,False,材光碩,MOES574C,2,不分班,"專題研究（四）
INDEPENDENT STUDIES(IV)",3,期,False,50,0,0,50,郭哲男,"二C,D,E()","['', 'CDE', '', '', '', '', '']","《獨立研究》
金屬3D列印、先進金屬材料相關專題。學生選課前請先與指導教授洽談。",[],True
https://selcrs.nsysu.edu.tw/menu5/showoutline.asp?SYEAR=114&SEM=2&CrsDat=MOES574D&Crsname=專題研究（四）,,,False,材光碩,MOES574D,2,不分班,"專題研究（四）
INDEPENDENT STUDIES(IV)",3,期,False,50,0,0,50,陳致光,"二C,D,E()","['', 'CDE', '', '', '', '', '']","《獨立研究》
高分子化學、奈米生醫相關專題。學生選課前請先與指導教授洽談。",[],True
https://selcrs.nsysu.edu.tw/menu5/showoutline.asp?SYEAR=114&SEM=2&CrsDat=MOES574E&Crsname=專題研究（四）,,,False,材光碩,MOES574E,2,不分班,"專題研究（四）
INDEPENDENT STUDIES(IV)",3,期,False,50,0,0,50,葉昀昇,"二C,D,E()","['', 'CDE', '', '', '', '', '']","《獨立研究》
高分子複合材料，熱界面材料相關專題。學生選課前請先與指導教授洽談。",[],True
https://selcrs.nsysu.edu.tw/menu5/showoutline.asp?SYEAR=114&SEM=2&CrsDat=MOES574F&Crsname=專題研究（四）,,,False,材光碩,MOES574F,2,不分班,"專題研究（四）
INDEPENDENT STUDIES(IV)",3,期,False,50,1,0,50,杭大任,"二C,D,E()","['', 'CDE', '', '', '', '', '']","《獨立研究》
半導體材料與科學、能源材料相關專題。學生選課前請先與指導教授洽談。",[],True
https://selcrs.nsysu.edu.tw/menu5/showoutline.asp?SYEAR=114&SEM=2&CrsDat=MOES574G&Crsname=專題研究（四）,,,False,材光碩,MOES574G,2,不分班,"專題研究（四）
INDEPENDENT STUDIES(IV)",3,期,False,50,0,0,50,王致傑,"二C,D,E()","['', 'CDE', '', '', '', '', '']","《獨立研究》
奈米能源材料相關專題。學生選課前請先與指導教授洽談。",[],True
https://selcrs.nsysu.edu.tw/menu5/showoutline.asp?SYEAR=114&SEM=2&CrsDat=MOES574H&Crsname=專題研究（四）,,,False,材光碩,MOES574H,2,不分班,"專題研究（四）
INDEPENDENT STUDIES(IV)",3,期,False,50,0,0,50,徐瑞鴻,"二C,D,E()","['', 'CDE', '', '', '', '', '']","《獨立研究》
單分子光譜、顯微螢光光譜、金屬光譜特性相關專題。學生選課前請先與指導教授洽談。",[],True
https://selcrs.nsysu.edu.tw/menu5/showoutline.asp?SYEAR=114&SEM=2&CrsDat=MOES574I&Crsname=專題研究（四）,,,False,材光碩,MOES574I,2,不分班,"專題研究（四）
INDEPENDENT STUDIES(IV)",3,期,False,50,0,0,50,蘇威宏,"二C,D,E()","['', 'CDE', '', '', '', '', '']","《獨立研究》
光學檢測相關專題。學生選課前請先與指導教授洽談。",[],True
https://selcrs.nsysu.edu.tw/menu5/showoutline.asp?SYEAR=114&SEM=2&CrsDat=MOES574K&Crsname=專題研究（四）,,,False,材光碩,MOES574K,2,不分班,"專題研究（四）
INDEPENDENT STUDIES(IV)",3,期,False,50,3,0,50,郭紹偉,"二C,D,E()","['', 'CDE', '', '', '', '', '']","《獨立研究》
超分子材料相關專題。學生選課前請先與指導教授洽談。",[],True
https://selcrs.nsysu.edu.tw/menu5/showoutline.asp?SYEAR=114&SEM=2&CrsDat=MOES574L&Crsname=專題研究（四）,,,False,材光碩,MOES574L,2,不分班,"專題研究（四）
INDEPENDENT STUDIES(IV)",3,期,False,50,0,0,50,張六文,"二C,D,E()","['', 'CDE', '', '', '', '', '']","《獨立研究》
材料顯微組織分析相關專題。學生選課前請先與指導教授洽談。",[],True
https://selcrs.nsysu.edu.tw/menu5/showoutline.asp?SYEAR=114&SEM=2&CrsDat=MOES574M&Crsname=專題研究（四）,,,False,材光碩,MOES574M,2,不分班,"專題研究（四）
INDEPENDENT STUDIES(IV)",3,期,False,50,1,0,50,蔣酉旺,"二C,D,E()","['', 'CDE', '', '', '', '', '']","《獨立研究》
先進高分子相關專題。學生選課前請先與指導教授洽談。",[],True
https://selcrs.nsysu.edu.tw/menu5/showoutline.asp?SYEAR=114&SEM=2&CrsDat=MOES574N&Crsname=專題研究（四）,,,False,材光碩,MOES574N,2,不分班,"專題研究（四）
INDEPENDENT STUDIES(IV)",3,期,False,50,0,0,50,王映樵,"二C,D,E()","['', 'CDE', '', '', '', '', '']","《獨立研究》
(碩一選修) 光電材料與元件相關專題。學生選課前請先與指導教授洽談。",[],True
https://selcrs.nsysu.edu.tw/menu5/showoutline.asp?SYEAR=114&SEM=2&CrsDat=MOES574O&Crsname=專題研究（四）,,,False,材光碩,MOES574O,2,不分班,"專題研究（四）
INDEPENDENT STUDIES(IV)",3,期,False,50,0,0,50,曼哈迪,"二C,D,E()","['', 'CDE', '', '', '', '', '']","《獨立研究》
有機高分子相關專題。學生選課前請先與指導教授洽談。",[],True
https://selcrs.nsysu.edu.tw/menu5/showoutline.asp?SYEAR=114&SEM=2&CrsDat=MOES574P&Crsname=專題研究（四）,,,False,材光碩,MOES574P,2,不分班,"專題研究（四）
INDEPENDENT STUDIES(IV)",3,期,False,50,1,0,50,邱政維,"二C,D,E()","['', 'CDE', '', '', '', '', '']","《獨立研究》
奈米材料、高分子合成相關專題。學生選課前請先與指導教授洽談。",[],True
https://selcrs.nsysu.edu.tw/menu5/showoutline.asp?SYEAR=114&SEM=2&CrsDat=MOES574Q&Crsname=專題研究（四）,,,False,材光碩,MOES574Q,2,不分班,"專題研究（四）
INDEPENDENT STUDIES(IV)",3,期,False,50,0,0,50,呂德,"二C,D,E()","['', 'CDE', '', '', '', '', '']","《獨立研究》
科學模擬計算相關專題。學生選課前請先與指導教授洽談。",[],True
https://selcrs.nsysu.edu.tw/menu5/showoutline.asp?SYEAR=114&SEM=2&CrsDat=MOES574R&Crsname=專題研究（四）,,,False,材光碩,MOES574R,2,不分班,"專題研究（四）
INDEPENDENT STUDIES(IV)",3,期,False,50,0,0,50,王志逢,"二C,D,E()","['', 'CDE', '', '', '', '', '']","《獨立研究》
高分子複合材料相關專題。學生選課前請先與指導教授洽談。",[],True
https://selcrs.nsysu.edu.tw/menu5/showoutline.asp?SYEAR=114&SEM=2&CrsDat=MOES574S&Crsname=專題研究（四）,,,False,材光碩,MOES574S,2,不分班,"專題研究（四）
INDEPENDENT STUDIES(IV)",3,期,False,50,0,0,50,李伯軒,"二C,D,E()","['', 'CDE', '', '', '', '', '']","《獨立研究》
積層製造、機械特性、先進顯微鏡相關專題。學生選課前請先與指導教授洽談。",[],True
https://selcrs.nsysu.edu.tw/menu5/showoutline.asp?SYEAR=114&SEM=2&CrsDat=MOES574T&Crsname=專題研究（四）,,,False,材光碩,MOES574T,2,不分班,"專題研究（四）
INDEPENDENT STUDIES(IV)",3,期,False,50,0,0,50,李廣輝,"二C,D,E()","['', 'CDE', '', '', '', '', '']","《獨立研究》
半導體材料磊晶成長，材料分析，光電元件相關專題。學生選課前請先與指導教授洽談。",[],True
https://selcrs.nsysu.edu.tw/menu5/showoutline.asp?SYEAR=114&SEM=2&CrsDat=MOES574U&Crsname=專題研究（四）,異動,確認教師1/29,False,材光碩,MOES574U,2,不分班,"專題研究（四）
INDEPENDENT STUDIES(IV)",3,期,False,50,0,0,50,李明賢,"二C,D,E()","['', 'CDE', '', '', '', '', '']","《獨立研究》
鈣鈦礦太陽能電池、鈣鈦礦光電元件、奈米光電元件、液晶光學相關專題。學生選課前請先與指導教授洽談。",[],True
https://selcrs.nsysu.edu.tw/menu5/showoutline.asp?SYEAR=114&SEM=2&CrsDat=MOES574V&Crsname=專題研究（四）,異動,確認教師2/3,False,材光碩,MOES574V,2,不分班,"專題研究（四）
INDEPENDENT STUDIES(IV)",3,期,False,50,0,0,50,張尹,"二C,D,E()","['', 'CDE', '', '', '', '', '']","《獨立研究》
生物材料、仿生材料相關專題。學生選課前請先與指導教授洽談。",[],True
https://selcrs.nsysu.edu.tw/menu5/showoutline.asp?SYEAR=114&SEM=2&CrsDat=MOES582&Crsname=高分子材料於產業研發應用之案例分析,,,False,材光碩,MOES582,0,不分班,"高分子材料於產業研發應用之案例分析
CASE STUDIES FOR POLYMER MATERIALS IN APPLICATIONS OF INDUSTRY",3,期,False,60,25,0,60,李明旭,"五8,6,7(工MS 4019)","['', '', '', '', '678', '', '']",《講授類》,[],False
https://selcrs.nsysu.edu.tw/menu5/showoutline.asp?SYEAR=114&SEM=2&CrsDat=MOES584&Crsname=半導體製程原理,,,False,材光碩,MOES584,0,不分班,"半導體製程原理
PRINCIPLES OF SEMICONDUCTOR MANUFACTURING TECHNOLOGY",3,期,False,50,2,0,50,蔡宗鳴,"四C,D,E(工MS 2004)","['', '', '', 'CDE', '', '', '']",《講授類》,"['矽光子暨半導體學程', '半導體製程模組學程', '半導體設備工程學程', '半導體元件學程']",False
https://selcrs.nsysu.edu.tw/menu5/showoutline.asp?SYEAR=114&SEM=2&CrsDat=MOES586&Crsname=材料之模擬與計算,,,False,材光碩,MOES586,0,不分班,"材料之模擬與計算
MATERIALS SIMULATION AND COMPUTATION",3,期,False,50,2,0,50,林仕鑫,"五1,2,3(工MS 2001)","['', '', '', '', '123', '', '']",《講授類》,[],True
https://selcrs.nsysu.edu.tw/menu5/showoutline.asp?SYEAR=114&SEM=2&CrsDat=MOES587&Crsname=分析電化學,,,False,材光碩,MOES587,0,不分班,"分析電化學
ANALYTICAL ELECTROCHEMISTRY",3,期,False,50,1,0,50,王致傑,"一8,6,7(工MS 4025)","['678', '', '', '', '', '', '']",《講授類》,['半導體製程模組學程'],False
https://selcrs.nsysu.edu.tw/menu5/showoutline.asp?SYEAR=114&SEM=2&CrsDat=MOES593&Crsname=有機半導體材料,,,False,材光碩,MOES593,0,不分班,"有機半導體材料
ORGANIC SEMICONDUCTOR MATERIALS",3,期,False,50,6,0,50,王映樵,"一2,3,4(工MS 4025)","['234', '', '', '', '', '', '']",《講授類》,"['半導體製程模組學程', '半導體設備工程學程', '半導體元件學程']",True
https://selcrs.nsysu.edu.tw/menu5/showoutline.asp?SYEAR=114&SEM=2&CrsDat=MOES594&Crsname=工程英文寫作,,,False,材光碩,MOES594,0,不分班,"工程英文寫作
ENGLISH TECHNICAL WRITING",3,期,False,50,4,0,50,邱政維,"一5,6,7(工MS 2004)","['567', '', '', '', '', '', '']",《講授類》,[],True
https://selcrs.nsysu.edu.tw/menu5/showoutline.asp?SYEAR=114&SEM=2&CrsDat=MOES596&Crsname=統計熱力學,,,False,材光碩,MOES596,0,不分班,"統計熱力學
STATISTICAL THERMODYNAMICS",3,期,False,50,2,0,50,林仕鑫,"二2,3,4(工MS 2001)","['', '234', '', '', '', '', '']",《講授類》,[],True
https://selcrs.nsysu.edu.tw/menu5/showoutline.asp?SYEAR=114&SEM=2&CrsDat=MOES597&Crsname=生物與仿生材料,異動,確認教師2/3,False,材光碩,MOES597,0,不分班,"生物與仿生材料
BIOLOGICAL AND BIO-INSPIRED MATERIALS",3,期,False,21,1,0,21,張尹,"一5,6,7(國IL PC05)","['567', '', '', '', '', '', '']",《講授類》,[],False
https://selcrs.nsysu.edu.tw/menu5/showoutline.asp?SYEAR=114&SEM=2&CrsDat=MOES671&Crsname=進階材料模擬設計,,,False,材光碩,MOES671,0,不分班,"進階材料模擬設計
ADVANCED AB INITIO MATERIALS DESIGN",3,期,False,50,1,0,50,呂德,"四5,6(工MS 2004) 五5(工MS 2004)","['', '', '', '56', '5', '', '']",《講授類》,[],True
https://selcrs.nsysu.edu.tw/menu5/showoutline.asp?SYEAR=114&SEM=2&CrsDat=IICD501&Crsname=書報討論,,,False,積體電路碩,IICD501,1,不分班,"書報討論
SEMINAR",1,期,True,50,1,36,14,謝東佑,"二6,7(工EC 1001)","['', '67', '', '', '', '', '']",《演講/參訪》,[],False
https://selcrs.nsysu.edu.tw/menu5/showoutline.asp?SYEAR=114&SEM=2&CrsDat=IICD501A&Crsname=書報討論,,,False,積體電路碩,IICD501A,2,不分班,"書報討論
SEMINAR",1,期,True,50,0,14,36,謝東佑,"二6,7(工EC 1001)","['', '67', '', '', '', '', '']",《演講/參訪》,[],False
https://selcrs.nsysu.edu.tw/menu5/showoutline.asp?SYEAR=114&SEM=2&CrsDat=IICD503&Crsname=計算機結構,新增,1/13,False,積體電路碩,IICD503,0,不分班,"計算機結構
COMPUTER ARCHITECTURE",3,期,False,18,2,0,18,待聘,"二2,3,4(工EC 3024)","['', '234', '', '', '', '', '']",《講授類》,[],True
https://selcrs.nsysu.edu.tw/menu5/showoutline.asp?SYEAR=114&SEM=2&CrsDat=IICD505&Crsname=電源管理積體電路設計,,,False,積體電路碩,IICD505,0,不分班,"電源管理積體電路設計
POWER MANAGEMENT INTEGRATED CIRCUIT DESIGN",3,期,False,50,6,0,50,李宗哲,"五5,6,7(工EC 6010-2)","['', '', '', '', '567', '', '']","《講授類》
與電機碩併班上課",[],True
https://selcrs.nsysu.edu.tw/menu5/showoutline.asp?SYEAR=114&SEM=2&CrsDat=IICD506&Crsname=高等類比積體電路設計,,,False,積體電路碩,IICD506,0,不分班,"高等類比積體電路設計
ADVANCED ANALOG INTEGRATED CIRCUIT DESIGN",3,期,False,50,13,0,50,郭可驥,"二2,3,4(工EC 5007)","['', '234', '', '', '', '', '']","《講授類》
與資工碩併班上課",['類比射頻IC設計學程'],True
https://selcrs.nsysu.edu.tw/menu5/showoutline.asp?SYEAR=114&SEM=2&CrsDat=IICD521&Crsname=EDA 設計流程整合,,,False,積體電路碩,IICD521,0,不分班,"EDA 設計流程整合
EDA DESIGN FLOW INTEGRATION",3,期,False,50,4,0,50,李博明,"五2,3,4(工EC 6010-2)","['', '', '', '', '234', '', '']",《講授類》,[],True
https://selcrs.nsysu.edu.tw/menu5/showoutline.asp?SYEAR=114&SEM=2&CrsDat=IICD527&Crsname=超大型積體電路數位訊號處理,,,False,積體電路碩,IICD527,0,不分班,"超大型積體電路數位訊號處理
VLSI DIGITAL SIGNAL PROCESSING",3,期,False,50,8,0,50,施信毓,"三5,6,7(工EC 3010)","['', '', '567', '', '', '', '']","《講授類》
與電機碩併班上課",['數位IC設計學程'],True
https://selcrs.nsysu.edu.tw/menu5/showoutline.asp?SYEAR=114&SEM=2&CrsDat=IICD528&Crsname=高可靠度系統之設計、測試與應用,異動,更換時間1/20,False,積體電路碩,IICD528,0,不分班,"高可靠度系統之設計、測試與應用
DESIGN, TEST, AND APPLICATIONS OF HIGHLY RELIABLE SYSTEMS",3,期,False,50,18,0,50,謝東佑,"五2,3,4(工EC 3014)","['', '', '', '', '234', '', '']","《講授類》
與電機碩併班上課","['數位IC設計學程', '資通安全學程']",True
https://selcrs.nsysu.edu.tw/menu5/showoutline.asp?SYEAR=114&SEM=2&CrsDat=IICD532&Crsname=開源式雛型系統與應用,新增,1/13,False,積體電路碩,IICD532,0,不分班,"開源式雛型系統與應用
OPEN SOURCE PROTOTYPE SYSTEMS AND APPLICATIONS",3,期,False,18,4,0,18,待聘,"四2,3,4(工EC 3024)","['', '', '', '234', '', '', '']",《講授類》,[],True
https://selcrs.nsysu.edu.tw/menu5/showoutline.asp?SYEAR=114&SEM=2&CrsDat=IICD585&Crsname=數位通訊電路設計專題,,,False,積體電路碩,IICD585,0,不分班,"數位通訊電路設計專題
INDEPENDENT STUDIES IN DIGITAL COMMUNICATION IC DESIGN",3,期,False,50,4,0,50,施信毓,"一8,6,7(工EC 2018)","['678', '', '', '', '', '', '']","《獨立研究》
與電機碩併班上課",[],True
https://selcrs.nsysu.edu.tw/menu5/showoutline.asp?SYEAR=114&SEM=2&CrsDat=IICD586&Crsname=混合訊號積體電路設計專題,,,False,積體電路碩,IICD586,0,不分班,"混合訊號積體電路設計專題
INDEPENDENT STUDIES IN MIXED-SIGNAL INTEGRATED CIRCUIT DESIGN",3,期,False,50,2,0,50,李宗哲,"一2,3,4(工EC 6015-2)","['234', '', '', '', '', '', '']","《獨立研究》
與電機碩併班上課",[],True
https://selcrs.nsysu.edu.tw/menu5/showoutline.asp?SYEAR=114&SEM=2&CrsDat=IICD587&Crsname=低功率積體電路專題,,,False,積體電路碩,IICD587,0,不分班,"低功率積體電路專題
INDEPENDENT STUDIES IN LOW POWER IC DESIGN",3,期,False,50,4,0,50,王朝欽,"一8,6,7(工EC 8013)","['678', '', '', '', '', '', '']","《獨立研究》
與電機碩併班上課",[],True
https://selcrs.nsysu.edu.tw/menu5/showoutline.asp?SYEAR=114&SEM=2&CrsDat=IICD588&Crsname=高等類比與混合訊號積體電路設計專題,,,False,積體電路碩,IICD588,0,不分班,"高等類比與混合訊號積體電路設計專題
INDEPENDENT STUDIES IN THE ADVANCED ANALOG AND MIXED-SIGNAL INTEGRATED CIRCUIT DESIGN",3,期,False,50,1,0,50,郭可驥,"一2,3,4(工EC 5007)","['234', '', '', '', '', '', '']","《獨立研究》
與資工碩併班上課",[],True
https://selcrs.nsysu.edu.tw/menu5/showoutline.asp?SYEAR=114&SEM=2&CrsDat=IICD590&Crsname=高效能AI加速器設計專題,,,False,積體電路碩,IICD590,0,不分班,"高效能AI加速器設計專題
INDEPENDENT STUDIES IN HIGH-PERFORMANCE AI ACCELERATOR DESIGN",3,期,False,50,0,0,50,邱日清,"一2,3,4(工EC 3024)","['234', '', '', '', '', '', '']",《獨立研究》,[],True
https://selcrs.nsysu.edu.tw/menu5/showoutline.asp?SYEAR=114&SEM=2&CrsDat=IICD591&Crsname=UNIX/LINUX 作業系統專題,新增,1/13,False,積體電路碩,IICD591,0,不分班,"UNIX/LINUX 作業系統專題
INDEPENDENT STUDIES IN UNIX/LINUX OPERATING SYSTEMS",3,期,False,18,1,0,18,待聘,"四8,6,7(工EC 3024)","['', '', '', '678', '', '', '']",《獨立研究》,[],True
https://selcrs.nsysu.edu.tw/menu5/showoutline.asp?SYEAR=114&SEM=2&CrsDat=CSE513&Crsname=安全密碼協定,,,False,資安碩,CSE513,1,不分班,"安全密碼協定
SECURE CRYPTOGRAPHIC PROTOCOLS",3,期,True,50,0,16,34,王智弘,"五2,3,4(工EC 1005)","['', '', '', '', '234', '', '']",《講授類》,['資通安全學程'],False
https://selcrs.nsysu.edu.tw/menu5/showoutline.asp?SYEAR=114&SEM=2&CrsDat=CSE514&Crsname=安全程式設計,,,False,資安碩,CSE514,1,不分班,"安全程式設計
SECURE PROGRAMMING",3,期,True,50,3,11,39,克拉迪,"四8,6,7(工EC 1006)","['', '', '', '678', '', '', '']",《講授類》,['資通安全學程'],True
https://selcrs.nsysu.edu.tw/menu5/showoutline.asp?SYEAR=114&SEM=2&CrsDat=CSE517&Crsname=網路安全,異動,更換教室1/13,False,資安碩,CSE517,1,不分班,"網路安全
NETWORK SECURITY",3,期,True,50,1,16,34,陳嘉玫,"六2,3,4(管CM 2023)","['', '', '', '', '', '234', '']",《講授類》,['永續能源學程'],False
https://selcrs.nsysu.edu.tw/menu5/showoutline.asp?SYEAR=114&SEM=2&CrsDat=CSE527&Crsname=書報討論（二）,,,False,資安碩,CSE527,1,不分班,"書報討論（二）
SEMINAR II",1,期,True,30,0,19,11,陳嘉平,五6(工EC 2011),"['', '', '', '', '6', '', '']","《演講/參訪》
限本系大四生及碩/博士生修習。",[],False
https://selcrs.nsysu.edu.tw/menu5/showoutline.asp?SYEAR=114&SEM=2&CrsDat=CSE529&Crsname=書報討論（四）,,,False,資安碩,CSE529,2,不分班,"書報討論（四）
SEMINAR IV",1,期,True,50,1,18,32,陳嘉平,五6(工EC 2011),"['', '', '', '', '6', '', '']","《演講/參訪》
限本系大四生及碩/博士生修習。",[],False
https://selcrs.nsysu.edu.tw/menu5/showoutline.asp?SYEAR=114&SEM=2&CrsDat=CSE541&Crsname=去中心化數據隱私專題,,,False,資安碩,CSE541,0,不分班,"去中心化數據隱私專題
INDEPENDENT STUDIES IN DECENTRALIZED DATA PRIVACY",3,期,False,50,0,0,50,克拉迪,"二2,3,4(工EC 5026)","['', '234', '', '', '', '', '']","《獨立研究》
限本系碩/博士生修習",[],True
https://selcrs.nsysu.edu.tw/menu5/showoutline.asp?SYEAR=114&SEM=2&CrsDat=MOS501&Crsname=書報討論,,,False,前瞻應材,MOS501,1,不分班,"書報討論
SEMINAR",1,期,True,70,1,14,56,葉昀昇,"三6,7(工EN 2028)","['', '', '67', '', '', '', '']",《研討類》,[],False
https://selcrs.nsysu.edu.tw/menu5/showoutline.asp?SYEAR=114&SEM=2&CrsDat=IMPE5010&Crsname=電力系統動態模型建立與模擬,,,False,電機電力碩,IMPE5010,0,不分班,"電力系統動態模型建立與模擬
POWER SYSTEM DYNAMIC MODELING AND SIMULATION",3,期,False,50,4,0,50,艾慕明,"一8,6,7(工EC 6016)","['678', '', '', '', '', '', '']",《講授類》,"['海事工程學程', '永續能源學程']",True
https://selcrs.nsysu.edu.tw/menu5/showoutline.asp?SYEAR=114&SEM=2&CrsDat=IMPE5013&Crsname=電力系統暫態及動態分析專題,,,False,電機電力碩,IMPE5013,0,不分班,"電力系統暫態及動態分析專題
INDEPENDENT STUDIES IN POWER SYSTEM TRANSIENT AND DYNAMIC ANALYSIS",3,期,False,50,0,0,50,艾慕明,"六8,6,7(工EC 6015-1)","['', '', '', '', '', '678', '']",《獨立研究》,['海事工程學程'],True
https://selcrs.nsysu.edu.tw/menu5/showoutline.asp?SYEAR=114&SEM=2&CrsDat=IMPE502&Crsname=電力品質,,,False,電機電力碩,IMPE502,0,不分班,"電力品質
POWER QUALITY",3,期,False,50,1,0,50,哈菲茲,"五8,6,7(工EC 2007)","['', '', '', '', '678', '', '']",《講授類》,['海事工程學程'],True
https://selcrs.nsysu.edu.tw/menu5/showoutline.asp?SYEAR=114&SEM=2&CrsDat=IMPE505&Crsname=最佳控制,,,False,電機電力碩,IMPE505,0,不分班,"最佳控制
OPTIMAL CONTROL",3,期,False,50,0,0,50,李廸章,"三5,6,7(工EC 3012)","['', '', '567', '', '', '', '']",《講授類》,[],True
https://selcrs.nsysu.edu.tw/menu5/showoutline.asp?SYEAR=114&SEM=2&CrsDat=IMPTE501&Crsname=數位通訊,,,False,電信碩程,IMPTE501,0,不分班,"數位通訊
DIGITAL COMMUNICATIONS",3,期,False,50,5,0,50,新可夫,"一5,6,7(工EC)","['567', '', '', '', '', '', '']",《講授類》,['永續能源學程'],True
https://selcrs.nsysu.edu.tw/menu5/showoutline.asp?SYEAR=114&SEM=2&CrsDat=IMPTE514&Crsname=隨機過程,異動,確認教師1/24,False,電信碩程,IMPTE514,0,不分班,"隨機過程
RANDOM PROCESSES",3,期,False,50,0,0,50,吳孝純,"一2,3,4(工EC 3012)","['234', '', '', '', '', '', '']",《講授類》,[],True
https://selcrs.nsysu.edu.tw/menu5/showoutline.asp?SYEAR=114&SEM=2&CrsDat=IMPTE518&Crsname=下世代無線網路之全雙工通訊,,,False,電信碩程,IMPTE518,0,不分班,"下世代無線網路之全雙工通訊
FULL-DUPLEX COMMUNICATIONS FOR FUTURE WIRELESS NETWORKS",3,期,False,50,5,0,50,新可夫,"三5,6,7(工EC)","['', '', '567', '', '', '', '']",《講授類》,[],True
https://selcrs.nsysu.edu.tw/menu5/showoutline.asp?SYEAR=114&SEM=2&CrsDat=IMPTE602&Crsname=5G/B5G網路之全雙工通訊專題,,,False,電信碩程,IMPTE602,0,不分班,"5G/B5G網路之全雙工通訊專題
INDEPENDENT STUDIES IN FULL-DUPLEX COMMUNICATIONS FOR 5G/B5G NETWORKS",3,期,False,50,7,0,50,新可夫,"五5,6,7(工EC 8019-2)","['', '', '', '', '567', '', '']",《獨立研究》,[],True
https://selcrs.nsysu.edu.tw/menu5/showoutline.asp?SYEAR=114&SEM=2&CrsDat=MIS503&Crsname=資訊科技研究,,,True,資管碩,MIS503,1,不分班,"資訊科技研究
SPECIAL ISSUES IN INFORMATION TECHNOLOGY",3,期,True,50,13,0,50,韓毅,"一8,6,7(管CM 4078)","['678', '', '', '', '', '', '']",《講授類》,['巨量資料分析學程'],False
https://selcrs.nsysu.edu.tw/menu5/showoutline.asp?SYEAR=114&SEM=2&CrsDat=MIS513&Crsname=計算機網路,,,False,資管碩,MIS513,0,不分班,"計算機網路
COMPUTER NETWORKS",3,期,False,50,14,0,50,林耕霈,"三2,3,4(管CM 4069)","['', '', '234', '', '', '', '']",《講授類》,"['軟體工程學程', '永續能源學程']",True
https://selcrs.nsysu.edu.tw/menu5/showoutline.asp?SYEAR=114&SEM=2&CrsDat=MIS514&Crsname=生產與作業管理,,,False,資管碩,MIS514,0,不分班,"生產與作業管理
PRODUCTION/OPERATION MANAGEMENT",3,期,False,50,2,0,50,劉賓陽,"二2,3,4(管CM 2016)","['', '234', '', '', '', '', '']",《講授類》,[],False
https://selcrs.nsysu.edu.tw/menu5/showoutline.asp?SYEAR=114&SEM=2&CrsDat=MIS523&Crsname=亞太運籌管理系統,,,False,資管碩,MIS523,0,不分班,"亞太運籌管理系統
LOGISTIC MANAGEMENT SYSTEMS IN ASIA/PACIFIC AREA",3,期,False,30,8,0,30,邱兆民,"四A,1() 五A()","['', '', '', 'A1', 'A', '', '']","《講授類》
本課程搭配有海外參訪(韓國)，學生需自行負擔旅費。限資管系碩士班學生修習。",[],False
https://selcrs.nsysu.edu.tw/menu5/showoutline.asp?SYEAR=114&SEM=2&CrsDat=MIS535&Crsname=服務品質管理,,,False,資管碩,MIS535,0,不分班,"服務品質管理
SERVICE QUALITY MANAGEMENT",3,期,False,50,3,0,50,劉賓陽,"三D,E,F(管CM 2016)","['', '', 'DEF', '', '', '', '']",《講授類》,['科技創新與服務業管理學程'],False
https://selcrs.nsysu.edu.tw/menu5/showoutline.asp?SYEAR=114&SEM=2&CrsDat=MIS537&Crsname=專案管理,,,False,資管碩,MIS537,0,不分班,"專案管理
PROJECT MANAGEMENT",3,期,False,50,14,0,50,李捷,"四C,D,E(管CM 4069)","['', '', '', 'CDE', '', '', '']",《講授類》,['非營利事業及社會創新微學程'],True
https://selcrs.nsysu.edu.tw/menu5/showoutline.asp?SYEAR=114&SEM=2&CrsDat=MIS538&Crsname=網路安全,異動,更換教室1/12,False,資管碩,MIS538,0,不分班,"網路安全
NETWORK SECURITY",3,期,False,50,3,0,50,陳嘉玫,"六2,3,4(管CM 2023)","['', '', '', '', '', '234', '']",《講授類》,"['金融科技學程', '無人載具學程', '永續能源學程', '資通安全學程']",False
https://selcrs.nsysu.edu.tw/menu5/showoutline.asp?SYEAR=114&SEM=2&CrsDat=MIS545&Crsname=資料探勘與知識發現,,,False,資管碩,MIS545,0,不分班,"資料探勘與知識發現
DATA MINING AND KNOWLEDGE DISCOVERY",3,期,False,50,6,0,50,李偉柏,"四8,6,7(管CM 2025)","['', '', '', '678', '', '', '']",《講授類》,"['巨量資料分析學程', '金融科技學程']",False
https://selcrs.nsysu.edu.tw/menu5/showoutline.asp?SYEAR=114&SEM=2&CrsDat=MIS567&Crsname=資訊科技策略,,,False,資管碩,MIS567,0,不分班,"資訊科技策略
INFORMATION TECHNOLOGY STRATEGY",3,期,False,50,4,0,50,吳仁和,"一C,D,E(管CM 4078)","['CDE', '', '', '', '', '', '']",《講授類》,[],False
https://selcrs.nsysu.edu.tw/menu5/showoutline.asp?SYEAR=114&SEM=2&CrsDat=MIS571&Crsname=商業智慧,,,False,資管碩,MIS571,0,不分班,"商業智慧
BUSINESS INTELLIGENCE",3,期,False,50,22,0,50,林耕霈,"五2,3,4(管CM 4069)","['', '', '', '', '234', '', '']",《講授類》,"['巨量資料分析學程', '金融科技學程', '碳流資訊盤查與低碳設計微學程']",False
https://selcrs.nsysu.edu.tw/menu5/showoutline.asp?SYEAR=114&SEM=2&CrsDat=MIS575&Crsname=教育機器人與物聯網,,,False,資管碩,MIS575,0,不分班,"教育機器人與物聯網
EDUCATIONAL ROBOTICS AND IOTS",3,期,False,50,0,0,50,魏春旺,"四2,3,4(管CM 2016)","['', '', '', '234', '', '', '']","《講授類》
需自備筆電",[],False
https://selcrs.nsysu.edu.tw/menu5/showoutline.asp?SYEAR=114&SEM=2&CrsDat=MIS581&Crsname=社群媒體分析,,,False,資管碩,MIS581,0,不分班,"社群媒體分析
SOCIAL MEDIA ANALYSIS",3,期,False,50,14,0,50,黃三益,"二C,D,E(管CM 4069)","['', 'CDE', '', '', '', '', '']",《講授類》,['政經大數據分析微學程'],False
https://selcrs.nsysu.edu.tw/menu5/showoutline.asp?SYEAR=114&SEM=2&CrsDat=MIS586&Crsname=數位科技趨勢與應用,,,False,資管碩,MIS586,1,不分班,"數位科技趨勢與應用
DIGITAL TECHNOLOGY TRENDS AND APPLICATIONS",2,期,True,50,2,58,-8,楊淯程,"三6,7(管CM 2037)","['', '', '67', '', '', '', '']",《講授類》,[],False
https://selcrs.nsysu.edu.tw/menu5/showoutline.asp?SYEAR=114&SEM=2&CrsDat=MIS588&Crsname=資料視覺化,,,False,資管碩,MIS588,0,不分班,"資料視覺化
DATA VISUALIZATION",3,期,False,50,7,0,50,韓毅,"二8,6,7(管CM 4078)","['', '678', '', '', '', '', '']",《講授類》,[],True
https://selcrs.nsysu.edu.tw/menu5/showoutline.asp?SYEAR=114&SEM=2&CrsDat=MIS591&Crsname=ESG與企業永續發展,,,False,資管碩,MIS591,0,不分班,"ESG與企業永續發展
ESG AND CORPORATE SUSTAINABLE DEVELOPMENT",3,期,False,50,5,0,50,張德民,"五8,6,7(管CM 4069)","['', '', '', '', '678', '', '']",《講授類》,[],False
https://selcrs.nsysu.edu.tw/menu5/showoutline.asp?SYEAR=114&SEM=2&CrsDat=MIS604&Crsname=專題討論,,,False,資管碩,MIS604,0,不分班,"專題討論
SEMINAR",3,期,False,50,0,0,50,李捷,一1() 二1() 三1(),"['1', '1', '1', '', '', '', '']","《獨立研究》
限資管所二年級",[],False
https://selcrs.nsysu.edu.tw/menu5/showoutline.asp?SYEAR=114&SEM=2&CrsDat=MIS604A&Crsname=專題討論,,,False,資管碩,MIS604A,0,不分班,"專題討論
SEMINAR",3,期,False,50,1,0,50,羅珮綺,一1() 二1() 三1(),"['1', '1', '1', '', '', '', '']","《獨立研究》
限資管所二年級",[],False
https://selcrs.nsysu.edu.tw/menu5/showoutline.asp?SYEAR=114&SEM=2&CrsDat=MIS604B&Crsname=專題討論,,,False,資管碩,MIS604B,0,不分班,"專題討論
SEMINAR",3,期,False,50,0,0,50,劉賓陽,一1() 二1() 三1(),"['1', '1', '1', '', '', '', '']","《獨立研究》
限資管所二年級",[],False
https://selcrs.nsysu.edu.tw/menu5/showoutline.asp?SYEAR=114&SEM=2&CrsDat=MIS607&Crsname=智慧型計算,,,False,資管碩,MIS607,0,不分班,"智慧型計算
INTELLIGENT COMPUTATION",3,期,False,50,0,0,50,李偉柏,一1() 二1() 三1(),"['1', '1', '1', '', '', '', '']","《講授類》
限資管所二年級",[],False
https://selcrs.nsysu.edu.tw/menu5/showoutline.asp?SYEAR=114&SEM=2&CrsDat=MIS613&Crsname=工作流程管理,,,False,資管碩,MIS613,0,不分班,"工作流程管理
WORKFLOW MANAGEMENT",3,期,False,50,1,0,50,黃三益,一1() 二1() 三1(),"['1', '1', '1', '', '', '', '']","《講授類》
限資管所二年級",[],False
https://selcrs.nsysu.edu.tw/menu5/showoutline.asp?SYEAR=114&SEM=2&CrsDat=FM501&Crsname=財務管理理論與策略,,,False,財管碩,FM501,1,不分班,"財務管理理論與策略
FINANCIAL MANAGEMENT THEORIES AND STRATEGIES",3,期,False,50,18,0,50,馬黛,"三5,6,7(管CM 1023)","['', '', '567', '', '', '', '']",《講授類》,[],False
https://selcrs.nsysu.edu.tw/menu5/showoutline.asp?SYEAR=114&SEM=2&CrsDat=FM505&Crsname=投資理論與策略,,,False,財管碩,FM505,1,不分班,"投資理論與策略
INVESTMENT THEORIES AND STRATEGIES",3,期,False,50,25,0,50,王昭文,"二8,6,7(管CM 4069)","['', '678', '', '', '', '', '']",《講授類》,"['金融科技學程', '金融工程學程']",False
https://selcrs.nsysu.edu.tw/menu5/showoutline.asp?SYEAR=114&SEM=2&CrsDat=FM515&Crsname=公司治理,,,False,財管碩,FM515,0,不分班,"公司治理
CORPORATE GOVERNANCE",3,期,False,50,7,0,50,"羅勝議,蔡佳芬","四2,3,4(管CM 2015)","['', '', '', '234', '', '', '']",《講授類》,['財務管理專業學程'],False
https://selcrs.nsysu.edu.tw/menu5/showoutline.asp?SYEAR=114&SEM=2&CrsDat=FM516&Crsname=財務經濟理論與實證,,,False,財管碩,FM516,1,不分班,"財務經濟理論與實證
FINANCIAL ECONOMIC THEORIES AND EMPIRICS",3,期,False,50,5,0,50,蕭珮婕,"一2,3,4(管CM 2015)","['234', '', '', '', '', '', '']",《講授類》,[],True
https://selcrs.nsysu.edu.tw/menu5/showoutline.asp?SYEAR=114&SEM=2&CrsDat=FM522&Crsname=財務研究方法（二）,,,False,財管碩,FM522,0,不分班,"財務研究方法（二）
METHODOLOGY FOR FINANCE (II)",3,期,False,50,2,0,50,彭聰敏,"五2,3,4(管CM 2015)","['', '', '', '', '234', '', '']",《講授類》,['金融科技學程'],True
https://selcrs.nsysu.edu.tw/menu5/showoutline.asp?SYEAR=114&SEM=2&CrsDat=FM530&Crsname=財務模型和應用,異動,確認教師1/30,False,財管碩,FM530,0,不分班,"財務模型和應用
FINANCIAL MODELES AND APPLICATIONS",3,期,False,50,2,0,50,劉名育,"五8,6,7(管CM 2015)","['', '', '', '', '678', '', '']",《講授類》,[],False
https://selcrs.nsysu.edu.tw/menu5/showoutline.asp?SYEAR=114&SEM=2&CrsDat=FM545&Crsname=當前財金問題分析,,,False,財管碩,FM545,1,不分班,"當前財金問題分析
CURRENT FINANCIAL PROBLEMS ANALYSIS",2,期,True,45,2,35,10,邱敬貿,"五C,D(管CM 1037)","['', '', '', '', 'CD', '', '']",《講授類》,"['財務管理專業學程', '金融科技與創新微學程']",False
https://selcrs.nsysu.edu.tw/menu5/showoutline.asp?SYEAR=114&SEM=2&CrsDat=FM550&Crsname=資產管理運作實務,,,False,財管碩,FM550,0,不分班,"資產管理運作實務
ASSET MANAGEMENT PRACTICES",3,期,False,50,18,0,50,封之遠,"四5,6,7(管CM 1025)","['', '', '', '567', '', '', '']",《講授類》,[],False
https://selcrs.nsysu.edu.tw/menu5/showoutline.asp?SYEAR=114&SEM=2&CrsDat=FM556&Crsname=影響力投資基金管理實務,異動,更換時間1/5,False,財管碩,FM556,0,不分班,"影響力投資基金管理實務
IMPACT INVESTING FUND MANAGEMENT PRACTICES",3,期,False,50,6,0,50,"邱敬貿,鄭義","二2,3,4(管CM 1025)","['', '234', '', '', '', '', '']",《講授類》,[],True
https://selcrs.nsysu.edu.tw/menu5/showoutline.asp?SYEAR=114&SEM=2&CrsDat=FM606&Crsname=創業投資,,,False,財管碩,FM606,0,不分班,"創業投資
VENTURE CAPITAL",3,期,False,50,22,0,50,黃振聰,"三2,3,4(管CM 3017)","['', '', '234', '', '', '', '']",《講授類》,['財務管理專業學程'],False
https://selcrs.nsysu.edu.tw/menu5/showoutline.asp?SYEAR=114&SEM=2&CrsDat=FM613&Crsname=專題研究（二）,,,False,財管碩,FM613,2,不分班,"專題研究（二）
INDEPENDENT STUDIES(II)",3,期,False,50,8,0,50,佘博文,"二2,3,4(管CM 2020)","['', '234', '', '', '', '', '']",《獨立研究》,[],True
https://selcrs.nsysu.edu.tw/menu5/showoutline.asp?SYEAR=114&SEM=2&CrsDat=FM613A&Crsname=專題研究（二）,異動,更換教室1/5,False,財管碩,FM613A,2,不分班,"專題研究（二）
INDEPENDENT STUDIES(II)",3,期,False,50,3,0,50,陳俐聿,"二2,3,4(管CM 1019)","['', '234', '', '', '', '', '']",《獨立研究》,[],True
https://selcrs.nsysu.edu.tw/menu5/showoutline.asp?SYEAR=114&SEM=2&CrsDat=FM614&Crsname=金融數據分析與交易策略,,,False,財管碩,FM614,0,不分班,"金融數據分析與交易策略
PRACTICE IN FINANCIAL DATA ANALYSIS AND TRADING STRATEGIES",3,期,False,50,15,0,50,蔡秉真,"五2,3,4(管CM 4078)","['', '', '', '', '234', '', '']",《講授類》,['金融科技學程'],True
https://selcrs.nsysu.edu.tw/menu5/showoutline.asp?SYEAR=114&SEM=2&CrsDat=FM616&Crsname=金融科技服務開發,,,False,財管碩,FM616,0,不分班,"金融科技服務開發
THE DEVELOPMENT OF FINTECH SERVICES",3,期,False,50,22,0,50,"吳藺芝,邱敬貿","一8,6,7(管CM 1025)","['678', '', '', '', '', '', '']",《講授類》,"['金融科技與創新微學程', '科技創新與服務業管理學程']",False
https://selcrs.nsysu.edu.tw/menu5/showoutline.asp?SYEAR=114&SEM=2&CrsDat=FM619&Crsname=財務資料庫應用與分析,新增,1/14,False,財管碩,FM619,0,不分班,"財務資料庫應用與分析
FINANCIAL DATABASE APPLICATION AND ANALYSIS",3,期,False,50,0,0,50,翁培師,"一5,6,7(管CM 2015)","['567', '', '', '', '', '', '']",《講授類》,[],False
https://selcrs.nsysu.edu.tw/menu5/showoutline.asp?SYEAR=114&SEM=2&CrsDat=PAM512&Crsname=倫理與衝突,異動,修正限修條件1/6,False,公事碩,PAM512,2,不分班,"倫理與衝突
ETHICS AND CONFLICT",2,期,True,15,1,13,2,林新沛,"五3,4(管CM 1020)","['', '', '', '', '34', '', '']","《講授類》
限公事所碩二以上學生修習",[],False
https://selcrs.nsysu.edu.tw/menu5/showoutline.asp?SYEAR=114&SEM=2&CrsDat=PAM518&Crsname=都市環境管理,,,False,公事碩,PAM518,1,不分班,"都市環境管理
URBAN ENVIRONMENTAL MANAGEMENT",2,期,False,50,4,0,50,謝旭昇,"五8,9(管CM 1020)","['', '', '', '', '89', '', '']",《講授類》,"['智慧城市與智慧運輸學程', '都市永續規劃與管理微學程', '永續管理微學程']",True
https://selcrs.nsysu.edu.tw/menu5/showoutline.asp?SYEAR=114&SEM=2&CrsDat=PAM539&Crsname=量化資料分析與寫作,,,False,公事碩,PAM539,1,不分班,"量化資料分析與寫作
QUANTITATIVE DATA ANALYSIS AND WRITING",3,期,False,50,1,0,50,吳偉寧,"二2,3,4(管CM 1020)","['', '234', '', '', '', '', '']",《講授類》,[],False
https://selcrs.nsysu.edu.tw/menu5/showoutline.asp?SYEAR=114&SEM=2&CrsDat=PAM541&Crsname=質化資料分析與寫作,,,False,公事碩,PAM541,1,不分班,"質化資料分析與寫作
QUALITATIVE DATA ANALYSIS AND WRITING",3,期,False,50,5,0,50,蔡錦昌,"一8,6,7(管CM 1020)","['678', '', '', '', '', '', '']",《講授類》,[],False
https://selcrs.nsysu.edu.tw/menu5/showoutline.asp?SYEAR=114&SEM=2&CrsDat=PAM563&Crsname=地區經營管理,,,False,公事碩,PAM563,1,不分班,"地區經營管理
PLACE MANAGEMENT",2,期,False,50,3,0,50,郭瑞坤,"四6,7(管CM 1035)","['', '', '', '67', '', '', '']",《講授類》,"['地方創生與永續發展整合學程', '非營利事業及社會創新微學程', '企業社會責任學程', '日本研究學程', '地方創生與區域治理微學程', '公共事務與企業社會責任微學程']",False
https://selcrs.nsysu.edu.tw/menu5/showoutline.asp?SYEAR=114&SEM=2&CrsDat=PAM597&Crsname=公共參與及審議民主,,,False,公事碩,PAM597,2,不分班,"公共參與及審議民主
PUBLIC PARTICIPATION AND DELIBERATIVE DEMOCRACY",3,期,False,50,4,0,50,彭渰雯,"四8,6,7(管CM 1020)","['', '', '', '678', '', '', '']",《講授類》,['公民參與微學程'],False
https://selcrs.nsysu.edu.tw/menu5/showoutline.asp?SYEAR=114&SEM=2&CrsDat=PAM599&Crsname=新興公共議題研討,異動,確認教師1/9,False,公事碩,PAM599,1,不分班,"新興公共議題研討
SEMINAR IN EMERGING PUBLIC ISSUES",2,期,False,50,8,0,50,黃奕臻,"五5,6(管CM 1020)","['', '', '', '', '56', '', '']","《研討類》
主題：淨零轉型與氣候治理","['淨零轉型微學程', '地方創生與永續發展整合學程', '非營利事業及社會創新微學程', '地方創生與區域治理微學程']",True
https://selcrs.nsysu.edu.tw/menu5/showoutline.asp?SYEAR=114&SEM=2&CrsDat=PAM603&Crsname=氣候行動書報討論,,,False,公事碩,PAM603,2,不分班,"氣候行動書報討論
PAPER READINGS IN CLIMATE ACTIONS",1,期,False,50,3,0,50,林新沛,,"['', 'B567', '', '', '', '', '']","《研討類》
雙數周上課","['環境教育學程', '淨零轉型與永續發展整合學程', '地方創生與永續發展整合學程', '企業社會責任學程', '永續管理微學程', '地方發展與永續農業微學程', '公共事務與企業社會責任微學程']",False
https://selcrs.nsysu.edu.tw/menu5/showoutline.asp?SYEAR=114&SEM=2&CrsDat=PAM609&Crsname=公共事務專題研究,,,False,公事碩,PAM609,2,不分班,"公共事務專題研究
INDEPENDENT STUDIES IN PUBLIC AFFAIRS",2,期,False,50,5,0,50,郭瑞坤,,"['', '', '', '', '', 'B56789', '']","《獨立研究》
主題：國際地方創生實地見學","['淨零轉型微學程', '地方創生與永續發展整合學程', '地方創生與區域治理微學程']",False
https://selcrs.nsysu.edu.tw/menu5/showoutline.asp?SYEAR=114&SEM=2&CrsDat=PAM612&Crsname=溫室氣體盤查報告實作,,,False,公事碩,PAM612,2,不分班,"溫室氣體盤查報告實作
WRITING OF GHG INVENTORY REPORT",2,期,False,50,15,0,50,林新沛,,"['', '', '', '', '', '1234B5678', '']",《講授類》,"['淨零轉型微學程', '淨零轉型與永續發展整合學程', '地方創生與永續發展整合學程', '企業社會責任學程', '永續管理微學程', '公共事務與企業社會責任微學程']",False
https://selcrs.nsysu.edu.tw/menu5/showoutline.asp?SYEAR=114&SEM=2&CrsDat=PAM615&Crsname=城市災害管理,,,False,公事碩,PAM615,1,不分班,"城市災害管理
URBAN DISASTER MANAGEMENT",2,期,False,50,3,0,50,吳偉寧,"二8,9(管CM 1020)","['', '89', '', '', '', '', '']",《講授類》,['永續管理微學程'],False
https://selcrs.nsysu.edu.tw/menu5/showoutline.asp?SYEAR=114&SEM=2&CrsDat=PAM616&Crsname=社區治理,,,False,公事碩,PAM616,1,不分班,"社區治理
COMMUNITY GOVERNANCE",2,期,False,50,4,0,50,謝政勳,"三3,4(管CM 1020)","['', '', '34', '', '', '', '']",《講授類》,['公民參與微學程'],False
https://selcrs.nsysu.edu.tw/menu5/showoutline.asp?SYEAR=114&SEM=2&CrsDat=HRM506&Crsname=量化研究方法,異動,調整名額1/15,False,人管碩,HRM506,0,不分班,"量化研究方法
QUANTITATIVE RESEARCH METHODS",3,期,False,30,13,0,30,"李澄賢,王豫萱,陳旻男","五2,3,4(管CM 2023)","['', '', '', '', '234', '', '']",《講授類》,[],False
https://selcrs.nsysu.edu.tw/menu5/showoutline.asp?SYEAR=114&SEM=2&CrsDat=HRM507&Crsname=企業管理專案研究,,,False,人管碩,HRM507,1,不分班,"企業管理專案研究
INDEPENDENT STUDIES IN CORPORATE MANAGEMENT",3,期,True,50,0,23,27,"李澄賢,謝慧賢,陳旻男","五1,B,5(管CM 3044)","['', '', '', '', '1B5', '', '']",《講授類》,[],False
https://selcrs.nsysu.edu.tw/menu5/showoutline.asp?SYEAR=114&SEM=2&CrsDat=HRM544&Crsname=書報討論,異動,更換教室1/6,False,人管碩,HRM544,1,不分班,"書報討論
SEMINAR IN HUMAN RESOURCE MANAGEMENT",3,期,False,50,5,0,50,王豫萱,"四2,3,4(管CM 4091)","['', '', '', '234', '', '', '']",《研討類》,[],False
https://selcrs.nsysu.edu.tw/menu5/showoutline.asp?SYEAR=114&SEM=2&CrsDat=HRM561&Crsname=質化研究方法,異動,調整名額1/15,False,人管碩,HRM561,0,不分班,"質化研究方法
QUALITATIVE RESEARCH METHODS",3,期,False,30,3,0,30,何佳澔,"四8,6,7(管CM 1036)","['', '', '', '678', '', '', '']","《講授類》
限人管所碩、博士班學生選修",[],True
https://selcrs.nsysu.edu.tw/menu5/showoutline.asp?SYEAR=114&SEM=2&CrsDat=HRM565&Crsname=研發管理,異動,調整名額1/15,False,人管碩,HRM565,0,不分班,"研發管理
R&D MANAGEMENT",3,期,False,30,7,0,30,陳旻男,"三5,6,7(管CM 1036)","['', '', '567', '', '', '', '']",《講授類》,['半導體科技管理學程'],False
https://selcrs.nsysu.edu.tw/menu5/showoutline.asp?SYEAR=114&SEM=2&CrsDat=HRM603&Crsname=人力發展管理,異動,調整名額1/15,False,人管碩,HRM603,0,不分班,"人力發展管理
HUMAN RESOURCE DEVELOPMENT MANAGEMENT",3,期,False,30,15,0,30,謝慧賢,"五8,6,7(管CM 1036)","['', '', '', '', '678', '', '']",《講授類》,['人力資源管理學程'],False
https://selcrs.nsysu.edu.tw/menu5/showoutline.asp?SYEAR=114&SEM=2&CrsDat=HRM613&Crsname=績效管理與人才發展,異動,調整名額1/6,False,人管碩,HRM613,0,不分班,"績效管理與人才發展
PERFORMANCE MANAGEMENT AND TALENT DEVELOPMENT",3,期,False,30,20,0,30,王豫萱,"五A,1,B(管CM 4112)","['', '', '', '', 'A1B', '', '']","《講授類》
限修人管所修習",['人力資源管理學程'],False
https://selcrs.nsysu.edu.tw/menu5/showoutline.asp?SYEAR=114&SEM=2&CrsDat=HRM632&Crsname=產業個案專題研討,,,False,人管碩,HRM632,0,不分班,"產業個案專題研討
SEMINAR IN MANAGEMENT CASE APPLICATIONS",3,期,False,50,1,0,50,陳世哲,"四1,B,5(管CM 3044)","['', '', '', '1B5', '', '', '']",《研討類》,[],False
https://selcrs.nsysu.edu.tw/menu5/showoutline.asp?SYEAR=114&SEM=2&CrsDat=HRM676&Crsname=人工智慧在測驗下的相關應用與發展,異動,調整名額1/15,False,人管碩,HRM676,0,不分班,"人工智慧在測驗下的相關應用與發展
RELEVANT APPLICATIONS AND DEVELOPMENT OF ARTIFICIAL INTELLIGENCE IN MEASUREMENT",3,期,False,10,1,0,10,鄭怡玲,"一1,B,5(管CM 3044)","['1B5', '', '', '', '', '', '']","《研討類》
限人管所碩士班學生選修",['人工智慧探索應用學分學程'],False
https://selcrs.nsysu.edu.tw/menu5/showoutline.asp?SYEAR=114&SEM=2&CrsDat=HRM677&Crsname=機器學習，測驗應用與數據分析,異動,調整名額1/15,False,人管碩,HRM677,0,不分班,"機器學習，測驗應用與數據分析
MACHINE LEARNING, APPLICATION OF MEASUREMENT, AND DATA ANALYSES",3,期,False,30,5,0,30,鄭怡玲,"二5,6,7(管CM 1036)","['', '567', '', '', '', '', '']",《講授類》,[],True
https://selcrs.nsysu.edu.tw/menu5/showoutline.asp?SYEAR=114&SEM=2&CrsDat=ICM504&Crsname=質性研究方法,,,False,行銷傳播碩,ICM504,0,不分班,"質性研究方法
QUALITATIVE RESEARCH METHODS",3,期,False,50,7,0,50,蕭蘋,"五3,4,B(管CM 2029)","['', '', '', '', '34B', '', '']",《講授類》,[],False
https://selcrs.nsysu.edu.tw/menu5/showoutline.asp?SYEAR=114&SEM=2&CrsDat=ICM519&Crsname=數位行銷,,,False,行銷傳播碩,ICM519,0,不分班,"數位行銷
DIGITAL MARKETING",3,期,False,50,10,0,50,李雅靖,"三2,3,4(管CM 2037)","['', '', '234', '', '', '', '']",《講授類》,"['機器學習與多媒體技術學程', '行銷管理學程']",False
https://selcrs.nsysu.edu.tw/menu5/showoutline.asp?SYEAR=114&SEM=2&CrsDat=ICM526&Crsname=行銷傳播策略,,,False,行銷傳播碩,ICM526,0,不分班,"行銷傳播策略
MARKETING COMMUNICATIONS STRATEGY",3,期,False,50,13,0,50,鄭安授,"二C,D,E(管CM 2032)","['', 'CDE', '', '', '', '', '']",《講授類》,"['地方創生與永續發展整合學程', '地方創生與區域治理微學程', '行銷管理學程']",False
https://selcrs.nsysu.edu.tw/menu5/showoutline.asp?SYEAR=114&SEM=2&CrsDat=ICM534&Crsname=消費者心理與行為學,,,False,行銷傳播碩,ICM534,0,不分班,"消費者心理與行為學
CONSUMER PSYCHOLOGY AND BEHAVIOR",3,期,False,50,12,0,50,周軒逸,"五8,6,7(管CM 2032)","['', '', '', '', '678', '', '']",《講授類》,['行銷管理學程'],False
https://selcrs.nsysu.edu.tw/menu5/showoutline.asp?SYEAR=114&SEM=2&CrsDat=ICM539&Crsname=策略寫作,,,False,行銷傳播碩,ICM539,0,不分班,"策略寫作
STRATEGIC WRITING",3,期,False,50,3,0,50,鄭安授,"四8,6,7(管CM 2032)","['', '', '', '678', '', '', '']",《講授類》,[],False
https://selcrs.nsysu.edu.tw/menu5/showoutline.asp?SYEAR=114&SEM=2&CrsDat=ICM551&Crsname=服務業行銷,,,False,行銷傳播碩,ICM551,0,不分班,"服務業行銷
SERVICE MARKETING",3,期,False,50,4,0,50,張榮華,"二8,6,7(管CM 2032)","['', '678', '', '', '', '', '']",《講授類》,['行銷管理學程'],False
https://selcrs.nsysu.edu.tw/menu5/showoutline.asp?SYEAR=114&SEM=2&CrsDat=ICM558&Crsname=行銷傳播管理講座（二）,,,False,行銷傳播碩,ICM558,0,不分班,"行銷傳播管理講座（二）
SEMINAR ON MARKETING COMMUNICATIONS (II)",1,期,False,50,25,0,50,譚躍,五C(管CM 2037),"['', '', '', '', 'C', '', '']",《講授類》,[],False
https://selcrs.nsysu.edu.tw/menu5/showoutline.asp?SYEAR=114&SEM=2&CrsDat=ICM562&Crsname=媒體與民意研究,,,False,行銷傳播碩,ICM562,0,不分班,"媒體與民意研究
MEDIA AND PUBLIC OPINION RESEARCH",3,期,False,50,1,0,50,譚躍,"一8,6,7(管CM 2029)","['678', '', '', '', '', '', '']",《講授類》,[],True
https://selcrs.nsysu.edu.tw/menu5/showoutline.asp?SYEAR=114&SEM=2&CrsDat=ICM642&Crsname=服務業行銷專題研究,,,False,行銷傳播碩,ICM642,0,不分班,"服務業行銷專題研究
INDEPENDENT STUDIES IN SERVICE MARKETING",3,期,False,50,2,0,50,周軒逸,"一8,6,7(管CM 2032)","['678', '', '', '', '', '', '']","《獨立研究》
限本所碩士班二年級學生選修",[],False
https://selcrs.nsysu.edu.tw/menu5/showoutline.asp?SYEAR=114&SEM=2&CrsDat=ICM643&Crsname=社群網路產業專題研究,,,False,行銷傳播碩,ICM643,0,不分班,"社群網路產業專題研究
INDEPENDENT STUDIES IN WEB 2.0 INDUSTRY",3,期,False,50,2,0,50,王紹蓉,"二2,3,4(管CM 2032)","['', '234', '', '', '', '', '']","《獨立研究》
限本所碩士班二年級學生選修",[],False
https://selcrs.nsysu.edu.tw/menu5/showoutline.asp?SYEAR=114&SEM=2&CrsDat=ICM647&Crsname=資訊科技與社會專題研究,,,False,行銷傳播碩,ICM647,0,不分班,"資訊科技與社會專題研究
INDEPENDENT STUDIES IN INFORMATION TECHNOLOGY AND SOCIETY",3,期,False,50,0,0,50,鄭安授,"一2,3,4(管CM 2032)","['234', '', '', '', '', '', '']","《獨立研究》
限本所碩士班二年級學生選修",[],False
https://selcrs.nsysu.edu.tw/menu5/showoutline.asp?SYEAR=114&SEM=2&CrsDat=ICM655&Crsname=專題研究（三）,,,False,行銷傳播碩,ICM655,0,不分班,"專題研究（三）
INDEPENDENT STUDIES(III)",3,期,False,50,1,0,50,蕭蘋,"四2,3,4(管CM 2032)","['', '', '', '234', '', '', '']","《獨立研究》
限本所碩士班二年級學生選修",[],False
https://selcrs.nsysu.edu.tw/menu5/showoutline.asp?SYEAR=114&SEM=2&CrsDat=ICM656&Crsname=專題研究（四）,,,False,行銷傳播碩,ICM656,0,不分班,"專題研究（四）
INDEPENDENT STUDIES(IV)",3,期,False,50,0,0,50,譚躍,"四8,6,7(管CM 2029)","['', '', '', '678', '', '', '']","《獨立研究》
限本所碩士班二年級學生選修",[],False
https://selcrs.nsysu.edu.tw/menu5/showoutline.asp?SYEAR=114&SEM=2&CrsDat=ICM657&Crsname=數據行銷,,,False,行銷傳播碩,ICM657,0,不分班,"數據行銷
DATA MARKETING",3,期,False,20,21,0,20,張榮華,"一C,D,E(管CM 2032)","['CDE', '', '', '', '', '', '']","《講授類》
限本所學生、且修畢本所「行銷管理」課程者選修",[],False
https://selcrs.nsysu.edu.tw/menu5/showoutline.asp?SYEAR=114&SEM=2&CrsDat=ICM661&Crsname=AI行銷專題研究,,,False,行銷傳播碩,ICM661,0,不分班,"AI行銷專題研究
INDEPENDENT STUDIES IN AI IN MARKETING",3,期,False,50,0,0,50,李雅靖,"三5,6,7(管CM 2029)","['', '', '567', '', '', '', '']","《獨立研究》
限本所碩士班二年級學生選修",[],False
https://selcrs.nsysu.edu.tw/menu5/showoutline.asp?SYEAR=114&SEM=2&CrsDat=ICM662&Crsname=行銷管理專題研究,,,False,行銷傳播碩,ICM662,0,不分班,"行銷管理專題研究
INDEPENDENT STUDIES IN MARKETING MANAGEMENT",3,期,False,50,2,0,50,張榮華,"三5,6,7(管CM 2032)","['', '', '567', '', '', '', '']","《獨立研究》
限本所碩士班二年級學生選修",[],False
https://selcrs.nsysu.edu.tw/menu5/showoutline.asp?SYEAR=114&SEM=2&CrsDat=CM505&Crsname=商業大數據分析資料案例,,,False,管理學院(碩),CM505,0,不分班,"商業大數據分析資料案例
BUSINESS BIG DATA ANALYTICS CAPSTONE",3,期,False,50,6,0,50,"卓雍然,康藝晃","五5,6,7(管CM 2037)","['', '', '', '', '567', '', '']","《講授類》
智慧商業數據分析與創新微學程/本課程須會使用基礎R語言，未有此能力者請勿修習",['智慧商業數據分析與創新微學程'],False
https://selcrs.nsysu.edu.tw/menu5/showoutline.asp?SYEAR=114&SEM=2&CrsDat=CM506&Crsname=金融服務與金融科技資料案例,,,False,管理學院(碩),CM506,0,不分班,"金融服務與金融科技資料案例
FINANCIAL SERVICE AND FINANCIAL TECHNOLOGY CAPSTONE",3,期,False,50,8,0,50,"卓雍然,王昭文","五5,6,7(管CM 4112)","['', '', '', '', '567', '', '']","《講授類》
智慧金融數據分析與創新微學程/本課程須會使用基礎R語言，未有此能力者請勿修習",['智慧金融數據分析與創新微學程'],False
https://selcrs.nsysu.edu.tw/menu5/showoutline.asp?SYEAR=114&SEM=2&CrsDat=CM507&Crsname=倫理與社會責任,,,False,管理學院(碩),CM507,0,不分班,"倫理與社會責任
ETHICS AND SOCIAL RESPONSIBILITY",1,期,False,200,108,0,200,"王致遠,謝慧賢,鄭安授,陳世哲",一A(網路大學),"['A', '', '', '', '', '', '']","《講授類》
網大進行之非同步線上課程(二年級優先選課) 限管理學院研究所學生修習。 CM507與CM511為同系列課程，學生只能夠就此課程當中選擇一門課進行修習，已經修習過上述任何一個課程者均不得選課。","['公共事務與企業社會責任微學程', '人力資源管理學程', '企業社會責任學程']",False
https://selcrs.nsysu.edu.tw/menu5/showoutline.asp?SYEAR=114&SEM=2&CrsDat=CM509&Crsname=商管專業實習,,,False,管理學院(碩),CM509,0,不分班,"商管專業實習
INTERNSHIP IN BUSINESS MANAGEMENT",3,期,False,50,6,0,50,張世賢,"六C(管CM 1037) 六D,E(管CM 1037)(實驗) 日D,E(管CM 1037)(實驗)","['', '', '', '', '', 'CDE', 'DE']","《實習類》
面試合格者，方能選修此門課程",[],False
https://selcrs.nsysu.edu.tw/menu5/showoutline.asp?SYEAR=114&SEM=2&CrsDat=CM510&Crsname=R：程式、機率與統計,,,False,管理學院(碩),CM510,0,不分班,"R：程式、機率與統計
R：STATISTICAL PROGRAMMING METHODS",3,期,False,50,13,0,50,吳藺芝,"五2,3,4(管CM 3051)","['', '', '', '', '234', '', '']","《講授類》
智慧商業/智慧金融數據分析與創新微學程","['智慧商業數據分析與創新微學程', '智慧金融數據分析與創新微學程']",False
https://selcrs.nsysu.edu.tw/menu5/showoutline.asp?SYEAR=114&SEM=2&CrsDat=CM511&Crsname=國際商管倫理觀,,,False,管理學院(碩),CM511,0,不分班,"國際商管倫理觀
ETHICS IN INTERNATIONAL BUSINESS MANAGEMENT",1,期,False,60,6,0,60,"王致遠,王豫萱,鄭安授",二A(網路大學),"['', 'A', '', '', '', '', '']","《講授類》
網大進行之非同步線上課程(二年級優先選課) 限管理學院研究所學生修習。 CM507與CM511為同系列課程，學生只能夠就此課程當中選擇一門課進行修習，已經修習過上述任何一個課程者均不得選課。",[],True
https://selcrs.nsysu.edu.tw/menu5/showoutline.asp?SYEAR=114&SEM=2&CrsDat=CM512&Crsname=智慧商業分析實務,,,False,管理學院(碩),CM512,0,不分班,"智慧商業分析實務
PRACTICE OF BUSINESS ANALYTICS IN AI ERA",3,期,False,70,3,0,70,卓雍然,"一2,3,4(管CM 3051)","['234', '', '', '', '', '', '']","《講授類》
智慧商業數據分析與創新微學程",['智慧商業數據分析與創新微學程'],False
https://selcrs.nsysu.edu.tw/menu5/showoutline.asp?SYEAR=114&SEM=2&CrsDat=CM516&Crsname=綠色採購,,,False,管理學院(碩),CM516,0,不分班,"綠色採購
GREEN PROCUREMENT",1,期,False,50,3,0,50,林新沛,,"['', 'B567', '', '', '', '', '']","《講授類》
永續管理微學程/單數周上課，每次上課兩小時14-16點","['淨零轉型與永續發展整合學程', '地方創生與永續發展整合學程', '企業社會責任學程', '永續管理微學程']",True
https://selcrs.nsysu.edu.tw/menu5/showoutline.asp?SYEAR=114&SEM=2&CrsDat=CM522&Crsname=國家競爭優勢與科技產業政策,,,False,管理學院(碩),CM522,0,不分班,"國家競爭優勢與科技產業政策
NATIONAL COMPETITIVE ADVANTGE AND INDUSTRIAL POLICY FOR HIGH-TECH INDUSRY",2,期,False,50,7,0,50,王致遠,"二5,6(管CM 2015)","['', '56', '', '', '', '', '']","《講授類》
屬「半導體科技管理學程」選修課程，大三大四優先",['半導體科技管理學程'],False
https://selcrs.nsysu.edu.tw/menu5/showoutline.asp?SYEAR=114&SEM=2&CrsDat=CM523&Crsname=半導體全球工作文化,,,False,管理學院(碩),CM523,0,不分班,"半導體全球工作文化
GLOBAL WORK CULTURE OF SEMICONDUCTOR INDUSTRY",3,期,False,50,19,0,50,葉致微,"四2,3,4(管CM 1036)","['', '', '', '234', '', '', '']","《講授類》
屬「半導體科技管理學程」選修課程，大三大四優先",['半導體科技管理學程'],False
https://selcrs.nsysu.edu.tw/menu5/showoutline.asp?SYEAR=114&SEM=2&CrsDat=CM524&Crsname=高科技公司財務個案分析,,,False,管理學院(碩),CM524,0,不分班,"高科技公司財務個案分析
FINANCIAL CASE STUDIES OF HIGH-TECH COMPANIES",2,期,False,50,2,0,50,邱敬貿,"四2,3(管CM 1023)","['', '', '', '23', '', '', '']","《講授類》
屬「半導體科技管理學程」選修課程，大三大四優先",['半導體科技管理學程'],False
https://selcrs.nsysu.edu.tw/menu5/showoutline.asp?SYEAR=114&SEM=2&CrsDat=CM525&Crsname=研發管理,,,False,管理學院(碩),CM525,0,不分班,"研發管理
R&D MANAGEMENT",3,期,False,50,9,0,50,陳旻男,"三5,6,7(管CM 1036)","['', '', '567', '', '', '', '']","《講授類》
屬「半導體科技管理學程」選修課程，大三大四優先",['半導體科技管理學程'],False
https://selcrs.nsysu.edu.tw/menu5/showoutline.asp?SYEAR=114&SEM=2&CrsDat=BM503&Crsname=生產與作業管理,,,False,企企管碩,BM503,0,不分班,"生產與作業管理
PRODUCTIONS AND OPERATIONS MANAGEMENT",3,期,False,50,57,0,50,彭聖翔,"五C,D,E(管CM 4069)","['', '', '', '', 'CDE', '', '']",《講授類》,['科技創新與服務業管理學程'],False
https://selcrs.nsysu.edu.tw/menu5/showoutline.asp?SYEAR=114&SEM=2&CrsDat=BM504&Crsname=行銷管理與研究,,,False,企企管碩,BM504,0,不分班,"行銷管理與研究
MARKETING MANAGEMENT AND RESEARCH",3,期,False,50,8,0,50,張純端,"四2,3,4(管CM 3022)","['', '', '', '234', '', '', '']",《講授類》,"['智慧城市與智慧運輸學程', '城市行銷微學程']",True
https://selcrs.nsysu.edu.tw/menu5/showoutline.asp?SYEAR=114&SEM=2&CrsDat=BM505&Crsname=財務管理與研究,異動,更換時間1/22,False,企企管碩,BM505,0,不分班,"財務管理與研究
FINANCIAL MANAGEMENT & RESEARCH",3,期,False,50,5,0,50,彭聰敏,"一C,D,E(管CM 1032)","['CDE', '', '', '', '', '', '']",《講授類》,[],True
https://selcrs.nsysu.edu.tw/menu5/showoutline.asp?SYEAR=114&SEM=2&CrsDat=BM508&Crsname=管理統計學,,,False,企企管碩,BM508,0,不分班,"管理統計學
MANAGERIAL STATISTICS",3,期,False,50,16,0,50,黃俊智,"三D,E,F(管CM 3051)","['', '', 'DEF', '', '', '', '']",《講授類》,[],True
https://selcrs.nsysu.edu.tw/menu5/showoutline.asp?SYEAR=114&SEM=2&CrsDat=BM509&Crsname=管理會計學,,,False,企企管碩,BM509,0,不分班,"管理會計學
MANAGERIAL ACCOUNTING",3,期,False,50,34,0,50,陳妮雲,"三2,3,4(管CM 3015)","['', '', '234', '', '', '', '']","《講授類》
限企管碩甲班",[],False
https://selcrs.nsysu.edu.tw/menu5/showoutline.asp?SYEAR=114&SEM=2&CrsDat=BM509A&Crsname=管理會計學,,,False,企企管碩,BM509A,0,不分班,"管理會計學
MANAGERIAL ACCOUNTING",3,期,False,50,18,0,50,黃北豪,"一C,D,E(管CM 3017)","['CDE', '', '', '', '', '', '']","《講授類》
限企管碩乙班",[],False
https://selcrs.nsysu.edu.tw/menu5/showoutline.asp?SYEAR=114&SEM=2&CrsDat=BM510&Crsname=管理經濟學,,,False,企企管碩,BM510,0,不分班,"管理經濟學
MANAGERIAL ECONOMICS",3,期,False,50,12,0,50,佘健源,"二C,D,E(管CM 3022)","['', 'CDE', '', '', '', '', '']",《講授類》,[],False
https://selcrs.nsysu.edu.tw/menu5/showoutline.asp?SYEAR=114&SEM=2&CrsDat=BM519&Crsname=孫子兵法策略原理,新增,更換時間1/30,False,企企管碩,BM519,0,不分班,"孫子兵法策略原理
STRATEGIC PRINCIPLES IN THE ART OF WAR OF SUN-ZI",3,期,False,50,6,0,50,莊旺川,"四C,D,E(管CM 3017)","['', '', '', 'CDE', '', '', '']",《講授類》,[],False
https://selcrs.nsysu.edu.tw/menu5/showoutline.asp?SYEAR=114&SEM=2&CrsDat=BM525&Crsname=財務報表分析,,,False,企企管碩,BM525,0,不分班,"財務報表分析
FINANCIAL STATEMENTS ANALYSIS",3,期,False,50,4,0,50,黃北豪,"一8,6,7(管CM 3017)","['678', '', '', '', '', '', '']",《講授類》,"['財務管理專業學程', '會計學程', '科技創新與服務業管理學程']",False
https://selcrs.nsysu.edu.tw/menu5/showoutline.asp?SYEAR=114&SEM=2&CrsDat=BM559&Crsname=工作心理學,異動,更換授課方式2/3,False,企企管碩,BM559,0,不分班,"工作心理學
WORK PSYCHOLOGY",3,期,False,50,9,0,50,施欣宜,"一C,D,E(管CM 2025)","['CDE', '', '', '', '', '', '']",《講授類》,['人力資源管理學程'],False
https://selcrs.nsysu.edu.tw/menu5/showoutline.asp?SYEAR=114&SEM=2&CrsDat=BM601&Crsname=倫理與領導,,,False,企企管碩,BM601,0,不分班,"倫理與領導
ETHICS AND LEADERSHIP",3,期,False,50,22,0,50,蔡宗霖,"三D,E,F(管CM 2037)","['', '', 'DEF', '', '', '', '']",《講授類》,"['人力資源管理學程', '科技創新與服務業管理學程']",False
https://selcrs.nsysu.edu.tw/menu5/showoutline.asp?SYEAR=114&SEM=2&CrsDat=BM644&Crsname=賽局理論與競爭策略,,,False,企企管碩,BM644,0,不分班,"賽局理論與競爭策略
GAME THEORY AND COMPETITIVE STRATEGY",3,期,False,50,27,0,50,吳基逞,"五2,3,4(管CM 4112)","['', '', '', '', '234', '', '']",《講授類》,[],False
https://selcrs.nsysu.edu.tw/menu5/showoutline.asp?SYEAR=114&SEM=2&CrsDat=BM652&Crsname=策略性品牌管理,,,False,企企管碩,BM652,0,不分班,"策略性品牌管理
STRATEGIC BRAND MANAGEMENT",3,期,False,50,5,0,50,周泰華,"四2,3,4(管CM 2025)","['', '', '', '234', '', '', '']",《講授類》,['行銷管理學程'],False
https://selcrs.nsysu.edu.tw/menu5/showoutline.asp?SYEAR=114&SEM=2&CrsDat=BM658&Crsname=快樂管理學,,,False,企企管碩,BM658,0,不分班,"快樂管理學
HAPPINESS MANAGEMENT",3,期,False,50,8,0,50,黃賀,"二C,D,E(管CM 4078)","['', 'CDE', '', '', '', '', '']",《講授類》,['人力資源管理學程'],False
https://selcrs.nsysu.edu.tw/menu5/showoutline.asp?SYEAR=114&SEM=2&CrsDat=BM673&Crsname=企業分析與諮詢,,,False,企企管碩,BM673,0,不分班,"企業分析與諮詢
BUSINESS ANALYSIS AND CONSULTANCY",3,期,False,50,3,0,50,李清潭,"二E(管CM  1032) 二C,D(管CM 1032)","['', 'CDE', '', '', '', '', '']",《講授類》,[],False
https://selcrs.nsysu.edu.tw/menu5/showoutline.asp?SYEAR=114&SEM=2&CrsDat=BM680&Crsname=科技法律與產業政策,,,False,企企管碩,BM680,0,不分班,"科技法律與產業政策
LAW,TECHNOLOGY AND INDUSTRIAL POLICY",3,期,False,50,6,0,50,盧憶,"二8,6,7(管CM 3015)","['', '678', '', '', '', '', '']",《講授類》,[],False
https://selcrs.nsysu.edu.tw/menu5/showoutline.asp?SYEAR=114&SEM=2&CrsDat=BM690&Crsname=產業資料分析與因果推論,,,False,企企管碩,BM690,0,不分班,"產業資料分析與因果推論
INDUSTRIAL DATA ANALYSIS AND CAUSAL INFERENCE",3,期,False,50,9,0,50,佘健源,"四2,3,4(管CM 1032)","['', '', '', '234', '', '', '']",《講授類》,[],False
https://selcrs.nsysu.edu.tw/menu5/showoutline.asp?SYEAR=114&SEM=2&CrsDat=BM693&Crsname=研究方法,,,False,企企管碩,BM693,1,甲班,"研究方法
RESEARCH METHODOLOGY",3,期,True,50,1,57,-7,林政佑,"五8,6,7(管CM 3017)","['', '', '', '', '678', '', '']",《講授類》,[],False
https://selcrs.nsysu.edu.tw/menu5/showoutline.asp?SYEAR=114&SEM=2&CrsDat=BM693A&Crsname=研究方法,,,False,企企管碩,BM693A,1,乙班,"研究方法
RESEARCH METHODOLOGY",3,期,True,50,2,24,26,蔡宗霖,"四C,D,E(管CM 2037)","['', '', '', 'CDE', '', '', '']","《講授類》
與醫管碩併班",[],False
https://selcrs.nsysu.edu.tw/menu5/showoutline.asp?SYEAR=114&SEM=2&CrsDat=IHCM504&Crsname=醫療統計學,,,False,企醫管碩,IHCM504,1,不分班,"醫療統計學
MEDICAL STATISTICS",3,期,True,50,0,14,36,黃俊智,"四5,6,7(管CM 2023)","['', '', '', '567', '', '', '']",《講授類》,[],False
https://selcrs.nsysu.edu.tw/menu5/showoutline.asp?SYEAR=114&SEM=2&CrsDat=IHCM507&Crsname=醫務管理研究方法,,,False,企醫管碩,IHCM507,1,不分班,"醫務管理研究方法
RESEARCH METHODOLOGY IN HEALTH SERVICES MANAGEMENT",3,期,True,50,0,14,36,蔡宗霖,"四C,D,E(管CM 2037)","['', '', '', 'CDE', '', '', '']","《講授類》
與企管碩併班上課",[],False
https://selcrs.nsysu.edu.tw/menu5/showoutline.asp?SYEAR=114&SEM=2&CrsDat=IHCM526&Crsname=醫療資訊系統,,,False,企醫管碩,IHCM526,0,不分班,"醫療資訊系統
MEDICAL INFORMATION SYSTEM",3,期,False,50,2,0,50,莊旺川,"三D,E,F(管CM 3035)","['', '', 'DEF', '', '', '', '']",《講授類》,"['醫務管理整合學程', '醫務管理整合學程']",False
https://selcrs.nsysu.edu.tw/menu5/showoutline.asp?SYEAR=114&SEM=2&CrsDat=IHCM529&Crsname=流行病學,異動,更換部份時間1/30,False,企醫管碩,IHCM529,0,不分班,"流行病學
EPIDEMIOLOGY",3,期,False,50,2,0,50,林芳伃,"五5,6,7(管CM 3035)","['', '', '', '', '567', '', '']",《講授類》,[],False
https://selcrs.nsysu.edu.tw/menu5/showoutline.asp?SYEAR=114&SEM=2&CrsDat=IHCM610&Crsname=醫療管理專案研究,,,False,企醫管碩,IHCM610,0,不分班,"醫療管理專案研究
RESEARCH ON HEALTH CARE MANAGEMENT PROJECT",3,期,False,50,7,0,50,李英俊,"二C,D,E(管CM 3035)","['', 'CDE', '', '', '', '', '']",《講授類》,[],False
https://selcrs.nsysu.edu.tw/menu5/showoutline.asp?SYEAR=114&SEM=2&CrsDat=IB501&Crsname=管理經濟學,,,False,國際經營學程,IB501,0,不分班,"管理經濟學
MANAGERIAL ECONOMICS",3,期,False,35,12,0,35,安大衛,"二8,6,7(管CM 1023)","['', '678', '', '', '', '', '']","《講授類》
限IBMBA及GHRM MBA學程學生修習，欲加選學生請於異常處理時辦理加選。",[],True
https://selcrs.nsysu.edu.tw/menu5/showoutline.asp?SYEAR=114&SEM=2&CrsDat=IB508&Crsname=國際人力資源管理,,,False,國際經營學程,IB508,0,不分班,"國際人力資源管理
INTERNATIONAL HUMAN RESOURCE MANAGEMENT",3,期,False,35,8,0,35,林帆,"四8,6,7(管CM 4078)","['', '', '', '678', '', '', '']","《講授類》
限IBMBA及GHRM MBA學程學生修習，欲加選學生請於異常處理時加選。",[],True
https://selcrs.nsysu.edu.tw/menu5/showoutline.asp?SYEAR=114&SEM=2&CrsDat=IB514&Crsname=管理資訊系統,,,False,國際經營學程,IB514,0,不分班,"管理資訊系統
MANAGEMENT INFORMATION SYSTEMS",3,期,False,35,10,0,35,溫丹瑋,"五2,3,4(管CM 1023)","['', '', '', '', '234', '', '']","《講授類》
限IBMBA及GHRM MBA學程學生修習，欲加選學生請於異常處理時加選。",[],True
https://selcrs.nsysu.edu.tw/menu5/showoutline.asp?SYEAR=114&SEM=2&CrsDat=IB515&Crsname=財務管理,,,False,國際經營學程,IB515,1,不分班,"財務管理
FINANCIAL MANAGEMENT",3,期,True,50,0,52,-2,張世賢,"二2,3,4(管CM 3051)","['', '234', '', '', '', '', '']","《講授類》
限IBMBA及GHRM MBA學程學生修習，欲加選學生請於異常處理時辦理加選。",['金融工程學程'],True
https://selcrs.nsysu.edu.tw/menu5/showoutline.asp?SYEAR=114&SEM=2&CrsDat=IB517&Crsname=投資組合,,,False,國際經營學程,IB517,0,不分班,"投資組合
PORTFOLIO MANAGEMENT",3,期,False,30,5,0,30,鄭義,"一8,6,7(管CM 3022)","['678', '', '', '', '', '', '']","《講授類》
限IBMBA學程及GHRM MBA學程學生修習，欲加選學生請於異常處理時加選。",[],True
https://selcrs.nsysu.edu.tw/menu5/showoutline.asp?SYEAR=114&SEM=2&CrsDat=IB524&Crsname=國際企業永續發展,,,False,國際經營學程,IB524,0,不分班,"國際企業永續發展
SUSTAINABILITY OF GLOBAL ENTERPRISE",3,期,False,30,2,0,30,雷英瑞,"四8,6,7(管CM 1023)","['', '', '', '678', '', '', '']","《講授類》
限IBMBA及GHRM MBA學程學生修習，欲加選學生請於異常處理時加選","['公共事務與企業社會責任微學程', '企業社會責任學程']",True
https://selcrs.nsysu.edu.tw/menu5/showoutline.asp?SYEAR=114&SEM=2&CrsDat=IB528&Crsname=亞太經營環境,,,False,國際經營學程,IB528,0,不分班,"亞太經營環境
ASIA PACIFIC BUSINESS ENVIRONMENT",3,期,False,30,1,0,30,雷英瑞,"三5,6,7(管CM 2025)","['', '', '567', '', '', '', '']","《講授類》
限IBMBA及GHRM MBA學程學生修習，欲加選學生請於異常處理時加選。",[],True
https://selcrs.nsysu.edu.tw/menu5/showoutline.asp?SYEAR=114&SEM=2&CrsDat=IB603&Crsname=全球供應鏈管理,,,False,國際經營學程,IB603,0,不分班,"全球供應鏈管理
GLOBAL SUPPLY CHAIN MANAGEMENT",3,期,False,35,10,0,35,楊淯程,"三2,3,4(管CM 1023)","['', '', '234', '', '', '', '']","《講授類》
限IBMBA及GHRM MBA學程學生修習，欲加選學生請於異常處理時加選。",[],True
https://selcrs.nsysu.edu.tw/menu5/showoutline.asp?SYEAR=114&SEM=2&CrsDat=IB612&Crsname=企業諮詢方法與實作,異動,更換部份時間1/29,False,國際經營學程,IB612,0,不分班,"企業諮詢方法與實作
CONSULTING METHODS AND PRACTICE",3,期,False,30,2,0,30,蔡宗霖,"二5(管CM 1023) 五8,9(管CM 1023)","['', '5', '', '', '89', '', '']","《講授類》
與GHRM MBA併班上課，限IBMBA及GHRM MBA學生修習，欲加選學生請於異常處理時加選。",[],True
https://selcrs.nsysu.edu.tw/menu5/showoutline.asp?SYEAR=114&SEM=2&CrsDat=IB614&Crsname=研究方法,,,False,國際經營學程,IB614,1,不分班,"研究方法
RESEARCH METHODOLOGY",3,期,True,50,0,53,-3,陳文鑫,"四2,3,4(管CM 4112)","['', '', '', '234', '', '', '']","《講授類》
與GHRM MBA併班上課，限IBMBA及GHRM MBA學生修習，欲加選學生請於異常處理時加選。",[],True
https://selcrs.nsysu.edu.tw/menu5/showoutline.asp?SYEAR=114&SEM=2&CrsDat=GHRM507&Crsname=企業諮詢方法與實作,異動,更換部份時間1/29,False,人管英語碩程,GHRM507,1,不分班,"企業諮詢方法與實作
CONSULTING METHODS AND PRACTICE",3,期,True,50,0,19,31,蔡宗霖,"二5(管CM 1023) 五8,9(管CM 1023)","['', '5', '', '', '89', '', '']","《講授類》
與IBMBA併班上課，限IBMBA及GHRM MBA學生修習，欲加選學生請於異常處理時加選。",[],True
https://selcrs.nsysu.edu.tw/menu5/showoutline.asp?SYEAR=114&SEM=2&CrsDat=GHRM512&Crsname=研究方法,,,False,人管英語碩程,GHRM512,1,不分班,"研究方法
RESEARCH METHODOLOGY",3,期,True,50,0,19,31,陳文鑫,"四2,3,4(管CM 4112)","['', '', '', '234', '', '', '']","《講授類》
與IBMBA併班上課，限IBMBA及GHRM MBA學生修習，欲加選學生請於異常處理時加選。",[],True
https://selcrs.nsysu.edu.tw/menu5/showoutline.asp?SYEAR=114&SEM=2&CrsDat=GHRM528&Crsname=組織政治學,,,False,人管英語碩程,GHRM528,0,不分班,"組織政治學
ORGANIZATIONAL POLITICS",3,期,False,30,2,0,30,華明儀,"一8,6,7(管CM 1023)","['678', '', '', '', '', '', '']","《講授類》
限IBMBA學程及GHRM MBA學程學生修習，欲加選學生請於異常處理階段辦理加選",[],True
https://selcrs.nsysu.edu.tw/menu5/showoutline.asp?SYEAR=114&SEM=2&CrsDat=GHRM536&Crsname=組織設計與數位轉型,,,False,人管英語碩程,GHRM536,0,不分班,"組織設計與數位轉型
ORGANIZATIONAL DESIGN AND DIGITAL TRANSFORMATION",3,期,False,20,6,0,20,李捷,"四8,6,7(管CM 1019)","['', '', '', '678', '', '', '']","《講授類》
限IBMBA學程及GHRM MBA學程學生修習，欲加選學生請於異常處理階段辦理加選",[],True
https://selcrs.nsysu.edu.tw/menu5/showoutline.asp?SYEAR=114&SEM=2&CrsDat=GHRM591&Crsname=生產與作業管理,異動,更換時間1/20,False,人管英語碩程,GHRM591,0,不分班,"生產與作業管理
PRODUCTION AND OPERATIONS MANAGEMENT",3,期,False,35,6,0,35,劉易,"二2,3,4(管CM 3022)","['', '234', '', '', '', '', '']","《講授類》
限IBMBA學程及GHRM MBA學程學生修習，欲加選學生請於異常處理階段辦理加選",[],True
https://selcrs.nsysu.edu.tw/menu5/showoutline.asp?SYEAR=114&SEM=2&CrsDat=GHRM604&Crsname=人力發展管理,,,False,人管英語碩程,GHRM604,0,不分班,"人力發展管理
HUMAN RESOURCE DEVELOPMENT MANAGEMENT",3,期,False,30,5,0,30,施欣宜,"二8,6,7(管CM 1019)","['', '678', '', '', '', '', '']","《講授類》
限IBMBA學程及GHRM MBA學程學生修習，欲加選學生請於異常處理階段辦理加選",[],True
https://selcrs.nsysu.edu.tw/menu5/showoutline.asp?SYEAR=114&SEM=2&CrsDat=GHRM651&Crsname=策略管理,異動,更換時間及教室1/29,False,人管英語碩程,GHRM651,0,不分班,"策略管理
STRATEGIC MANAGEMENT",3,期,False,30,5,0,30,蔡宗霖,"五5,6,7(管CM 1023)","['', '', '', '', '567', '', '']","《講授類》
限IBMBA學程及GHRM MBA學程學生修習，欲加選學生請於異常處理階段辦理加選",[],True
https://selcrs.nsysu.edu.tw/menu5/showoutline.asp?SYEAR=114&SEM=2&CrsDat=FI501&Crsname=金融產業專業實習（一）,,,False,金融創新產碩,FI501,1,不分班,"金融產業專業實習（一）
PROFESSIONAL PRACTICE IN FINANCIAL INDUSTRY (I)",1,期,True,15,0,15,0,邱敬貿,"二A,1(管CM 2026)(實驗)","['', 'A1', '', '', '', '', '']","《實習類》
限產碩專班學生修課；每周上課時數2小時(此課程為寒假先修)",[],False
https://selcrs.nsysu.edu.tw/menu5/showoutline.asp?SYEAR=114&SEM=2&CrsDat=FI502&Crsname=當前財金問題分析,,,False,金融創新產碩,FI502,1,不分班,"當前財金問題分析
CURRENT FINANCIAL PROBLEMS ANALYSIS",2,期,True,15,0,15,0,邱敬貿,"五C,D(管CM 1037)","['', '', '', '', 'CD', '', '']",《講授類》,"['財務管理專業學程', '金融科技與創新微學程']",False
https://selcrs.nsysu.edu.tw/menu5/showoutline.asp?SYEAR=114&SEM=2&CrsDat=FI505&Crsname=金融科技服務開發,,,False,金融創新產碩,FI505,0,不分班,"金融科技服務開發
THE DEVELOPMENT OF FINTECH SERVICES",3,期,False,50,1,0,50,"吳藺芝,邱敬貿","一8,6,7(管CM 1025)","['678', '', '', '', '', '', '']",《講授類》,"['金融科技與創新微學程', '科技創新與服務業管理學程']",False
https://selcrs.nsysu.edu.tw/menu5/showoutline.asp?SYEAR=114&SEM=2&CrsDat=FI603&Crsname=金融產業專業實習（四）,,,False,金融創新產碩,FI603,2,不分班,"金融產業專業實習（四）
PROFESSIONAL PRACTICE IN FINANCIAL INDUSTRY (IV)",1,期,True,15,0,15,0,邱敬貿,"四A,1(管CM 2026)(實驗)","['', '', '', 'A1', '', '', '']","《實習類》
限產碩專班學生修課；每周上課時數2小時(此課程為寒假先修)",[],False
https://selcrs.nsysu.edu.tw/menu5/showoutline.asp?SYEAR=114&SEM=2&CrsDat=FI605&Crsname=碩士論文專題（二）,,,False,金融創新產碩,FI605,2,不分班,"碩士論文專題（二）
INDEPENDENT STUDIES IN MASTER THESIS （II）",3,期,True,20,0,15,5,"吳藺芝,封之遠,張世賢,羅勝議,翁培師,蔡佳芬,蔡秉真,蔡維哲,蕭珮婕,邱敬貿","三A,1,B(管CM 2026)","['', '', 'A1B', '', '', '', '']",《獨立研究》,[],False
https://selcrs.nsysu.edu.tw/menu5/showoutline.asp?SYEAR=114&SEM=2&CrsDat=MBR502&Crsname=海洋生物科技專題研討（二）,,,True,海資碩,MBR502,1,不分班,"海洋生物科技專題研討（二）
SEMINAR IN MARINE BIOTECHNOLOGY (II)",2,期,True,50,2,0,50,張鈞涵,"一6,7(海MB 2015)","['67', '', '', '', '', '', '']","《研討類》
碩博士班併班上課。",[],False
https://selcrs.nsysu.edu.tw/menu5/showoutline.asp?SYEAR=114&SEM=2&CrsDat=MBR504&Crsname=海洋生態專題研討（二）,,,True,海資碩,MBR504,1,不分班,"海洋生態專題研討（二）
SEMINAR IN MARINE ECOLOGY (II)",2,期,True,50,2,0,50,劉商隱,"一6,7(海MB 1005)","['67', '', '', '', '', '', '']","《研討類》
碩博士班併班上課。",[],False
https://selcrs.nsysu.edu.tw/menu5/showoutline.asp?SYEAR=114&SEM=2&CrsDat=MBR505&Crsname=海洋生物資源特論,異動,更換主授教師1/8,False,海資碩,MBR505,1,不分班,"海洋生物資源特論
SPECIAL TOPICS IN MARINE BIOLOGICAL RESOURCES",3,期,False,50,7,0,50,"唐川禾,朱育民,李幸慧","四5,6,7(海生館第二研究大樓R 2002)","['', '', '', '567', '', '', '']","《講授類》
請注意上課地點在海生館。",[],False
https://selcrs.nsysu.edu.tw/menu5/showoutline.asp?SYEAR=114&SEM=2&CrsDat=MBR506&Crsname=基因選殖及轉殖生物技術實驗,,,False,海資碩,MBR506,1,不分班,"基因選殖及轉殖生物技術實驗
GENE CLONING AND TRANSFORMATION BIOTECHNOLOGY EXPERIMENT",2,期,False,50,0,0,50,李澤民,"五2,3,4,5,6,7(海MB 2012)(實驗)","['', '', '', '', '234567', '', '']",《實驗類》,[],False
https://selcrs.nsysu.edu.tw/menu5/showoutline.asp?SYEAR=114&SEM=2&CrsDat=MBR508&Crsname=海洋化學資源專題研討（二）,,,True,海資碩,MBR508,1,不分班,"海洋化學資源專題研討（二）
SEMINAR IN MARINE CHEMICAL RESOURCES (II)",2,期,True,50,3,0,50,李益銘,"一6,7(海MB 2014)","['67', '', '', '', '', '', '']","《研討類》
碩博士班併班上課。",[],False
https://selcrs.nsysu.edu.tw/menu5/showoutline.asp?SYEAR=114&SEM=2&CrsDat=MBR508A&Crsname=海洋化學資源專題研討（二）,,,True,海資碩,MBR508A,1,不分班,"海洋化學資源專題研討（二）
SEMINAR IN MARINE CHEMICAL RESOURCES (II)",2,期,False,50,0,0,50,"宋秉鈞,蘇瑞欣","一6,7(海生館第二研究大樓R 2002)","['67', '', '', '', '', '', '']","《研討類》
碩士班併班上課。上課地點在海生館。修畢本課程後，請依必修科目表分組必修規定辦理學分抵免。",[],False
https://selcrs.nsysu.edu.tw/menu5/showoutline.asp?SYEAR=114&SEM=2&CrsDat=MBR510&Crsname=分子細胞生物學（二）,,,True,海資碩,MBR510,1,不分班,"分子細胞生物學（二）
MOLECULAR CELL BIOLOGY(II)",2,期,True,50,2,0,50,王亮鈞,"四3,4(海MB 2016)","['', '', '', '34', '', '', '']",《講授類》,[],False
https://selcrs.nsysu.edu.tw/menu5/showoutline.asp?SYEAR=114&SEM=2&CrsDat=MBR510A&Crsname=分子細胞生物學（二）,,,True,海資碩,MBR510A,1,不分班,"分子細胞生物學（二）
MOLECULAR CELL BIOLOGY(II)",2,期,False,50,0,0,50,王立雪,"四3,4(海生館第二研究大樓R 2002)","['', '', '', '34', '', '', '']","《講授類》
請注意上課地點在海生館。",[],False
https://selcrs.nsysu.edu.tw/menu5/showoutline.asp?SYEAR=114&SEM=2&CrsDat=MBR511&Crsname=教學實習,,,True,海資碩,MBR511,1,不分班,"教學實習
TEACHING PRACTICE",1,期,True,50,1,0,50,李澤民,"一8,9(海MB 2009)(實驗)","['89', '', '', '', '', '', '']",《講授類》,[],False
https://selcrs.nsysu.edu.tw/menu5/showoutline.asp?SYEAR=114&SEM=2&CrsDat=MBR511A&Crsname=教學實習,,,True,海資碩,MBR511A,1,不分班,"教學實習
TEACHING PRACTICE",1,期,False,50,0,0,50,李幸慧,"一8,9(海生館第二研究大樓R 2002)(實驗)","['89', '', '', '', '', '', '']","《講授類》
請注意上課地點在海生館。",[],False
https://selcrs.nsysu.edu.tw/menu5/showoutline.asp?SYEAR=114&SEM=2&CrsDat=MBR533&Crsname=分子檢測技術特論,,,False,海資碩,MBR533,1,不分班,"分子檢測技術特論
SPECIAL TOPICS IN MOLECULAR DIAGNOSTIC TECHNIQUES",3,期,False,50,0,0,50,"廖睿妘,李景欽","一2,3,4(海MB 2016)","['234', '', '', '', '', '', '']",《講授類》,[],False
https://selcrs.nsysu.edu.tw/menu5/showoutline.asp?SYEAR=114&SEM=2&CrsDat=MBR534&Crsname=生物科技特論,,,False,海資碩,MBR534,1,不分班,"生物科技特論
SPECIAL TOPICS IN BIOTECHNOLOGY",3,期,False,50,1,0,50,"廖睿妘,李景欽","二5,6,7(海MB 1009)","['', '567', '', '', '', '', '']",《講授類》,['生物技術微學程'],False
https://selcrs.nsysu.edu.tw/menu5/showoutline.asp?SYEAR=114&SEM=2&CrsDat=MBR540&Crsname=天然物化學（二）,,,False,海資碩,MBR540,1,不分班,"天然物化學（二）
NATURAL PRODUCT CHEMISTRY(II)",3,期,False,50,2,0,50,鄭源斌,"一2,3,4(海MB 3013)","['234', '', '', '', '', '', '']",《講授類》,[],False
https://selcrs.nsysu.edu.tw/menu5/showoutline.asp?SYEAR=114&SEM=2&CrsDat=MBR543&Crsname=天然葯物化學,,,False,海資碩,MBR543,1,不分班,"天然葯物化學
MEDICINAL CHEMISTRY OF NATURE PRODUCTS",2,期,False,50,2,0,50,"吳永昌,張鈞涵","五8,7(海MB 2016)","['', '', '', '', '78', '', '']",《講授類》,[],False
https://selcrs.nsysu.edu.tw/menu5/showoutline.asp?SYEAR=114&SEM=2&CrsDat=MBR546&Crsname=海上實習,,,False,海資碩,MBR546,1,不分班,"海上實習
OCEANOGRAPHY CRUISE PRACTICE",1,期,False,50,0,0,50,林秀瑾,"二8,9(海MB 2009)(實驗)","['', '89', '', '', '', '', '']","《講授類》
修課學生須先取得海科院舉辦之水域活動安全與自救訓練講習證明，始能參與水域活動(含實習航次)",['環境教育學程'],False
https://selcrs.nsysu.edu.tw/menu5/showoutline.asp?SYEAR=114&SEM=2&CrsDat=MBR551&Crsname=海洋生物技術專研（二）,,,False,海資碩,MBR551,1,不分班,"海洋生物技術專研（二）
INDEPENDENT STUDIES IN MARINE BIOTECHNOLOGY (II)",2,期,False,50,1,0,50,"廖睿妘,李景欽,李澤民,王亮鈞","一A,1()","['A1', '', '', '', '', '', '']",《獨立研究》,[],False
https://selcrs.nsysu.edu.tw/menu5/showoutline.asp?SYEAR=114&SEM=2&CrsDat=MBR556&Crsname=海洋總體基因體學,,,False,海資碩,MBR556,1,不分班,"海洋總體基因體學
MARINE METAGENOMICS",2,期,False,50,3,0,50,"劉勃佑,林梅芳","三3,4(海MB 2009)","['', '', '34', '', '', '', '']",《講授類》,['生物資訊與演化生態微學程'],True
https://selcrs.nsysu.edu.tw/menu5/showoutline.asp?SYEAR=114&SEM=2&CrsDat=MBR559&Crsname=水生生態專題研究（二）,,,False,海資碩,MBR559,1,不分班,"水生生態專題研究（二）
INDEPENDENT STUDIES IN AQUATIC ECOLOGY (II)",2,期,False,50,1,0,50,"劉商隱,張桂祥,林梅芳,林秀瑾,水晶","一A,1()","['A1', '', '', '', '', '', '']",《獨立研究》,[],False
https://selcrs.nsysu.edu.tw/menu5/showoutline.asp?SYEAR=114&SEM=2&CrsDat=MBR560&Crsname=植物與藻類功能性基因研究導論,,,False,海資碩,MBR560,1,不分班,"植物與藻類功能性基因研究導論
INTRODUCTION TO FUNCTIONAL GENE RESEARCH IN PLANTS AND ALGAE",3,期,False,50,0,0,50,廖睿妘,"四5,6,7(海MB 2016)","['', '', '', '567', '', '', '']",《講授類》,['生物技術微學程'],False
https://selcrs.nsysu.edu.tw/menu5/showoutline.asp?SYEAR=114&SEM=2&CrsDat=MBR561&Crsname=物種和生態系統對氣候變遷反應的動態,,,False,海資碩,MBR561,1,不分班,"物種和生態系統對氣候變遷反應的動態
DYNAMICS OF SPECIES AND ECOSYSTEM RESPONSE TO CLIMATE CHANGE",2,期,False,50,6,0,50,水晶,"四3,4(海MB 2009)","['', '', '', '34', '', '', '']",《講授類》,[],True
https://selcrs.nsysu.edu.tw/menu5/showoutline.asp?SYEAR=114&SEM=2&CrsDat=MBR574&Crsname=海洋分子生態學,,,False,海資碩,MBR574,1,不分班,"海洋分子生態學
MARINE MOLECULAR ECOLOGY",3,期,False,50,4,0,50,"塗子萱,林梅芳,林秀瑾","五2,3,4(海MB 2016)","['', '', '', '', '234', '', '']",《講授類》,['海洋生物資源開發學程'],True
https://selcrs.nsysu.edu.tw/menu5/showoutline.asp?SYEAR=114&SEM=2&CrsDat=MBR577&Crsname=海洋化學生物學專題研究（二）,,,False,海資碩,MBR577,1,不分班,"海洋化學生物學專題研究（二）
INDEPENDENT STUDIES IN MARINE CHEMICAL BIOLOGY (II)",2,期,False,50,3,0,50,"廖志中,李益銘,鄭源斌","一A,1()","['A1', '', '', '', '', '', '']",《獨立研究》,[],False
https://selcrs.nsysu.edu.tw/menu5/showoutline.asp?SYEAR=114&SEM=2&CrsDat=MBR578&Crsname=海洋化學生物學專題研究（四）,,,False,海資碩,MBR578,2,不分班,"海洋化學生物學專題研究（四）
INDEPENDENT STUDIES IN MARINE CHEMICAL BIOLOGY (IV)",2,期,False,50,0,0,50,"廖志中,李益銘,翁靖如,鄭源斌","二A,1()","['', 'A1', '', '', '', '', '']",《獨立研究》,[],False
https://selcrs.nsysu.edu.tw/menu5/showoutline.asp?SYEAR=114&SEM=2&CrsDat=MBR593&Crsname=海洋生物多樣性與保育（二）,,,True,海資碩,MBR593,1,不分班,"海洋生物多樣性與保育（二）
MARINE BIODIVERSITY AND CONSERVATION （2）",2,期,True,50,1,0,50,"劉商隱,水晶","二3,4(海MB 2009)","['', '34', '', '', '', '', '']",《講授類》,[],True
https://selcrs.nsysu.edu.tw/menu5/showoutline.asp?SYEAR=114&SEM=2&CrsDat=MBR593A&Crsname=海洋生物多樣性與保育（二）,,,True,海資碩,MBR593A,1,不分班,"海洋生物多樣性與保育（二）
MARINE BIODIVERSITY AND CONSERVATION （2）",2,期,False,50,0,0,50,李欣,"二3,4(海生館第二研究大樓R 2002)","['', '34', '', '', '', '', '']","《講授類》
請注意上課地點在海生館。",[],True
https://selcrs.nsysu.edu.tw/menu5/showoutline.asp?SYEAR=114&SEM=2&CrsDat=MBR598&Crsname=海洋天然物與化學分析（二）,,,True,海資碩,MBR598,1,不分班,"海洋天然物與化學分析（二）
MARINE NATURAL PRODUCTS AND CHEMICAL ANALYSIS II",2,期,True,50,5,0,50,廖志中,"五3,4(海MB 3013)","['', '', '', '', '34', '', '']",《講授類》,[],True
https://selcrs.nsysu.edu.tw/menu5/showoutline.asp?SYEAR=114&SEM=2&CrsDat=MBR598A&Crsname=海洋天然物與化學分析（二）,,,True,海資碩,MBR598A,1,不分班,"海洋天然物與化學分析（二）
MARINE NATURAL PRODUCTS AND CHEMICAL ANALYSIS II",2,期,False,50,0,0,50,"宋秉鈞,蘇瑞欣","五3,4(海生館第二研究大樓R 2002)","['', '', '', '', '34', '', '']","《講授類》
請注意上課地點在海生館。",[],True
https://selcrs.nsysu.edu.tw/menu5/showoutline.asp?SYEAR=114&SEM=2&CrsDat=MBR599&Crsname=海洋活性成分於線蟲篩選平台原理與應用,,,False,海資碩,MBR599,1,不分班,"海洋活性成分於線蟲篩選平台原理與應用
PRINCIPLES AND APPLICATIONS OF MARINE BIOACTIVE COMPOUNDS IN NEMATODE SCREENING PLATFORMS",3,期,False,50,1,0,50,張鈞涵,"二2,3,4(海MB 2016)","['', '234', '', '', '', '', '']",《講授類》,[],False
https://selcrs.nsysu.edu.tw/menu5/showoutline.asp?SYEAR=114&SEM=2&CrsDat=MBR602&Crsname=海洋生物科技專題研討（四）,,,False,海資碩,MBR602,2,不分班,"海洋生物科技專題研討（四）
SEMINAR IN MARINE BIOTECHNOLOGY (IV)",2,期,False,50,0,0,50,張鈞涵,"一6,7(海MB 2015)","['67', '', '', '', '', '', '']","《研討類》
碩博士班併班上課。",[],False
https://selcrs.nsysu.edu.tw/menu5/showoutline.asp?SYEAR=114&SEM=2&CrsDat=MBR604&Crsname=海洋生態專題研討（四）,,,False,海資碩,MBR604,2,不分班,"海洋生態專題研討（四）
SEMINAR IN MARINE ECOLOGY (IV)",2,期,False,50,0,0,50,劉商隱,"一6,7(海MB 1005)","['67', '', '', '', '', '', '']","《研討類》
碩博士班併班上課。",[],False
https://selcrs.nsysu.edu.tw/menu5/showoutline.asp?SYEAR=114&SEM=2&CrsDat=MBR608&Crsname=海洋化學資源專題研討（四）,,,False,海資碩,MBR608,2,不分班,"海洋化學資源專題研討（四）
SEMINAR IN MARINE CHEMICAL RESOURCES (IV)",2,期,False,50,0,0,50,李益銘,"一6,7(海MB 2014)","['67', '', '', '', '', '', '']","《研討類》
碩博士班併班上課。",[],False
https://selcrs.nsysu.edu.tw/menu5/showoutline.asp?SYEAR=114&SEM=2&CrsDat=MBR608A&Crsname=海洋化學資源專題研討（四）,,,False,海資碩,MBR608A,2,不分班,"海洋化學資源專題研討（四）
SEMINAR IN MARINE CHEMICAL RESOURCES (IV)",2,期,False,50,0,0,50,"宋秉鈞,蘇瑞欣","一6,7(海生館第二研究大樓R 2002)","['67', '', '', '', '', '', '']","《研討類》
碩士班併班上課。請注意上課地點在海生館。",[],False
https://selcrs.nsysu.edu.tw/menu5/showoutline.asp?SYEAR=114&SEM=2&CrsDat=MBR614&Crsname=海洋生物技術專研（四）,,,False,海資碩,MBR614,2,不分班,"海洋生物技術專研（四）
INDEPENDENT STUDIES IN MARINE BIOTECHNOLOGY (IV)",2,期,False,50,0,0,50,"廖睿妘,李景欽,李澤民,王亮鈞","二A,1()","['', 'A1', '', '', '', '', '']",《獨立研究》,[],False
https://selcrs.nsysu.edu.tw/menu5/showoutline.asp?SYEAR=114&SEM=2&CrsDat=MBR622&Crsname=水生生態專題研究（四）,,,False,海資碩,MBR622,2,不分班,"水生生態專題研究（四）
INDEPENDENT STUDIES IN AQUATIC ECOLOGY (IV)",2,期,False,50,0,0,50,"劉商隱,張桂祥,林梅芳,林秀瑾,樊同雲,水晶,陳德豪","二A,1()","['', 'A1', '', '', '', '', '']",《獨立研究》,[],False
https://selcrs.nsysu.edu.tw/menu5/showoutline.asp?SYEAR=114&SEM=2&CrsDat=MAEV502&Crsname=海洋環境書報討論（二）,,,False,海工碩,MAEV502,1,不分班,"海洋環境書報討論（二）
SEMINAR IN MARINE ENVIRONMENT (II)",2,期,False,50,4,0,50,曾以帆,"四6,7(海ME 3002)","['', '', '', '67', '', '', '']",《演講/參訪》,[],False
https://selcrs.nsysu.edu.tw/menu5/showoutline.asp?SYEAR=114&SEM=2&CrsDat=MAEV506&Crsname=專題研究（二）,,,False,海工碩,MAEV506,1,不分班,"專題研究（二）
INDEPENDENT STUDIES(II)",3,期,False,50,3,0,50,指導教授,"五A,1,B()","['', '', '', '', 'A1B', '', '']",《獨立研究》,[],False
https://selcrs.nsysu.edu.tw/menu5/showoutline.asp?SYEAR=114&SEM=2&CrsDat=MAEV511&Crsname=數值方法,,,False,海工碩,MAEV511,1,不分班,"數值方法
NUMERICAL METHODS",3,期,False,50,0,0,50,莊偉良,"一2,3,4(海ME 3004)","['234', '', '', '', '', '', '']",《講授類》,[],False
https://selcrs.nsysu.edu.tw/menu5/showoutline.asp?SYEAR=114&SEM=2&CrsDat=MAEV515&Crsname=箱網養殖工程,,,False,海工碩,MAEV515,1,不分班,"箱網養殖工程
CAGE AQUACULTURAL ENGINEERING",3,期,False,50,1,0,50,黃材成,"一2,3,4(海ME 2007)","['234', '', '', '', '', '', '']",《講授類》,[],False
https://selcrs.nsysu.edu.tw/menu5/showoutline.asp?SYEAR=114&SEM=2&CrsDat=MAEV520&Crsname=波浪理論,,,False,海工碩,MAEV520,1,不分班,"波浪理論
WAVE THEORY",3,期,False,50,0,0,50,許弘莒,"一8,6,7(海ME 2007)","['678', '', '', '', '', '', '']",《講授類》,['南星產業樞紐學程'],False
https://selcrs.nsysu.edu.tw/menu5/showoutline.asp?SYEAR=114&SEM=2&CrsDat=MAEV523&Crsname=海洋系統模擬（二）,,,False,海工碩,MAEV523,1,不分班,"海洋系統模擬（二）
MARINE SYSTEM MODELING (II)",3,期,False,50,2,0,50,歐雅森,"三5,6,7(海ME 2002)","['', '', '567', '', '', '', '']",《講授類》,[],True
https://selcrs.nsysu.edu.tw/menu5/showoutline.asp?SYEAR=114&SEM=2&CrsDat=MAEV530&Crsname=水工模型試驗,,,False,海工碩,MAEV530,1,不分班,"水工模型試驗
PHYSICAL MODELING IN HYDRAULIC AND OCEAN ENGINEERING",3,期,False,50,1,0,50,葉博弘,"二8,6,7(海ME 2005)","['', '678', '', '', '', '', '']",《講授類》,[],False
https://selcrs.nsysu.edu.tw/menu5/showoutline.asp?SYEAR=114&SEM=2&CrsDat=MAEV542&Crsname=海洋結構動力學,,,False,海工碩,MAEV542,1,不分班,"海洋結構動力學
STRUCTURE DYNAMICS IN OCEAN ENGINEERING",3,期,False,50,1,0,50,詹鵬台,"三2,3,4(海ME 2002)","['', '', '234', '', '', '', '']",《講授類》,['海事工程學程'],True
https://selcrs.nsysu.edu.tw/menu5/showoutline.asp?SYEAR=114&SEM=2&CrsDat=MAEV546&Crsname=港灣工程案例探討與改進,,,False,海工碩,MAEV546,1,不分班,"港灣工程案例探討與改進
HARBOR ENGINEERING CASE STUDY& IMPROVEMENT",2,期,False,50,3,0,50,陳吉紀,"三2,3(海ME 2007)","['', '', '23', '', '', '', '']",《講授類》,['海事工程學程'],False
https://selcrs.nsysu.edu.tw/menu5/showoutline.asp?SYEAR=114&SEM=2&CrsDat=MAEV557&Crsname=廢水生物處理方法,,,False,海工碩,MAEV557,1,不分班,"廢水生物處理方法
BIOLOGICAL TREATMENT FOR WASTEWATER",3,期,False,50,2,0,50,卓宴琳,"三5,6,7(海ME 3005)","['', '', '567', '', '', '', '']",《講授類》,['環境科技與管理學程'],True
https://selcrs.nsysu.edu.tw/menu5/showoutline.asp?SYEAR=114&SEM=2&CrsDat=MAEV562&Crsname=高等環境系統分析（二）,,,False,海工碩,MAEV562,1,不分班,"高等環境系統分析（二）
ADVANCED ENVIRONMENTAL SYSTEM ANALYSIS (II)",3,期,False,50,1,0,50,張揚祺,"二2,3,4(海ME 2001)","['', '234', '', '', '', '', '']",《講授類》,[],False
https://selcrs.nsysu.edu.tw/menu5/showoutline.asp?SYEAR=114&SEM=2&CrsDat=MAEV570&Crsname=近岸水動力模擬專題研究,,,False,海工碩,MAEV570,1,不分班,"近岸水動力模擬專題研究
INDEPENDENT STUDIES IN SIMULATION OF NEARSHORE HYDRODYNAMICS",2,期,False,50,0,0,50,曾以帆,"五A,1()","['', '', '', '', 'A1', '', '']",《獨立研究》,[],False
https://selcrs.nsysu.edu.tw/menu5/showoutline.asp?SYEAR=114&SEM=2&CrsDat=MAEV571&Crsname=海洋工程地球物理探測,,,False,海工碩,MAEV571,1,不分班,"海洋工程地球物理探測
MARINE  ENGINEERING  GEOPHYSICS",3,期,False,50,4,0,50,林俊宏,"三5,6,7(海ME 2005)","['', '', '567', '', '', '', '']",《講授類》,[],False
https://selcrs.nsysu.edu.tw/menu5/showoutline.asp?SYEAR=114&SEM=2&CrsDat=MAEV572&Crsname=海洋流體力學,異動,更換時間及教室1/30,False,海工碩,MAEV572,1,不分班,"海洋流體力學
OCEAN FLUID MECHANICS",3,期,False,50,0,0,50,歐雅森,"四2,3,4(海ME 2002)","['', '', '', '234', '', '', '']",《講授類》,['南星產業樞紐學程'],True
https://selcrs.nsysu.edu.tw/menu5/showoutline.asp?SYEAR=114&SEM=2&CrsDat=MAEV576&Crsname=高等水工模型試驗,,,False,海工碩,MAEV576,1,不分班,"高等水工模型試驗
ADVANCED PHYSICAL MODELING IN HYDRAULIC AND OCEAN ENGINEERING",3,期,False,50,0,0,50,曾以帆,"二3,4,B(海ME 3005)","['', '34B', '', '', '', '', '']",《講授類》,[],False
https://selcrs.nsysu.edu.tw/menu5/showoutline.asp?SYEAR=114&SEM=2&CrsDat=MAEV593&Crsname=海域調查與量測,,,False,海工碩,MAEV593,1,不分班,"海域調查與量測
OFFSHORE SITE INVESTIGATION AND MEASUREMENT",3,期,False,50,2,0,50,曾以帆,"五3,4,B(海ME 2007)","['', '', '', '', '34B', '', '']",《講授類》,"['海事工程學程', '海洋永續發展產業科技微學程', '南星產業樞紐學程']",False
https://selcrs.nsysu.edu.tw/menu5/showoutline.asp?SYEAR=114&SEM=2&CrsDat=MAEV596&Crsname=海事工程風險分析及管理,,,False,海工碩,MAEV596,1,不分班,"海事工程風險分析及管理
RISK ANALYSIS AND MANAGEMENT FOR OFFSHORE ENGINEERING",3,期,False,50,1,0,50,柯宗廷,"五2,3,4(海ME 2001)","['', '', '', '', '234', '', '']",《講授類》,"['環境教育學程', '海事工程學程', '南星產業樞紐學程', '永續能源學程']",False
https://selcrs.nsysu.edu.tw/menu5/showoutline.asp?SYEAR=114&SEM=2&CrsDat=MAEV602&Crsname=海洋環境書報討論（四）,,,False,海工碩,MAEV602,2,不分班,"海洋環境書報討論（四）
SEMINAR IN MARINE ENVIRONMENT (IV)",2,期,False,50,4,0,50,張揚祺,"四6,7()","['', '', '', '67', '', '', '']",《演講/參訪》,[],False
https://selcrs.nsysu.edu.tw/menu5/showoutline.asp?SYEAR=114&SEM=2&CrsDat=MAEV628&Crsname=紊流學,,,False,海工碩,MAEV628,1,不分班,"紊流學
TURBULENCE",3,期,False,50,1,0,50,歐雅森,"二8,6,7(海ME 2002)","['', '678', '', '', '', '', '']",《講授類》,[],True
https://selcrs.nsysu.edu.tw/menu5/showoutline.asp?SYEAR=114&SEM=2&CrsDat=MAEV634&Crsname=波與孔隙物作用專研（二）,,,False,海工碩,MAEV634,2,不分班,"波與孔隙物作用專研（二）
IND. ST. IN WAVE-POROUS STRUCTURE INTERACTION (II)",2,期,False,50,0,0,50,許弘莒,"一A,1()","['A1', '', '', '', '', '', '']",《獨立研究》,[],False
https://selcrs.nsysu.edu.tw/menu5/showoutline.asp?SYEAR=114&SEM=2&CrsDat=MAEV661&Crsname=類神經網路,,,False,海工碩,MAEV661,1,不分班,"類神經網路
ARTIFICIAL NEURAL NETWORKS",3,期,False,50,5,0,50,鍾秉宸,"二5,6,7(海ME 3005)","['', '567', '', '', '', '', '']",《講授類》,[],True
https://selcrs.nsysu.edu.tw/menu5/showoutline.asp?SYEAR=114&SEM=2&CrsDat=MAEV663&Crsname=機器學習於海洋環境管理之應用,,,False,海工碩,MAEV663,1,不分班,"機器學習於海洋環境管理之應用
APPLIED MACHINE LEARNING FOR MARINE ENVIRONMENTAL MANAGEMENT",3,期,False,50,8,0,50,夏沛亞,"五2,3,4(海ME 2002)","['', '', '', '', '234', '', '']",《講授類》,['海洋永續發展產業科技微學程'],True
https://selcrs.nsysu.edu.tw/menu5/showoutline.asp?SYEAR=114&SEM=2&CrsDat=MAEV676&Crsname=環境系統分析專題研究,,,False,海工碩,MAEV676,2,不分班,"環境系統分析專題研究
INDEPENDENT STUDIES IN ENVIRONMENTAL SYSTEM ANALYSIS",2,期,False,50,0,0,50,張揚祺,"二A,1()","['', 'A1', '', '', '', '', '']",《獨立研究》,[],False
https://selcrs.nsysu.edu.tw/menu5/showoutline.asp?SYEAR=114&SEM=2&CrsDat=MAEV677&Crsname=海洋環境管理專題研究,,,False,海工碩,MAEV677,1,不分班,"海洋環境管理專題研究
INDEPENDENT STUDIES IN MARINE ENVIRONMENTAL MANAGEMENT",2,期,False,50,1,0,50,陸曉筠,"一A,1()","['A1', '', '', '', '', '', '']",《獨立研究》,['環境科技與管理學程'],False
https://selcrs.nsysu.edu.tw/menu5/showoutline.asp?SYEAR=114&SEM=2&CrsDat=MA501&Crsname=專題討論,,,False,海事碩,MA501,1,不分班,"專題討論
SEMINAR",1,期,True,50,1,4,46,劉子銘,"二3,4(海MA 2034)","['', '34', '', '', '', '', '']",《研討類》,[],False
https://selcrs.nsysu.edu.tw/menu5/showoutline.asp?SYEAR=114&SEM=2&CrsDat=MA505&Crsname=社會科學研究方法,,,False,海事碩,MA505,0,不分班,"社會科學研究方法
RESEARCH METHODS IN SOCIAL SCIENCE",3,期,False,50,0,0,50,蔡宏政,"二5,6,7(海MA 2034)","['', '567', '', '', '', '', '']",《講授類》,['環境教育學程'],False
https://selcrs.nsysu.edu.tw/menu5/showoutline.asp?SYEAR=114&SEM=2&CrsDat=MA506&Crsname=論文研究,,,False,海事碩,MA506,2,不分班,"論文研究
THESIS RESEARCH",2,期,True,50,0,5,45,"張懿,高世明","五A,1(各教師研究室)","['', '', '', '', 'A1', '', '']",《獨立研究》,[],False
https://selcrs.nsysu.edu.tw/menu5/showoutline.asp?SYEAR=114&SEM=2&CrsDat=MA583&Crsname=海洋法,,,False,海事碩,MA583,0,不分班,"海洋法
LAW OF THE SEA",3,期,False,50,1,0,50,高世明,"五D,E,F(海MA 2034)","['', '', '', '', 'DEF', '', '']",《講授類》,['環境教育學程'],True
https://selcrs.nsysu.edu.tw/menu5/showoutline.asp?SYEAR=114&SEM=2&CrsDat=MA584&Crsname=漁業政策,,,False,海事碩,MA584,0,不分班,"漁業政策
FISHERIES POLICY",3,期,False,50,0,0,50,高世明,"五2,3,4(海MA 2034)","['', '', '', '', '234', '', '']",《講授類》,[],False
https://selcrs.nsysu.edu.tw/menu5/showoutline.asp?SYEAR=114&SEM=2&CrsDat=MA585&Crsname=行政法,,,False,海事碩,MA585,0,不分班,"行政法
ADMINISTRATIVE LAW",3,期,False,50,1,0,50,黃明和,"五8,6,7(海MA 2034)","['', '', '', '', '678', '', '']",《講授類》,[],False
https://selcrs.nsysu.edu.tw/menu5/showoutline.asp?SYEAR=114&SEM=2&CrsDat=MA611&Crsname=水下文化遺產保存、保護與管理,,,False,海事碩,MA611,0,不分班,"水下文化遺產保存、保護與管理
PRESERVATION, PROTECTION AND MANAGEMENT OF UNDERWATER CULTURAL HERITAGE",3,期,False,50,0,0,50,吳培福,"四C,D,E(海MA 2034)","['', '', '', 'CDE', '', '', '']",《講授類》,[],False
https://selcrs.nsysu.edu.tw/menu5/showoutline.asp?SYEAR=114&SEM=2&CrsDat=MA615&Crsname=生態資料處理,,,False,海事碩,MA615,0,不分班,"生態資料處理
ECOLOGICAL DATA ANALYSIS",3,期,False,50,0,0,50,林裕䕒,"四2,3,4(海MA 2034)","['', '', '', '234', '', '', '']",《講授類》,[],False
https://selcrs.nsysu.edu.tw/menu5/showoutline.asp?SYEAR=114&SEM=2&CrsDat=MA626&Crsname=原住民傳統知識與海洋生物多樣性保育,,,False,海事碩,MA626,0,不分班,"原住民傳統知識與海洋生物多樣性保育
ISLANDER TRADITIONAL KNOWLEDGE AND MARINE BIODIVERSITY CONSERVATION",3,期,False,50,1,0,50,劉子銘,"二8,9,7(海MA 1020)","['', '789', '', '', '', '', '']",《講授類》,[],False
https://selcrs.nsysu.edu.tw/menu5/showoutline.asp?SYEAR=114&SEM=2&CrsDat=MA628&Crsname=海洋政策與資源之經濟分析,,,False,海事碩,MA628,0,不分班,"海洋政策與資源之經濟分析
ECONOMIC ANALYSIS FOR MARINE POLICY AND NATURAL RESOURCE",3,期,False,50,0,0,50,劉子銘,"二B,5,6(海MA 1020)","['', 'B56', '', '', '', '', '']",《講授類》,[],True
https://selcrs.nsysu.edu.tw/menu5/showoutline.asp?SYEAR=114&SEM=2&CrsDat=MA633&Crsname=整合性海洋與海岸管理（二）：實務面向,,,False,海事碩,MA633,0,不分班,"整合性海洋與海岸管理（二）：實務面向
INTEGRATED OCEAN AND COASTAL MANAGEMENT (Ⅱ): PRACTICAL DIMENSION",3,期,False,50,2,0,50,張懿,"四5,6,7(海MA 2034)","['', '', '', '567', '', '', '']",《講授類》,['看見臺灣海岸微學程'],True
https://selcrs.nsysu.edu.tw/menu5/showoutline.asp?SYEAR=114&SEM=2&CrsDat=MA635&Crsname=永續發展,,,False,海事碩,MA635,0,不分班,"永續發展
SUSTAINABLE DEVELOPMENT",3,期,False,50,0,0,50,蔡宏政,"三5,6,7(海MA 2034)","['', '', '567', '', '', '', '']",《講授類》,"['公共事務與企業社會責任微學程', '淨零轉型微學程', '淨零轉型與永續發展整合學程', '海洋永續發展產業科技微學程', '企業社會責任學程']",False
https://selcrs.nsysu.edu.tw/menu5/showoutline.asp?SYEAR=114&SEM=2&CrsDat=MA673&Crsname=環境變遷與調適專題研究（二）,,,False,海事碩,MA673,0,不分班,"環境變遷與調適專題研究（二）
INDEPENDENT STUDIES ON ENVIRONMENTAL CHANGE AND ADAPTATION(Ⅱ)",2,期,False,50,0,0,50,劉子銘,"三1,2()","['', '', '12', '', '', '', '']",《獨立研究》,[],False
https://selcrs.nsysu.edu.tw/menu5/showoutline.asp?SYEAR=114&SEM=2&CrsDat=MA675&Crsname=藍色經濟專題研究（二）,,,False,海事碩,MA675,0,不分班,"藍色經濟專題研究（二）
INDEPENDENT STUDIES ON BLUE ECONOMY(Ⅱ)",2,期,False,50,0,0,50,劉子銘,"三3,4()","['', '', '34', '', '', '', '']",《獨立研究》,[],False
https://selcrs.nsysu.edu.tw/menu5/showoutline.asp?SYEAR=114&SEM=2&CrsDat=DO509&Crsname=專題演講（二）,,,False,海科碩,DO509,0,不分班,"專題演講（二）
COLLOQUIUM (II)",1,期,False,50,2,0,50,張詠斌,三6(海MA 3040),"['', '', '6', '', '', '', '']",《演講/參訪》,[],False
https://selcrs.nsysu.edu.tw/menu5/showoutline.asp?SYEAR=114&SEM=2&CrsDat=DO511&Crsname=專題演講（四）,異動,確認教師1/13,False,海科碩,DO511,0,不分班,"專題演講（四）
COLLOQUIUM (IV)",1,期,False,50,2,0,50,張瑜峻,三7(海MA 3040),"['', '', '7', '', '', '', '']",《演講/參訪》,[],False
https://selcrs.nsysu.edu.tw/menu5/showoutline.asp?SYEAR=114&SEM=2&CrsDat=DO517&Crsname=海洋生態學,異動,更換授課方式1/29,False,海科碩,DO517,0,不分班,"海洋生態學
MARINE ECOLOGY",3,期,False,50,3,0,50,"塗子萱,托星豪","二8,6,7(海MA 3020)","['', '678', '', '', '', '', '']","《講授類》
與MEC510併班上課。","['環境教育學程', '海洋永續發展產業科技微學程', '環境科技與管理學程', '生物多樣性學程']",True
https://selcrs.nsysu.edu.tw/menu5/showoutline.asp?SYEAR=114&SEM=2&CrsDat=DO539&Crsname=海洋生物生理學,,,False,海科碩,DO539,0,不分班,"海洋生物生理學
PHYSIOLOGY OF MARINE ORGANISMS",3,期,False,50,1,0,50,王志騰,"三2,3,4(海MA 2022)","['', '', '234', '', '', '', '']","《講授類》
與DO315併班上課。","['海洋生物資源開發學程', '生物多樣性學程']",False
https://selcrs.nsysu.edu.tw/menu5/showoutline.asp?SYEAR=114&SEM=2&CrsDat=DO552&Crsname=海洋流體力學,,,False,海科碩,DO552,0,不分班,"海洋流體力學
OCEAN FLUID MECHANICS",2,期,False,50,0,0,50,曾若玄,"五3,4(海MA 2042)","['', '', '', '', '34', '', '']","《講授類》
與DO342併班上課。",[],False
https://selcrs.nsysu.edu.tw/menu5/showoutline.asp?SYEAR=114&SEM=2&CrsDat=DO572&Crsname=論文寫作（一）,,,False,海科碩,DO572,0,不分班,"論文寫作（一）
TECHNICAL WRITING（I）",1,期,False,50,1,0,50,雷漢杰,二3(海MA 2009),"['', '3', '', '', '', '', '']","《講授類》
適合海地化組研究生選修。",[],False
https://selcrs.nsysu.edu.tw/menu5/showoutline.asp?SYEAR=114&SEM=2&CrsDat=DO573&Crsname=高等海洋化學,,,False,海科碩,DO573,0,不分班,"高等海洋化學
ADVANCED MARINE CHEMISTRY",3,期,False,50,1,0,50,雷漢杰,"三2,3,4(海MA 3040)","['', '', '234', '', '', '', '']",《講授類》,[],False
https://selcrs.nsysu.edu.tw/menu5/showoutline.asp?SYEAR=114&SEM=2&CrsDat=DO602&Crsname=海岸地質學,異動,更換授課方式1/30,False,海科碩,DO602,0,不分班,"海岸地質學
COASTAL  GEOLOGY",3,期,False,50,2,0,50,"張瑜峻,林玉詩","四2,3,4(海MA 2042)","['', '', '', '234', '', '', '']",《講授類》,"['看見臺灣海岸微學程', '氣候變遷與調適學分學程']",True
https://selcrs.nsysu.edu.tw/menu5/showoutline.asp?SYEAR=114&SEM=2&CrsDat=DO613&Crsname=海水微量分析,,,False,海科碩,DO613,0,不分班,"海水微量分析
TRACE ANALYSIS OF SEAWATER",3,期,False,50,0,0,50,簡國童,"四8,6,7(海MA 2042)","['', '', '', '678', '', '', '']","《講授類》
與DO313併班上課。",['擁海學程'],False
https://selcrs.nsysu.edu.tw/menu5/showoutline.asp?SYEAR=114&SEM=2&CrsDat=DO627&Crsname=高等古海洋學,,,False,海科碩,DO627,0,不分班,"高等古海洋學
ADVANCED PALEOCEANOGRAPHY",3,期,False,50,3,0,50,張詠斌,"五8,6,7(海MA 2009)","['', '', '', '', '678', '', '']",《講授類》,['環境教育學程'],True
https://selcrs.nsysu.edu.tw/menu5/showoutline.asp?SYEAR=114&SEM=2&CrsDat=DO664&Crsname=野外實驗方法,,,False,海科碩,DO664,0,不分班,"野外實驗方法
FIELD EXPERIMENTAL APPROACHES",2,期,False,6,5,0,6,塗子萱,"四3,4(海MA 2022)","['', '', '', '34', '', '', '']","《講授類》
限有參與東沙環礁實地訓練者選修。寒假期間在東沙上課，受限機位、空間因素，限修人數為6人",[],False
https://selcrs.nsysu.edu.tw/menu5/showoutline.asp?SYEAR=114&SEM=2&CrsDat=DO666&Crsname=海洋地球化學,,,False,海科碩,DO666,0,不分班,"海洋地球化學
MARINE GEOCHEMISTRY",3,期,False,50,0,0,50,簡國童,"二8,6,7(海MA 2042)","['', '678', '', '', '', '', '']","《講授類》
與DO313併班上課。",['擁海學程'],False
https://selcrs.nsysu.edu.tw/menu5/showoutline.asp?SYEAR=114&SEM=2&CrsDat=DO668&Crsname=海洋生物專題研究（二）,,,True,海科碩,DO668,1,不分班,"海洋生物專題研究（二）
INDEPENDENT STUDIES IN MARINE BIOLOGY（II）",3,期,True,50,3,0,50,"塗子萱,廖德裕,托星豪,熊寶兒,王志騰,陳慶能","二C,D,E()","['', 'CDE', '', '', '', '', '']",《獨立研究》,[],False
https://selcrs.nsysu.edu.tw/menu5/showoutline.asp?SYEAR=114&SEM=2&CrsDat=DO674&Crsname=海洋地質及生地化學專題研究（四）,異動,增加合授教師1/13,False,海科碩,DO674,0,不分班,"海洋地質及生地化學專題研究（四）
INDEPENDENT STUDIES IN MARINE GEOLOGY AND BIOGEOCHEMISTRY (IV)",3,期,False,50,3,0,50,"張瑜峻,張詠斌,林慧玲,林玉詩,簡國童,雷漢杰,黃蔚人","五C,D,E()","['', '', '', '', 'CDE', '', '']",《獨立研究》,[],False
https://selcrs.nsysu.edu.tw/menu5/showoutline.asp?SYEAR=114&SEM=2&CrsDat=DO678&Crsname=物理海洋專題研究（四）,,,False,海科碩,DO678,0,不分班,"物理海洋專題研究（四）
INDEPENDENT STUDIES IN PHYSICAL OCEANOGRAPHY (IV)",3,期,False,50,2,0,50,"方盈智,李逸環","四C,D,E()","['', '', '', 'CDE', '', '', '']",《獨立研究》,[],False
https://selcrs.nsysu.edu.tw/menu5/showoutline.asp?SYEAR=114&SEM=2&CrsDat=DO685&Crsname=海洋生物專題討論（二）,,,True,海科碩,DO685,1,不分班,"海洋生物專題討論（二）
SEMINAR IN MARINE BIOLOGY (II)",1,期,True,50,1,0,50,托星豪,三6(海MA 2009),"['', '', '6', '', '', '', '']",《研討類》,[],True
https://selcrs.nsysu.edu.tw/menu5/showoutline.asp?SYEAR=114&SEM=2&CrsDat=DO687&Crsname=海洋生物專題討論（四）,,,False,海科碩,DO687,0,不分班,"海洋生物專題討論（四）
SEMINAR IN MARINE BIOLOGY (IV)",1,期,False,50,0,0,50,陳慶能,三7(海MA 2009),"['', '', '7', '', '', '', '']",《研討類》,[],True
https://selcrs.nsysu.edu.tw/menu5/showoutline.asp?SYEAR=114&SEM=2&CrsDat=DO690&Crsname=海洋化學與地質數據處理,,,False,海科碩,DO690,0,不分班,"海洋化學與地質數據處理
DATA PROCESSING IN MARINE CHEMISTRY AND GEOLOGY",2,期,False,50,1,0,50,黃蔚人,"一6,7(海MA 3040)","['67', '', '', '', '', '', '']","《講授類》
與DO327併班上課。","['看見臺灣海岸微學程', '擁海學程', '熱帶海洋微學程']",False
https://selcrs.nsysu.edu.tw/menu5/showoutline.asp?SYEAR=114&SEM=2&CrsDat=DO693&Crsname=物理海洋專題討論（二）,,,False,海科碩,DO693,0,不分班,"物理海洋專題討論（二）
SEMINAR IN PHYSICAL OCEANOGRAPHY (II)",1,期,False,50,2,0,50,方盈智,三6(),"['', '', '6', '', '', '', '']",《研討類》,[],False
https://selcrs.nsysu.edu.tw/menu5/showoutline.asp?SYEAR=114&SEM=2&CrsDat=DO695&Crsname=物理海洋專題討論（四）,,,False,海科碩,DO695,0,不分班,"物理海洋專題討論（四）
SEMINAR IN PHYSICAL OCEANOGRAPHY (IV)",1,期,False,50,1,0,50,李逸環,三7(),"['', '', '7', '', '', '', '']",《研討類》,[],False
https://selcrs.nsysu.edu.tw/menu5/showoutline.asp?SYEAR=114&SEM=2&CrsDat=DO697&Crsname=高等物理海洋學（二）,,,False,海科碩,DO697,0,不分班,"高等物理海洋學（二）
ADVANCED PHYSICAL OCEANOGRAPHY (II)",2,期,False,50,2,0,50,方盈智,"三3,4(海MA 2042)","['', '', '34', '', '', '', '']",《講授類》,[],False
https://selcrs.nsysu.edu.tw/menu5/showoutline.asp?SYEAR=114&SEM=2&CrsDat=DO701&Crsname=進階科學英文,,,False,海科碩,DO701,0,不分班,"進階科學英文
ADVANCED SCIENTIFIC ENGLISH",3,期,False,50,3,0,50,王敬湧,"四2,3,4(海MA 2009)","['', '', '', '234', '', '', '']","《講授類》
與DO405併班上課。",[],True
https://selcrs.nsysu.edu.tw/menu5/showoutline.asp?SYEAR=114&SEM=2&CrsDat=DO715&Crsname=海洋無脊椎生物學,,,False,海科碩,DO715,0,不分班,"海洋無脊椎生物學
MARINE INVERTEBRATE BIOLOGY",3,期,False,50,2,0,50,熊寶兒,"四5,6,7(海MA 2022)","['', '', '', '567', '', '', '']",《講授類》,[],True
https://selcrs.nsysu.edu.tw/menu5/showoutline.asp?SYEAR=114&SEM=2&CrsDat=DO721&Crsname=應用統計學（二）,,,False,海科碩,DO721,0,不分班,"應用統計學（二）
APPLIED STATISTICS (II)",2,期,False,50,0,0,50,托星豪,"一3,4(海MA 2034)","['34', '', '', '', '', '', '']","《講授類》
1. 選修「應用統計學(二)」課程需同時選修「應用統計學實習(二)」課程。 2. 與DO208併班上課。",[],False
https://selcrs.nsysu.edu.tw/menu5/showoutline.asp?SYEAR=114&SEM=2&CrsDat=DO722&Crsname=應用統計學實習（二）,,,False,海科碩,DO722,0,不分班,"應用統計學實習（二）
APPLIED STATISTICS PRACTICE (II)",1,期,False,50,0,0,50,吳淑娟,"一5,6,7(圖IL PC02)(實驗)","['567', '', '', '', '', '', '']","《實習類》
1. 選修「應用統計學(二)」課程需同時選修「應用統計學實習(二)」課程。 2. 與DO209併班上課。",[],False
https://selcrs.nsysu.edu.tw/menu5/showoutline.asp?SYEAR=114&SEM=2&CrsDat=DO724&Crsname=科學倫理導論,,,False,海科碩,DO724,0,不分班,"科學倫理導論
INTRODUCTION TO SCIENCE ETHICS",2,期,False,50,0,0,50,熊寶兒,"五6,7(海MA 2022)","['', '', '', '', '67', '', '']","《講授類》
與DO409併班上課。",[],True
https://selcrs.nsysu.edu.tw/menu5/showoutline.asp?SYEAR=114&SEM=2&CrsDat=UT505&Crsname=海上實習（二）,,,False,海下科技碩,UT505,0,不分班,"海上實習（二）
CRUISE PRACTICE (II)",1,期,False,50,7,0,50,謝孟璋,"五8,9(海MA 2052)(實驗)","['', '', '', '', '89', '', '']","《實習類》
本課程限海下科技研究所碩士班研究生及已取得海下科技研究所五學年學碩士資格之大學部學生選修。",[],False
https://selcrs.nsysu.edu.tw/menu5/showoutline.asp?SYEAR=114&SEM=2&CrsDat=UT527&Crsname=隨機訊號分析,,,False,海下科技碩,UT527,0,不分班,"隨機訊號分析
RANDOM SIGNAL ANALYSIS",3,期,False,50,1,0,50,魏瑞昌,"三5,6,7(海MA 2052)","['', '', '567', '', '', '', '']",《講授類》,[],False
https://selcrs.nsysu.edu.tw/menu5/showoutline.asp?SYEAR=114&SEM=2&CrsDat=UT531&Crsname=海下科技研討（二）,,,False,海下科技碩,UT531,1,不分班,"海下科技研討（二）
SEMINAR IN UNDERSEA TECHNOLOGY (II)",2,期,True,50,2,12,38,周佑誠,"五6,7(海MA 2052)","['', '', '', '', '67', '', '']",《研討類》,[],False
https://selcrs.nsysu.edu.tw/menu5/showoutline.asp?SYEAR=114&SEM=2&CrsDat=UT532&Crsname=工程機率與統計,,,False,海下科技碩,UT532,0,不分班,"工程機率與統計
PROBABILITY AND STATISTICS IN ENGINEERING",3,期,False,50,3,0,50,周佑誠,"四2,3,4(海MA 2052)","['', '', '', '234', '', '', '']",《講授類》,['南星產業樞紐學程'],True
https://selcrs.nsysu.edu.tw/menu5/showoutline.asp?SYEAR=114&SEM=2&CrsDat=UT535&Crsname=海下科技研討（四）,,,False,海下科技碩,UT535,0,不分班,"海下科技研討（四）
SEMINAR IN UNDERSEA TECHNOLOGY (IV)",2,期,False,50,3,0,50,魏瑞昌,"五6,7(海MA 1020)","['', '', '', '', '67', '', '']",《研討類》,[],False
https://selcrs.nsysu.edu.tw/menu5/showoutline.asp?SYEAR=114&SEM=2&CrsDat=UT539&Crsname=基礎水中聲學,,,False,海下科技碩,UT539,0,不分班,"基礎水中聲學
FUNDAMENTAL UNDERWATER ACOUSTICS",3,期,False,50,6,0,50,邱永盛,"四8,6,7(海MA 2052)","['', '', '', '678', '', '', '']",《講授類》,"['無人載具學程', '海洋永續發展產業科技微學程']",True
https://selcrs.nsysu.edu.tw/menu5/showoutline.asp?SYEAR=114&SEM=2&CrsDat=UT540&Crsname=水下載具導論,,,False,海下科技碩,UT540,0,不分班,"水下載具導論
INTRODUCTION TO UNDERWATER VEHICLES",3,期,False,50,10,0,50,陳信宏,"三2,3,4(海MA 2052)","['', '', '234', '', '', '', '']",《講授類》,[],False
https://selcrs.nsysu.edu.tw/menu5/showoutline.asp?SYEAR=114&SEM=2&CrsDat=UT541&Crsname=電子電路與控制,,,False,海下科技碩,UT541,0,不分班,"電子電路與控制
ELECTRONICS AND CONTROLS",3,期,False,50,6,0,50,謝孟璋,"五2,3,4(海MA 2052)","['', '', '', '', '234', '', '']",《講授類》,['海事工程學程'],True
https://selcrs.nsysu.edu.tw/menu5/showoutline.asp?SYEAR=114&SEM=2&CrsDat=UT634&Crsname=水中聲學專題研究（二）,,,False,海下科技碩,UT634,0,不分班,"水中聲學專題研究（二）
INDEPENDENT STUDIES IN UNDERWATER ACOUSTICS (II)",2,期,False,50,2,0,50,"周佑誠,王兆璋,謝孟璋,邱永盛,陳信宏,魏瑞昌","一3,4(海MA 2052)","['34', '', '', '', '', '', '']",《獨立研究》,[],False
https://selcrs.nsysu.edu.tw/menu5/showoutline.asp?SYEAR=114&SEM=2&CrsDat=UT635&Crsname=水下機電專題研究（二）,,,False,海下科技碩,UT635,0,不分班,"水下機電專題研究（二）
INDEPENDENT STUDIES IN UNDERWATER MECHATRONICS (II)",2,期,False,50,4,0,50,"周佑誠,王兆璋,謝孟璋,邱永盛,陳信宏,魏瑞昌","一1,2(海MA 2052)","['12', '', '', '', '', '', '']",《獨立研究》,[],False
https://selcrs.nsysu.edu.tw/menu5/showoutline.asp?SYEAR=114&SEM=2&CrsDat=MEC502&Crsname=海洋生態與保育專題討論（二）,,,False,海生保育碩,MEC502,1,不分班,"海洋生態與保育專題討論（二）
SEMINAR IN MARINE ECOLOGY AND CONSERVATION（II）",1,期,True,50,0,5,45,林裕䕒,三5(海MA 2022),"['', '', '5', '', '', '', '']",《研討類》,[],True
https://selcrs.nsysu.edu.tw/menu5/showoutline.asp?SYEAR=114&SEM=2&CrsDat=MEC504&Crsname=海洋生態與保育專題研究（二）,,,False,海生保育碩,MEC504,2,不分班,"海洋生態與保育專題研究（二）
INDEPENDENT STUDIES IN MARINE ECOLOGY AND CONSERVATION（II）",3,期,True,50,0,4,46,"張揚祺,張桂祥,徐華遜,林裕䕒,王右仁,陳孟仙",三A() 四A() 五A(),"['', '', 'A', 'A', 'A', '', '']",《獨立研究》,[],True
https://selcrs.nsysu.edu.tw/menu5/showoutline.asp?SYEAR=114&SEM=2&CrsDat=MEC509&Crsname=海洋生態與保育專題討論（四）,,,False,海生保育碩,MEC509,2,不分班,"海洋生態與保育專題討論（四）
SEMINAR IN MARINE ECOLOGY AND CONSERVATION（IV）",1,期,False,50,0,0,50,林裕䕒,三6(海MA 2022),"['', '', '6', '', '', '', '']",《研討類》,[],True
https://selcrs.nsysu.edu.tw/menu5/showoutline.asp?SYEAR=114&SEM=2&CrsDat=MEC510&Crsname=海洋生態學,異動,更換授課方式1/30,False,海生保育碩,MEC510,1,不分班,"海洋生態學
MARINE ECOLOGY",3,期,True,50,0,4,46,"塗子萱,托星豪","二8,6,7(海MA 3020)","['', '678', '', '', '', '', '']",《講授類》,[],True
https://selcrs.nsysu.edu.tw/menu5/showoutline.asp?SYEAR=114&SEM=2&CrsDat=MEC512&Crsname=生物多樣性與保育,,,False,海生保育碩,MEC512,1,不分班,"生物多樣性與保育
BIODIVERSITY AND CONSERVATION",2,期,True,50,1,2,48,江友中,"二8,7(理BI 6005)","['', '78', '', '', '', '', '']",《講授類》,[],False
https://selcrs.nsysu.edu.tw/menu5/showoutline.asp?SYEAR=114&SEM=2&CrsDat=MEC521&Crsname=水產資源概論,,,False,海生保育碩,MEC521,0,不分班,"水產資源概論
INTRODUCTION TO FISHERIES RESOURCES",2,期,False,30,3,0,30,林裕䕒,"五3,4(海MA 2003)","['', '', '', '', '34', '', '']",《講授類》,['印象海味微學程'],False
https://selcrs.nsysu.edu.tw/menu5/showoutline.asp?SYEAR=114&SEM=2&CrsDat=OWP503&Crsname=離岸風電書報討論（二）,,,False,離岸風電碩,OWP503,1,不分班,"離岸風電書報討論（二）
SEMINAR IN OFFSHORE WIND POWER (Ⅱ)",2,期,False,50,0,0,50,曾以帆,"四6,7(海ME 3002)","['', '', '', '67', '', '', '']",《演講/參訪》,[],False
https://selcrs.nsysu.edu.tw/menu5/showoutline.asp?SYEAR=114&SEM=2&CrsDat=OWP505&Crsname=離岸風電書報討論（四）,,,False,離岸風電碩,OWP505,2,不分班,"離岸風電書報討論（四）
SEMINAR IN OFFSHORE WIND POWER (Ⅳ)",2,期,False,50,0,0,50,張揚祺,"四6,7(海ME 3002)","['', '', '', '67', '', '', '']",《演講/參訪》,[],False
https://selcrs.nsysu.edu.tw/menu5/showoutline.asp?SYEAR=114&SEM=2&CrsDat=OWP509&Crsname=海事工程風險分析及管理,,,False,離岸風電碩,OWP509,1,不分班,"海事工程風險分析及管理
RISK ANALYSIS AND MANAGEMENT FOR OFFSHORE ENGINEERING",3,期,False,50,0,0,50,柯宗廷,"五2,3,4(海ME 2001)","['', '', '', '', '234', '', '']",《講授類》,"['環境教育學程', '海事工程學程', '南星產業樞紐學程', '永續能源學程']",False
https://selcrs.nsysu.edu.tw/menu5/showoutline.asp?SYEAR=114&SEM=2&CrsDat=OWP516&Crsname=離岸風電運維實務,,,False,離岸風電碩,OWP516,1,不分班,"離岸風電運維實務
OPERATION AND MAINTENANCE OF OFFSHORE WIND FARMS",3,期,False,50,7,0,50,王右仁,"四3,4,B(海ME 2001)","['', '', '', '34B', '', '', '']",《講授類》,"['淨零轉型微學程', '淨零轉型與永續發展整合學程', '海事工程學程']",False
https://selcrs.nsysu.edu.tw/menu5/showoutline.asp?SYEAR=114&SEM=2&CrsDat=IPS503&Crsname=社會科學的哲學,,,True,政治碩,IPS503,1,不分班,"社會科學的哲學
PHILOSOPHY OF SOCIAL SCIENCE",3,期,True,50,0,0,50,林婉萍,"五5,6,7(社SS 3008)","['', '', '', '', '567', '', '']","《講授類》
限政治所碩士生修習",[],False
https://selcrs.nsysu.edu.tw/menu5/showoutline.asp?SYEAR=114&SEM=2&CrsDat=IPS510&Crsname=探索式資料分析,,,False,政治碩,IPS510,0,不分班,"探索式資料分析
EXPLORATORY DATA ANALYSIS",3,期,False,20,3,0,20,劉正山,"四5,6,7(社SS 3010-2)","['', '', '', '567', '', '', '']","《講授類》
限修習過至少一門R相關課程之學生選修",['政經大數據分析微學程'],False
https://selcrs.nsysu.edu.tw/menu5/showoutline.asp?SYEAR=114&SEM=2&CrsDat=IPS517&Crsname=國際政治思想,新增,1/5,False,政治碩,IPS517,0,不分班,"國際政治思想
INTERNATIONAL POLITICAL THOUGHT",3,期,False,20,0,0,20,楊尚儒,"二5,6,7(社SS 3010-1)","['', '567', '', '', '', '', '']",《研討類》,[],False
https://selcrs.nsysu.edu.tw/menu5/showoutline.asp?SYEAR=114&SEM=2&CrsDat=IPS519&Crsname=實用主義的議題與實踐,,,False,政治碩,IPS519,0,不分班,"實用主義的議題與實踐
PRAGMATISM: ISSUES AND PRACTICES",3,期,False,15,0,0,15,劉正山,"五5,6,7(社SS 3010-1)","['', '', '', '', '567', '', '']",《講授類》,[],False
https://selcrs.nsysu.edu.tw/menu5/showoutline.asp?SYEAR=114&SEM=2&CrsDat=IPS558&Crsname=比較政治,,,True,政治碩,IPS558,1,不分班,"比較政治
COMPARATIVE POLITICS",3,期,True,40,12,0,40,張晉赫,"三5,6,7(社SS 3010-2)","['', '', '567', '', '', '', '']",《講授類》,[],True
https://selcrs.nsysu.edu.tw/menu5/showoutline.asp?SYEAR=114&SEM=2&CrsDat=IPS560&Crsname=比較威權,,,False,政治碩,IPS560,0,不分班,"比較威權
COMPARATIVE AUTHORITARIANISM",3,期,False,40,7,0,40,黃韋豪,"二2,3,4(社SS 3010-2)","['', '234', '', '', '', '', '']",《講授類》,[],False
https://selcrs.nsysu.edu.tw/menu5/showoutline.asp?SYEAR=114&SEM=2&CrsDat=IPS562&Crsname=中國政治經濟發展,,,False,政治碩,IPS562,0,不分班,"中國政治經濟發展
POLITICAL AND ECONOMIC DEVELOPMENT IN CHINA",3,期,False,10,4,0,10,陳若蘭,"二5,6,7(社SS 1006)","['', '567', '', '', '', '', '']",《講授類》,[],False
https://selcrs.nsysu.edu.tw/menu5/showoutline.asp?SYEAR=114&SEM=2&CrsDat=IPS603&Crsname=專題研究（二）,,,False,政治碩,IPS603,0,不分班,"專題研究（二）
INDEPENDENT STUDIES(II)",3,期,False,50,1,0,50,陳宗巖,"五2,3,4()","['', '', '', '', '234', '', '']","《獨立研究》
限政治所博碩士生經所屬指導教授同意後選修",[],False
https://selcrs.nsysu.edu.tw/menu5/showoutline.asp?SYEAR=114&SEM=2&CrsDat=IPS603A&Crsname=專題研究（二）,,,False,政治碩,IPS603A,0,不分班,"專題研究（二）
INDEPENDENT STUDIES(II)",3,期,False,50,1,0,50,張晉赫,"五2,3,4()","['', '', '', '', '234', '', '']","《獨立研究》
限政治所博碩士生經所屬指導教授同意後選修",[],False
https://selcrs.nsysu.edu.tw/menu5/showoutline.asp?SYEAR=114&SEM=2&CrsDat=IPS603B&Crsname=專題研究（二）,,,False,政治碩,IPS603B,0,不分班,"專題研究（二）
INDEPENDENT STUDIES(II)",3,期,False,50,0,0,50,黃韋豪,"五2,3,4()","['', '', '', '', '234', '', '']","《獨立研究》
限政治所博碩士生經所屬指導教授同意後選修",[],False
https://selcrs.nsysu.edu.tw/menu5/showoutline.asp?SYEAR=114&SEM=2&CrsDat=IPS630&Crsname=國際政治經濟學,,,False,政治碩,IPS630,1,不分班,"國際政治經濟學
INTERNATIONAL POLITICAL ECONOMY",3,期,False,40,2,0,40,陳宗巖,"一2,3,4(社SS 3010-2)","['234', '', '', '', '', '', '']",《講授類》,[],False
https://selcrs.nsysu.edu.tw/menu5/showoutline.asp?SYEAR=114&SEM=2&CrsDat=IPS635&Crsname=國際安全,,,False,政治碩,IPS635,0,不分班,"國際安全
INTERNATIONAL SECURITY",3,期,False,40,3,0,40,黃韋豪,"四2,3,4(社SS  3010-2)","['', '', '', '234', '', '', '']",《講授類》,[],False
https://selcrs.nsysu.edu.tw/menu5/showoutline.asp?SYEAR=114&SEM=2&CrsDat=IPS643&Crsname=後實證國際關係理論研究,異動,更換時間1/21,False,政治碩,IPS643,0,不分班,"後實證國際關係理論研究
POST-POSITIVIST INTERNATIONAL RELATIONS THORIES",3,期,False,20,2,0,20,林婉萍,"一5,6,7(社SS 3008)","['567', '', '', '', '', '', '']",《講授類》,[],True
https://selcrs.nsysu.edu.tw/menu5/showoutline.asp?SYEAR=114&SEM=2&CrsDat=ECON511&Crsname=計量經濟學（二）,,,False,經濟碩,ECON511,1,不分班,"計量經濟學（二）
ECONOMETRICS (II)",3,期,True,50,0,16,34,陳孟瑋,"五2,3,4(社SS 2003-2)","['', '', '', '', '234', '', '']",《講授類》,"['金融科技學程', '金融工程學程']",True
https://selcrs.nsysu.edu.tw/menu5/showoutline.asp?SYEAR=114&SEM=2&CrsDat=ECON512&Crsname=個體經濟學（二）,,,False,經濟碩,ECON512,1,不分班,"個體經濟學（二）
MICROECONOMICS(II)",3,期,True,50,0,9,41,許嘉麟,"一8,6,7(社SS 2003-2)","['678', '', '', '', '', '', '']",《講授類》,['金融工程學程'],True
https://selcrs.nsysu.edu.tw/menu5/showoutline.asp?SYEAR=114&SEM=2&CrsDat=ECON513&Crsname=總體經濟學（二）,異動,更換時間1/27,False,經濟碩,ECON513,1,不分班,"總體經濟學（二）
MACROECONOMICS (II)",3,期,True,50,0,18,32,陳冠任,"二2,3,4(社SS 3002-1)","['', '234', '', '', '', '', '']",《講授類》,['金融工程學程'],True
https://selcrs.nsysu.edu.tw/menu5/showoutline.asp?SYEAR=114&SEM=2&CrsDat=ECON515&Crsname=機制設計,,,False,經濟碩,ECON515,1,不分班,"機制設計
MECHANISM DESIGN",3,期,True,50,1,25,25,許嘉麟,"四2,3,4(社SS 3002-1)","['', '', '', '234', '', '', '']",《講授類》,[],True
https://selcrs.nsysu.edu.tw/menu5/showoutline.asp?SYEAR=114&SEM=2&CrsDat=ECON530&Crsname=國際貿易理論,,,False,經濟碩,ECON530,1,不分班,"國際貿易理論
THEORY OF INTERNATIONAL TRADE",3,期,False,50,2,0,50,吳世傑,"三2,3,4(社SS 3002-1)","['', '', '234', '', '', '', '']",《講授類》,[],False
https://selcrs.nsysu.edu.tw/menu5/showoutline.asp?SYEAR=114&SEM=2&CrsDat=ECON534&Crsname=實證經濟研究法,,,False,經濟碩,ECON534,0,不分班,"實證經濟研究法
METHODOLOGY OF EMPIRICAL ECONOMIC STUDIES",3,期,False,50,5,0,50,鄭子長,"三5,6,7(社SS 2003-2)","['', '', '567', '', '', '', '']",《講授類》,[],True
https://selcrs.nsysu.edu.tw/menu5/showoutline.asp?SYEAR=114&SEM=2&CrsDat=ECON540&Crsname=產業經濟理論,,,False,經濟碩,ECON540,0,不分班,"產業經濟理論
THEORY OF INDUSTRIAL ECONOMICS",1,期,False,50,4,0,50,鄭宜玲,一9(社SS 2003-2),"['9', '', '', '', '', '', '']",《講授類》,[],True
https://selcrs.nsysu.edu.tw/menu5/showoutline.asp?SYEAR=114&SEM=2&CrsDat=ECON543&Crsname=公共選擇,,,False,經濟碩,ECON543,1,不分班,"公共選擇
PUBLIC CHOICE",3,期,False,50,2,0,50,童永年,"三5,6,7(社SS 3002-1)","['', '', '567', '', '', '', '']",《講授類》,[],True
https://selcrs.nsysu.edu.tw/menu5/showoutline.asp?SYEAR=114&SEM=2&CrsDat=ECON654&Crsname=實證公司理財,,,False,經濟碩,ECON654,0,不分班,"實證公司理財
EMPIRICAL CORPORATE FINANCE",3,期,False,50,10,0,50,鄭子長,"四8,6,7(社SS 3002-1)","['', '', '', '678', '', '', '']",《講授類》,[],True
https://selcrs.nsysu.edu.tw/menu5/showoutline.asp?SYEAR=114&SEM=2&CrsDat=ECON686&Crsname=國際經濟學,,,False,經濟碩,ECON686,1,不分班,"國際經濟學
INTERNATIONAL ECONOMICS",1,期,False,50,10,0,50,賴景昌,五6(社SS 3002-1),"['', '', '', '', '6', '', '']",《講授類》,[],False
https://selcrs.nsysu.edu.tw/menu5/showoutline.asp?SYEAR=114&SEM=2&CrsDat=ECON692&Crsname=專題研究（二）,,,False,經濟碩,ECON692,2,不分班,"專題研究（二）
INDEPENDENT STUDIES （II）",3,期,False,50,1,0,50,鄭子長,"三2,3,4(社SS 2003-2)","['', '', '234', '', '', '', '']",《獨立研究》,[],False
https://selcrs.nsysu.edu.tw/menu5/showoutline.asp?SYEAR=114&SEM=2&CrsDat=ECON692A&Crsname=專題研究（二）,,,False,經濟碩,ECON692A,2,不分班,"專題研究（二）
INDEPENDENT STUDIES （II）",3,期,False,50,0,0,50,陳孟瑋,"二2,3,4(社SS 1014)","['', '234', '', '', '', '', '']",《獨立研究》,[],False
https://selcrs.nsysu.edu.tw/menu5/showoutline.asp?SYEAR=114&SEM=2&CrsDat=ECON692B&Crsname=專題研究（二）,,,False,經濟碩,ECON692B,2,不分班,"專題研究（二）
INDEPENDENT STUDIES （II）",3,期,False,50,0,0,50,陳冠任,"四8,6,7(社SS 2003-2)","['', '', '', '678', '', '', '']",《獨立研究》,[],False
https://selcrs.nsysu.edu.tw/menu5/showoutline.asp?SYEAR=114&SEM=2&CrsDat=ECON692C&Crsname=專題研究（二）,,,False,經濟碩,ECON692C,2,不分班,"專題研究（二）
INDEPENDENT STUDIES （II）",3,期,False,50,1,0,50,許嘉麟,"五8,6,7(社SS 1014)","['', '', '', '', '678', '', '']",《獨立研究》,[],False
https://selcrs.nsysu.edu.tw/menu5/showoutline.asp?SYEAR=114&SEM=2&CrsDat=ECON692D&Crsname=專題研究（二）,,,False,經濟碩,ECON692D,2,不分班,"專題研究（二）
INDEPENDENT STUDIES （II）",3,期,False,50,1,0,50,童永年,"四2,3,4(社SS 1014)","['', '', '', '234', '', '', '']",《獨立研究》,[],False
https://selcrs.nsysu.edu.tw/menu5/showoutline.asp?SYEAR=114&SEM=2&CrsDat=ECON692E&Crsname=專題研究（二）,,,False,經濟碩,ECON692E,2,不分班,"專題研究（二）
INDEPENDENT STUDIES （II）",3,期,False,50,0,0,50,鄭宜玲,"三5,6,7(社SS 1014)","['', '', '567', '', '', '', '']",《獨立研究》,[],False
https://selcrs.nsysu.edu.tw/menu5/showoutline.asp?SYEAR=114&SEM=2&CrsDat=ECON692F&Crsname=專題研究（二）,,,False,經濟碩,ECON692F,2,不分班,"專題研究（二）
INDEPENDENT STUDIES （II）",3,期,False,50,1,0,50,李慶男,"五2,3,4(社SS 3002-1)","['', '', '', '', '234', '', '']",《獨立研究》,[],False
https://selcrs.nsysu.edu.tw/menu5/showoutline.asp?SYEAR=114&SEM=2&CrsDat=ECON698&Crsname=書報討論（二）,,,False,經濟碩,ECON698,1,不分班,"書報討論（二）
SEMINAR IN ECONOMICS (2)",1,期,False,50,13,0,50,童永年,二6(社SS 3002-1),"['', '6', '', '', '', '', '']",《演講/參訪》,[],False
https://selcrs.nsysu.edu.tw/menu5/showoutline.asp?SYEAR=114&SEM=2&CrsDat=IOE509&Crsname=教育研究法,,,False,教育碩,IOE509,1,不分班,"教育研究法
EDUCATIONAL RESEARCH METHODS",3,期,True,30,0,12,18,"鄭雯,陳利銘","二8,6,7(社SS 2005)","['', '678', '', '', '', '', '']",《講授類》,[],False
https://selcrs.nsysu.edu.tw/menu5/showoutline.asp?SYEAR=114&SEM=2&CrsDat=IOE529&Crsname=教育測驗與評量研究,,,False,教育碩,IOE529,0,不分班,"教育測驗與評量研究
STUDIES IN EDUCATIONAL TESTING AND MEASUREMENT",3,期,False,30,1,0,30,施慶麟,"三2,3,4(社SS 2004-3)","['', '', '234', '', '', '', '']",《講授類》,[],False
https://selcrs.nsysu.edu.tw/menu5/showoutline.asp?SYEAR=114&SEM=2&CrsDat=IOE530&Crsname=課程理論研究,異動,更換教室1/7,False,教育碩,IOE530,0,不分班,"課程理論研究
STUDIES IN CURRICULUM THEORIES",3,期,False,30,1,0,30,周珮儀,"一8,6,7(社SS 2005)","['678', '', '', '', '', '', '']",《講授類》,[],False
https://selcrs.nsysu.edu.tw/menu5/showoutline.asp?SYEAR=114&SEM=2&CrsDat=IOE557&Crsname=專題研討（二）,,,False,教育碩,IOE557,1,不分班,"專題研討（二）
SEMINAR IN EDUCATIONAL RESEARCH",1,期,True,30,0,12,18,謝百淇,三7(社SS 2001),"['', '', '7', '', '', '', '']",《研討類》,[],False
https://selcrs.nsysu.edu.tw/menu5/showoutline.asp?SYEAR=114&SEM=2&CrsDat=IOE558&Crsname=全球教育研究,,,False,教育碩,IOE558,0,不分班,"全球教育研究
STUDIES IN GLOBAL EDUCATION",3,期,False,30,4,0,30,周珮儀,"一2,3,4(社SS 2002-1)","['234', '', '', '', '', '', '']",《講授類》,['全球研究學分學程'],False
https://selcrs.nsysu.edu.tw/menu5/showoutline.asp?SYEAR=114&SEM=2&CrsDat=IOE581&Crsname=教學心理學研究,,,False,教育碩,IOE581,0,不分班,"教學心理學研究
THE STUDY OF PSYCHOLOGY FOR TEACHING",3,期,False,30,2,0,30,楊淑晴,"三B,5,6(社SS 2002-1)","['', '', 'B56', '', '', '', '']",《研討類》,[],False
https://selcrs.nsysu.edu.tw/menu5/showoutline.asp?SYEAR=114&SEM=2&CrsDat=IOE596&Crsname=教師專業發展研究,,,False,教育碩,IOE596,0,不分班,"教師專業發展研究
STUDIES IN FACULTY PROFESSION IN HIGHER EDUCATION",3,期,False,30,0,0,30,林靜慧,"三B,5,6(社SS 2005)","['', '', 'B56', '', '', '', '']",《講授類》,[],True
https://selcrs.nsysu.edu.tw/menu5/showoutline.asp?SYEAR=114&SEM=2&CrsDat=IOE600&Crsname=全球教育領導,,,False,教育碩,IOE600,0,不分班,"全球教育領導
LEADERSHIP IN GLOBAL EDUCATION",3,期,False,30,0,0,30,艾玲,"一8,6,7(社SS 2006)","['678', '', '', '', '', '', '']",《講授類》,[],True
https://selcrs.nsysu.edu.tw/menu5/showoutline.asp?SYEAR=114&SEM=2&CrsDat=IOE605&Crsname=教育專題研究（二）,,,False,教育碩,IOE605,2,不分班,"教育專題研究（二）
INDEPENDENT STUDIES IN EDUCATION (II)",1,期,True,30,1,12,18,施慶麟,六1(),"['', '', '', '', '', '1', '']",《獨立研究》,[],False
https://selcrs.nsysu.edu.tw/menu5/showoutline.asp?SYEAR=114&SEM=2&CrsDat=IOE607&Crsname=多變量分析,,,False,教育碩,IOE607,0,不分班,"多變量分析
MULTIVARIATE ANALYSIS",3,期,False,30,1,0,30,艾玲,"一2,3,4(社SS 3006 )","['234', '', '', '', '', '', '']",《講授類》,['政經大數據分析微學程'],True
https://selcrs.nsysu.edu.tw/menu5/showoutline.asp?SYEAR=114&SEM=2&CrsDat=IOE612&Crsname=STEM教育研究,,,False,教育碩,IOE612,0,不分班,"STEM教育研究
RESEARCH ON STEM EDUCATION",3,期,False,30,1,0,30,謝百淇,"四2,3,4(社SS 2005)","['', '', '', '234', '', '', '']",《講授類》,"['STREAM永續發展培力微學程', '原民文化探索及永續發展學程']",True
https://selcrs.nsysu.edu.tw/menu5/showoutline.asp?SYEAR=114&SEM=2&CrsDat=IOE623&Crsname=研究方法,,,False,教育碩,IOE623,1,不分班,"研究方法
RESEARCH METHODS",3,期,True,20,0,6,14,馮雅群,"三2,3,4(社SS 2002-1)","['', '', '234', '', '', '', '']",《講授類》,[],True
https://selcrs.nsysu.edu.tw/menu5/showoutline.asp?SYEAR=114&SEM=2&CrsDat=IOE624&Crsname=STREAM探究與實作,,,False,教育碩,IOE624,0,不分班,"STREAM探究與實作
INQUIRY AND PRACTICE ON STREAM",3,期,False,30,0,0,30,楊淑晴,"五B,5,6(社SS 2002-2)","['', '', '', '', 'B56', '', '']",《講授類》,['STREAM永續發展培力微學程'],False
https://selcrs.nsysu.edu.tw/menu5/showoutline.asp?SYEAR=114&SEM=2&CrsDat=IOE627&Crsname=對外英語教學,,,False,教育碩,IOE627,0,不分班,"對外英語教學
TEACHING ENGLISH TO SPEAKERS OF OTHER LANGUAGES (TESOL)",3,期,False,30,0,0,30,紀博善,"三B,5,6(社SS 2002-2)","['', '', 'B56', '', '', '', '']",《講授類》,[],True
https://selcrs.nsysu.edu.tw/menu5/showoutline.asp?SYEAR=114&SEM=2&CrsDat=IOE628&Crsname=質性資料分析,,,False,教育碩,IOE628,0,不分班,"質性資料分析
ANALYSIS IN QUALITATIVE RESEARCH",3,期,False,30,1,0,30,紀博善,"二8,6,7(社SS 2002-2)","['', '678', '', '', '', '', '']",《講授類》,[],True
https://selcrs.nsysu.edu.tw/menu5/showoutline.asp?SYEAR=114&SEM=2&CrsDat=IOE632&Crsname=科技融入學習環境研究,,,False,教育碩,IOE632,0,不分班,"科技融入學習環境研究
CURRENT ISSUES IN TECHNOLOGY ENHANCED LEARNING ENVIRONMENTS",3,期,False,30,2,0,30,陳菁徽,"四2,3,4(社SS 2002-1)","['', '', '', '234', '', '', '']",《講授類》,[],True
https://selcrs.nsysu.edu.tw/menu5/showoutline.asp?SYEAR=114&SEM=2&CrsDat=IOE635&Crsname=社會創新與教育創業,,,False,教育碩,IOE635,0,不分班,"社會創新與教育創業
SOCIAL INNOVATION AND EDUCATIONAL ENTREPRENEURSHIP",3,期,False,30,6,0,30,游銘仁,"五8,6,7(西SW 1004)","['', '', '', '', '678', '', '']",《講授類》,['社會情緒學習與內在永續發展微學程'],False
https://selcrs.nsysu.edu.tw/menu5/showoutline.asp?SYEAR=114&SEM=2&CrsDat=IOE643&Crsname=青少年心理與輔導研究,,,False,教育碩,IOE643,0,不分班,"青少年心理與輔導研究
RESEARCH ON ADOLESCENT PSYCHOLOGY AND GUIDANCE",3,期,False,8,1,0,8,宋呈澔,"三2,3,4(社SS 2002-2)","['', '', '234', '', '', '', '']",《講授類》,['社會情緒學習與內在永續發展微學程'],True
https://selcrs.nsysu.edu.tw/menu5/showoutline.asp?SYEAR=114&SEM=2&CrsDat=IOE645&Crsname=數位媒體素養與教育研究,,,False,教育碩,IOE645,0,不分班,"數位媒體素養與教育研究
STUDIES IN DIGITAL LITERACIES IN EDUCATION",3,期,False,30,1,0,30,張宇慧,"一8,9,7(社SS 3006)","['789', '', '', '', '', '', '']",《講授類》,['社會情緒學習與內在永續發展微學程'],True
https://selcrs.nsysu.edu.tw/menu5/showoutline.asp?SYEAR=114&SEM=2&CrsDat=IOE649&Crsname=弱勢年輕成人,,,False,教育碩,IOE649,0,不分班,"弱勢年輕成人
MARGINALIZATION IN EMERGING AND YOUNG ADULTHOOD",3,期,False,30,5,0,30,陳威霖,"四8,9,7(社SS 2002-2)","['', '', '', '789', '', '', '']",《講授類》,[],True
https://selcrs.nsysu.edu.tw/menu5/showoutline.asp?SYEAR=114&SEM=2&CrsDat=IOE651&Crsname=跨領域對話教育研究,,,False,教育碩,IOE651,0,不分班,"跨領域對話教育研究
RESEARCH ON INTERDISCIPLINARY DIALOGIC EDUCATION",3,期,False,30,2,0,30,張至慶,"五2,3,4(社SS 2002-1)","['', '', '', '', '234', '', '']",《講授類》,['社會情緒學習與內在永續發展微學程'],True
https://selcrs.nsysu.edu.tw/menu5/showoutline.asp?SYEAR=114&SEM=2&CrsDat=CAPS545&Crsname=社會法,,,True,亞太碩,CAPS545,1,不分班,"社會法
SOCIAL WELFARE ACTS",3,期,True,50,1,0,50,張道義,"五2,3,4(社SS 2009-1)","['', '', '', '', '234', '', '']",《講授類》,[],False
https://selcrs.nsysu.edu.tw/menu5/showoutline.asp?SYEAR=114&SEM=2&CrsDat=CAPS561&Crsname=國家安全與危機處理,,,False,亞太碩,CAPS561,2,不分班,"國家安全與危機處理
NATIONAL SECURITY AND CRISIS MANAGEMENT",3,期,False,50,10,0,50,林文程,"五C,D,E(社SS 2011)","['', '', '', '', 'CDE', '', '']",《講授類》,['全民國防微學程'],False
https://selcrs.nsysu.edu.tw/menu5/showoutline.asp?SYEAR=114&SEM=2&CrsDat=CAPS568&Crsname=日本政府與政治,,,True,亞太碩,CAPS568,1,不分班,"日本政府與政治
JAPANESE POLITICS",3,期,True,50,6,0,50,郭育仁,"二8,6,7(社SS 2011)","['', '678', '', '', '', '', '']",《講授類》,['日本研究學程'],False
https://selcrs.nsysu.edu.tw/menu5/showoutline.asp?SYEAR=114&SEM=2&CrsDat=CAPS574&Crsname=亞太區域經濟,,,True,亞太碩,CAPS574,1,不分班,"亞太區域經濟
ASIA PACIFIC ECONOMIES",3,期,True,50,8,0,50,林雅淇,"三5,6,7(社SS 2011)","['', '', '567', '', '', '', '']",《講授類》,['日本研究學程'],False
https://selcrs.nsysu.edu.tw/menu5/showoutline.asp?SYEAR=114&SEM=2&CrsDat=CAPS586&Crsname=全球化與經濟發展,,,False,亞太碩,CAPS586,1,不分班,"全球化與經濟發展
GLOBALIZATION AND ECONOMIC DEVELOPMENT",3,期,False,50,7,0,50,蔡書瑋,"三2,3,4(社SS 2011)","['', '', '234', '', '', '', '']",《講授類》,['全球研究學分學程'],False
https://selcrs.nsysu.edu.tw/menu5/showoutline.asp?SYEAR=114&SEM=2&CrsDat=CAPS600&Crsname=印太區域安全,,,False,亞太碩,CAPS600,2,不分班,"印太區域安全
INDO-PACIFIC SECURITY",3,期,False,50,8,0,50,林正義,"四3,4,B(社SS 2011)","['', '', '', '34B', '', '', '']",《講授類》,['全民國防微學程'],False
https://selcrs.nsysu.edu.tw/menu5/showoutline.asp?SYEAR=114&SEM=2&CrsDat=CAPS609&Crsname=金融時事分析,,,False,亞太碩,CAPS609,2,不分班,"金融時事分析
FINANCIAL NEWS AND ANALYSES",2,期,False,50,3,0,50,林雅淇,"四6,7(社SS 2008)","['', '', '', '67', '', '', '']",《講授類》,[],True
https://selcrs.nsysu.edu.tw/menu5/showoutline.asp?SYEAR=114&SEM=2&CrsDat=CAPS613&Crsname=戰略與國家安全政策,,,False,亞太碩,CAPS613,2,不分班,"戰略與國家安全政策
STRATEGY AND NATIONAL SECURITY POLICY",3,期,False,50,3,0,50,郭育仁,"二2,3,4(社SS 2007)","['', '234', '', '', '', '', '']",《講授類》,['全民國防微學程'],False
https://selcrs.nsysu.edu.tw/menu5/showoutline.asp?SYEAR=114&SEM=2&CrsDat=CAPS617&Crsname=英文法學名著與文獻選讀,,,False,亞太碩,CAPS617,1,不分班,"英文法學名著與文獻選讀
SELECTED READINGS ON ANGLO-AMERICAN JURISPRUDENCE",3,期,False,50,4,0,50,楊健弘,"五5,6,7(社SS 2009-1)","['', '', '', '', '567', '', '']",《講授類》,[],False
https://selcrs.nsysu.edu.tw/menu5/showoutline.asp?SYEAR=114&SEM=2&CrsDat=CAPS619&Crsname=全球化研究：政治、經濟與安全,,,False,亞太碩,CAPS619,1,不分班,"全球化研究：政治、經濟與安全
GLOBAL STUDIES: POLITICAL ECONOMY AND SECURITY",3,期,False,50,4,0,50,劉奇峯,"四8,6,7(社SS 4005)","['', '', '', '678', '', '', '']",《講授類》,[],False
https://selcrs.nsysu.edu.tw/menu5/showoutline.asp?SYEAR=114&SEM=2&CrsDat=CAPS623&Crsname=永續發展法制比較,,,False,亞太碩,CAPS623,1,不分班,"永續發展法制比較
COMPARATIVE SUSTAINABLE DEVELOPMENT LAW",3,期,False,50,2,0,50,楊健弘,"五2,3,4(社SS 2011)","['', '', '', '', '234', '', '']",《講授類》,"['智慧城市與智慧運輸學程', '環境、社會及公司治理微學程']",True
https://selcrs.nsysu.edu.tw/menu5/showoutline.asp?SYEAR=114&SEM=2&CrsDat=CAPS627&Crsname=亞太區域經貿法制專題研討,,,False,亞太碩,CAPS627,1,不分班,"亞太區域經貿法制專題研討
SEMINAR IN TRADE AND ECONOMIC LAW IN ASIA-PACIFIC REGION",3,期,False,50,0,0,50,楊健弘,"四8,6,7(社SS 1004)","['', '', '', '678', '', '', '']",《研討類》,[],False
https://selcrs.nsysu.edu.tw/menu5/showoutline.asp?SYEAR=114&SEM=2&CrsDat=CAPS632&Crsname=財經資料預測：機器學習方法應用（二）,,,False,亞太碩,CAPS632,2,不分班,"財經資料預測：機器學習方法應用（二）
PREDICTION OF ECONOMIC DATA: THE APPLICATION OF MACHINE LEARNING METHODS (II)",1,期,False,50,0,0,50,林雅淇,三4(社SS 2008),"['', '', '4', '', '', '', '']",《講授類》,[],False
https://selcrs.nsysu.edu.tw/menu5/showoutline.asp?SYEAR=114&SEM=2&CrsDat=CAPS669&Crsname=專題研究（二）,,,False,亞太碩,CAPS669,2,不分班,"專題研究（二）
INDEPENDENT STUDIES(II)",3,期,False,50,1,0,50,陳珮芬,"三5,6,7(社SS 2008)","['', '', '567', '', '', '', '']",《獨立研究》,[],False
https://selcrs.nsysu.edu.tw/menu5/showoutline.asp?SYEAR=114&SEM=2&CrsDat=CAPS669A&Crsname=專題研究（二）,,,False,亞太碩,CAPS669A,2,不分班,"專題研究（二）
INDEPENDENT STUDIES(II)",3,期,False,50,0,0,50,蔡書瑋,"二2,3,4(社SS 2008)","['', '234', '', '', '', '', '']",《獨立研究》,[],False
https://selcrs.nsysu.edu.tw/menu5/showoutline.asp?SYEAR=114&SEM=2&CrsDat=CAPS669B&Crsname=專題研究（二）,,,False,亞太碩,CAPS669B,2,不分班,"專題研究（二）
INDEPENDENT STUDIES(II)",3,期,False,50,0,0,50,林雅淇,"二8,6,7(社SS 2008)","['', '678', '', '', '', '', '']",《獨立研究》,[],False
https://selcrs.nsysu.edu.tw/menu5/showoutline.asp?SYEAR=114&SEM=2&CrsDat=CAPS669C&Crsname=專題研究（二）,,,False,亞太碩,CAPS669C,2,不分班,"專題研究（二）
INDEPENDENT STUDIES(II)",3,期,False,50,0,0,50,陳盈雪,"二8,6,7(社SS 2007)","['', '678', '', '', '', '', '']",《獨立研究》,[],False
https://selcrs.nsysu.edu.tw/menu5/showoutline.asp?SYEAR=114&SEM=2&CrsDat=CAPS682&Crsname=兩岸關係與國際關係理論,,,True,亞太碩,CAPS682,1,不分班,"兩岸關係與國際關係理論
CROSS-STRAIT RELATIONS IN INTERNATIONAL RELATIONS THEORIES",3,期,True,50,7,0,50,黎寶文,"六2,3,4(社SS 2009-1)","['', '', '', '', '', '234', '']",《講授類》,['全民國防微學程'],False
https://selcrs.nsysu.edu.tw/menu5/showoutline.asp?SYEAR=114&SEM=2&CrsDat=SOC502&Crsname=社會學研究方法,,,False,社會碩,SOC502,1,不分班,"社會學研究方法
SOCIOLOGICAL METHODOLOGY",3,期,True,50,1,11,39,"戴昀,趙恩潔","三2,3,4(社SS 3004-2)","['', '', '234', '', '', '', '']",《講授類》,['環境教育學程'],False
https://selcrs.nsysu.edu.tw/menu5/showoutline.asp?SYEAR=114&SEM=2&CrsDat=SOC510&Crsname=南方社會議題（二）,,,False,社會碩,SOC510,1,不分班,"南方社會議題（二）
ISSUES OF SOUTH SOCIETY(II)",1,期,True,50,0,11,39,李馨慈,三5(社SS 3004-2),"['', '', '5', '', '', '', '']",《講授類》,[],False
https://selcrs.nsysu.edu.tw/menu5/showoutline.asp?SYEAR=114&SEM=2&CrsDat=SOC514&Crsname=歷史社會學,新增,1/6,False,社會碩,SOC514,1,不分班,"歷史社會學
HISTORICAL SOCIOLOGY",3,期,False,50,1,0,50,林傳凱,"一8,6,7(社SS 3004-2)","['678', '', '', '', '', '', '']",《講授類》,[],False
https://selcrs.nsysu.edu.tw/menu5/showoutline.asp?SYEAR=114&SEM=2&CrsDat=SOC543&Crsname=性別與遷徙,,,False,社會碩,SOC543,1,不分班,"性別與遷徙
GENDER AND MIGRATION",3,期,False,50,7,0,50,楊又欣,"五2,3,4(社SS 3004-2)","['', '', '', '', '234', '', '']","《講授類》
開放大三以上選修",[],True
https://selcrs.nsysu.edu.tw/menu5/showoutline.asp?SYEAR=114&SEM=2&CrsDat=SOC559&Crsname=量化研究（一）,,,False,社會碩,SOC559,1,不分班,"量化研究（一）
QUANTITATIVE STUDY (I)",3,期,False,50,2,0,50,戴昀,"四2,3,4(社SS 3004-2)","['', '', '', '234', '', '', '']","《講授類》
開放大三以上選修",[],False
https://selcrs.nsysu.edu.tw/menu5/showoutline.asp?SYEAR=114&SEM=2&CrsDat=SOC601&Crsname=社會學文獻選讀,,,False,社會碩,SOC601,2,不分班,"社會學文獻選讀
SELECTED READINGS IN SOCIOLOGY",3,期,False,50,2,0,50,萬毓澤,"二8,6,7(社SS 3004-2)","['', '678', '', '', '', '', '']","《講授類》
開放大三以上選修",[],False
https://selcrs.nsysu.edu.tw/menu5/showoutline.asp?SYEAR=114&SEM=2&CrsDat=SOC608&Crsname=南方社會議題（四）,,,False,社會碩,SOC608,2,不分班,"南方社會議題（四）
ISSUES OF SOUTH SOCIETY (IV)",1,期,True,50,0,8,42,李馨慈,三6(社SS 3004-2),"['', '', '6', '', '', '', '']",《講授類》,[],False
https://selcrs.nsysu.edu.tw/menu5/showoutline.asp?SYEAR=114&SEM=2&CrsDat=SOC619&Crsname=環境社會學,,,False,社會碩,SOC619,2,不分班,"環境社會學
ENVIRONMENTAL SOCIOLOGY",3,期,False,50,2,0,50,邱花妹,"四8,6,7(社SS 3004-2)","['', '', '', '678', '', '', '']","《講授類》
開放大三以上選修","['環境教育學程', '公民參與微學程', '全球研究學分學程', '氣候變遷與調適學分學程', '社會情緒學習與內在永續發展微學程', '永續發展與社會創新微學程', '環境科技與管理學程']",False
https://selcrs.nsysu.edu.tw/menu5/showoutline.asp?SYEAR=114&SEM=2&CrsDat=SOC653&Crsname=亞洲社會學專題,新增,2/3,False,社會碩,SOC653,2,不分班,"亞洲社會學專題
INDEPENDENT STUDIES IN SOCIOLOGY OF ASIAN SOCIETY",3,期,False,50,2,0,50,"楊靜利,趙恩潔,陳美華","五8,6,7(社SS 3004-1)","['', '', '', '', '678', '', '']","《獨立研究》
本課程為學位論文指導課程，限本系同學選修",[],False
https://selcrs.nsysu.edu.tw/menu5/showoutline.asp?SYEAR=114&SEM=2&CrsDat=SOC654&Crsname=發展社會學專題,新增,2/3,False,社會碩,SOC654,2,不分班,"發展社會學專題
INDEPENDENT STUDIES IN DEVELOPMENTAL SOCIOLOGY",3,期,False,50,0,0,50,"萬毓澤,邱花妹","五2,3,4(社SS 3004-1)","['', '', '', '', '234', '', '']","《獨立研究》
本課程為學位論文指導課程，限本系同學選修",[],False
https://selcrs.nsysu.edu.tw/menu5/showoutline.asp?SYEAR=114&SEM=2&CrsDat=MAPA502&Crsname=國際政治經濟學,,,False,亞太英語碩程,MAPA502,1,不分班,"國際政治經濟學
INTERNATIONAL POLITICAL ECONOMY",3,期,True,50,2,14,36,劉奇峯,"三5,6,7(社SS 4005)","['', '', '567', '', '', '', '']",《講授類》,[],True
https://selcrs.nsysu.edu.tw/menu5/showoutline.asp?SYEAR=114&SEM=2&CrsDat=MAPA518&Crsname=中國與國際組織,,,False,亞太英語碩程,MAPA518,0,不分班,"中國與國際組織
CHINA AND INTERNATIONAL ORGANIZATIONS",3,期,False,50,1,0,50,希家玹,"三2,3,4(社SS 4005)","['', '', '234', '', '', '', '']",《講授類》,[],True
https://selcrs.nsysu.edu.tw/menu5/showoutline.asp?SYEAR=114&SEM=2&CrsDat=MAPA520&Crsname=台灣外交政策,,,False,亞太英語碩程,MAPA520,0,不分班,"台灣外交政策
STUDIES IN TAIWAN’S FOREIGN POLICY",3,期,False,50,2,0,50,林正義,"四5,6,7(社SS 2011)","['', '', '', '567', '', '', '']",《講授類》,[],True
https://selcrs.nsysu.edu.tw/menu5/showoutline.asp?SYEAR=114&SEM=2&CrsDat=MAPA521&Crsname=中國政府與政治,,,False,亞太英語碩程,MAPA521,0,不分班,"中國政府與政治
GOVERNMENTS AND POLITICS IN CHINA",3,期,False,50,2,0,50,林文程,"五8,6,7(社SS 2011)","['', '', '', '', '678', '', '']",《講授類》,[],True
https://selcrs.nsysu.edu.tw/menu5/showoutline.asp?SYEAR=114&SEM=2&CrsDat=MAPA525&Crsname=台灣政經發展,,,False,亞太英語碩程,MAPA525,0,不分班,"台灣政經發展
TAIWAN'S POLITICAL ECONOMY DEVELOPMENT",3,期,False,50,2,0,50,希家玹,"一2,3,4(社SS 4005)","['234', '', '', '', '', '', '']",《講授類》,[],True
https://selcrs.nsysu.edu.tw/menu5/showoutline.asp?SYEAR=114&SEM=2&CrsDat=MAPA535&Crsname=韓國外交關係,,,False,亞太英語碩程,MAPA535,0,不分班,"韓國外交關係
FOREIGN RELATIONS OF KOREA",3,期,False,50,0,0,50,郭育仁,"五2,3,4(社SS 4005)","['', '', '', '', '234', '', '']",《講授類》,[],True
https://selcrs.nsysu.edu.tw/menu5/showoutline.asp?SYEAR=114&SEM=2&CrsDat=MAPA539&Crsname=科技地緣政治,,,False,亞太英語碩程,MAPA539,0,不分班,"科技地緣政治
TECHNO-GEOPOLITICS",3,期,False,50,1,0,50,劉奇峯,"二8,6,7(社SS 4005)","['', '678', '', '', '', '', '']",《講授類》,[],True
https://selcrs.nsysu.edu.tw/menu5/showoutline.asp?SYEAR=114&SEM=2&CrsDat=MAPA540&Crsname=美國與亞太政策,,,False,亞太英語碩程,MAPA540,0,不分班,"美國與亞太政策
U.S. AND ASIA-PACIFIC POLICY",3,期,False,50,2,0,50,希家玹,"四2,3,4(社SS 4005)","['', '', '', '234', '', '', '']",《講授類》,[],True
https://selcrs.nsysu.edu.tw/menu5/showoutline.asp?SYEAR=114&SEM=2&CrsDat=IGPE501&Crsname=研究方法,,,False,教人全英碩,IGPE501,1,不分班,"研究方法
RESEARCH METHODS",3,期,True,20,2,5,15,馮雅群,"三2,3,4(社SS 2002-1)","['', '', '234', '', '', '', '']",《講授類》,[],True
https://selcrs.nsysu.edu.tw/menu5/showoutline.asp?SYEAR=114&SEM=2&CrsDat=IGPE512&Crsname=對外英語教學,,,False,教人全英碩,IGPE512,0,不分班,"對外英語教學
TEACHING ENGLISH TO SPEAKERS OF OTHER LANGUAGES (TESOL)",3,期,False,20,1,0,20,紀博善,"三B,5,6(社SS 2002-2)","['', '', 'B56', '', '', '', '']",《講授類》,[],True
https://selcrs.nsysu.edu.tw/menu5/showoutline.asp?SYEAR=114&SEM=2&CrsDat=IGPE525&Crsname=質性資料分析,,,False,教人全英碩,IGPE525,0,不分班,"質性資料分析
ANALYSIS IN QUALITATIVE RESEARCH",3,期,False,20,3,0,20,紀博善,"二8,6,7(社SS 2004-3)","['', '678', '', '', '', '', '']",《講授類》,[],True
https://selcrs.nsysu.edu.tw/menu5/showoutline.asp?SYEAR=114&SEM=2&CrsDat=IGPE531&Crsname=多變量分析,,,False,教人全英碩,IGPE531,0,不分班,"多變量分析
MULTIVARIATE ANALYSIS",3,期,False,20,2,0,20,艾玲,"一2,3,4(社SS 3006)","['234', '', '', '', '', '', '']",《講授類》,['政經大數據分析微學程'],True
https://selcrs.nsysu.edu.tw/menu5/showoutline.asp?SYEAR=114&SEM=2&CrsDat=IGPE538&Crsname=STEM教育研究,,,False,教人全英碩,IGPE538,0,不分班,"STEM教育研究
RESEARCH ON STEM EDUCATION",3,期,False,30,2,0,30,謝百淇,"四2,3,4(社SS 2005)","['', '', '', '234', '', '', '']",《講授類》,[],True
https://selcrs.nsysu.edu.tw/menu5/showoutline.asp?SYEAR=114&SEM=2&CrsDat=IGPE539&Crsname=教師專業發展研究,,,False,教人全英碩,IGPE539,0,不分班,"教師專業發展研究
STUDIES IN FACULTY PROFESSION IN HIGHER EDUCATION",3,期,False,20,1,0,20,林靜慧,"三B,5,6(社SS 2005)","['', '', 'B56', '', '', '', '']",《講授類》,[],True
https://selcrs.nsysu.edu.tw/menu5/showoutline.asp?SYEAR=114&SEM=2&CrsDat=IGPE545&Crsname=科技融入學習環境研究,,,False,教人全英碩,IGPE545,0,不分班,"科技融入學習環境研究
CURRENT ISSUES IN TECHNOLOGY ENHANCED LEARNING ENVIRONMENTS",3,期,False,20,1,0,20,陳菁徽,"四2,3,4(社SS 2002-1)","['', '', '', '234', '', '', '']",《講授類》,[],True
https://selcrs.nsysu.edu.tw/menu5/showoutline.asp?SYEAR=114&SEM=2&CrsDat=IGPE550&Crsname=青少年心理與輔導研究,異動,修正時間1/2,False,教人全英碩,IGPE550,0,不分班,"青少年心理與輔導研究
RESEARCH ON ADOLESCENT PSYCHOLOGY AND GUIDANCE",3,期,False,8,2,0,8,宋呈澔,"三2,3,4(社SS 2002-2)","['', '', '234', '', '', '', '']",《講授類》,[],True
https://selcrs.nsysu.edu.tw/menu5/showoutline.asp?SYEAR=114&SEM=2&CrsDat=IGPE551&Crsname=數位媒體素養與教育研究,,,False,教人全英碩,IGPE551,0,不分班,"數位媒體素養與教育研究
STUDIES IN DIGITAL LITERACIES IN EDUCATION",3,期,False,20,2,0,20,張宇慧,"一8,9,7(社SS 3006)","['789', '', '', '', '', '', '']",《講授類》,[],True
https://selcrs.nsysu.edu.tw/menu5/showoutline.asp?SYEAR=114&SEM=2&CrsDat=IGPE553&Crsname=全球教育領導,,,False,教人全英碩,IGPE553,0,不分班,"全球教育領導
LEADERSHIP IN GLOBAL EDUCATION",3,期,False,20,1,0,20,艾玲,"一8,6,7(社SS 2006)","['678', '', '', '', '', '', '']",《講授類》,['全球研究學分學程'],True
https://selcrs.nsysu.edu.tw/menu5/showoutline.asp?SYEAR=114&SEM=2&CrsDat=IGPE555&Crsname=弱勢年輕成人,,,False,教人全英碩,IGPE555,0,不分班,"弱勢年輕成人
MARGINALIZATION IN EMERGING AND YOUNG ADULTHOOD",3,期,False,20,0,0,20,陳威霖,"四8,9,7(社SS 2002-2)","['', '', '', '789', '', '', '']",《講授類》,[],True
https://selcrs.nsysu.edu.tw/menu5/showoutline.asp?SYEAR=114&SEM=2&CrsDat=IGPE556&Crsname=跨領域對話教育研究,,,False,教人全英碩,IGPE556,0,不分班,"跨領域對話教育研究
RESEARCH ON INTERDISCIPLINARY DIALOGIC EDUCATION",3,期,False,30,2,0,30,張至慶,"五2,3,4(社SS 2002-1)","['', '', '', '', '234', '', '']",《講授類》,[],True
https://selcrs.nsysu.edu.tw/menu5/showoutline.asp?SYEAR=114&SEM=2&CrsDat=ISI501&Crsname=地方創生研究與實踐,,,False,社會創新所,ISI501,0,不分班,"地方創生研究與實踐
STUDY AND PRACTICE ON REGIONAL REVITALIZATION",3,期,False,30,7,0,30,楊士奇,"三5,6,7(西SW 1003)","['', '', '567', '', '', '', '']",《講授類》,"['公民參與微學程', '地方敘事與創生學程', '地方創生與永續發展整合學程', '地方創生與區域治理微學程']",False
https://selcrs.nsysu.edu.tw/menu5/showoutline.asp?SYEAR=114&SEM=2&CrsDat=ISI511&Crsname=社會創新與教育創業,,,False,社會創新所,ISI511,0,不分班,"社會創新與教育創業
SOCIAL INNOVATION AND EDUCATIONAL ENTREPRENEURSHIP",3,期,False,30,11,0,30,游銘仁,"五8,6,7(西SW 1004)","['', '', '', '', '678', '', '']",《講授類》,"['社會情緒學習與內在永續發展微學程', '原民文化探索及永續發展學程']",False
https://selcrs.nsysu.edu.tw/menu5/showoutline.asp?SYEAR=114&SEM=2&CrsDat=ISI516&Crsname=地方、草根創新與永續轉型,,,False,社會創新所,ISI516,0,不分班,"地方、草根創新與永續轉型
PLACE AND GRASSROOTS INNOVATIONS FOR SUSTAINABILITY TRANSITIONS",3,期,False,30,2,0,30,賴慧玲,"三2,3,4(西SW 1004)","['', '', '234', '', '', '', '']",《講授類》,"['公民參與微學程', '永續發展與社會創新微學程']",False
https://selcrs.nsysu.edu.tw/menu5/showoutline.asp?SYEAR=114&SEM=2&CrsDat=ISI523&Crsname=研究方法論,,,False,社會創新所,ISI523,1,不分班,"研究方法論
RESEARCH METHODOLOGY",3,期,True,30,0,12,18,陳德容,"四8,6,7(西SW 1003)","['', '', '', '678', '', '', '']",《講授類》,[],False
https://selcrs.nsysu.edu.tw/menu5/showoutline.asp?SYEAR=114&SEM=2&CrsDat=ISI624&Crsname=社會創新專題研究（二）,,,False,社會創新所,ISI624,2,不分班,"社會創新專題研究（二）
INDEPENDENT STUDIES IN SOCIAL INNOVATION（II）",3,期,True,10,0,11,-1,游銘仁,"一2,3,4(西SW 1003)","['234', '', '', '', '', '', '']",《獨立研究》,[],False
https://selcrs.nsysu.edu.tw/menu5/showoutline.asp?SYEAR=114&SEM=2&CrsDat=ISI624A&Crsname=社會創新專題研究（二）,,,False,社會創新所,ISI624A,2,不分班,"社會創新專題研究（二）
INDEPENDENT STUDIES IN SOCIAL INNOVATION（II）",3,期,True,10,0,12,-2,洪世謙,"一2,3,4(西SW 1004)","['234', '', '', '', '', '', '']",《獨立研究》,[],False
https://selcrs.nsysu.edu.tw/menu5/showoutline.asp?SYEAR=114&SEM=2&CrsDat=ISI624B&Crsname=社會創新專題研究（二）,,,False,社會創新所,ISI624B,2,不分班,"社會創新專題研究（二）
INDEPENDENT STUDIES IN SOCIAL INNOVATION（II）",3,期,True,10,0,11,-1,楊士奇,"二2,3,4(西SW 1003)","['', '234', '', '', '', '', '']",《獨立研究》,[],False
https://selcrs.nsysu.edu.tw/menu5/showoutline.asp?SYEAR=114&SEM=2&CrsDat=ISI624C&Crsname=社會創新專題研究（二）,,,False,社會創新所,ISI624C,2,不分班,"社會創新專題研究（二）
INDEPENDENT STUDIES IN SOCIAL INNOVATION（II）",3,期,True,10,0,11,-1,陳德容,"二5,6,7(西SW 1004)","['', '567', '', '', '', '', '']",《獨立研究》,[],False
https://selcrs.nsysu.edu.tw/menu5/showoutline.asp?SYEAR=114&SEM=2&CrsDat=ISI624D&Crsname=社會創新專題研究（二）,,,False,社會創新所,ISI624D,2,不分班,"社會創新專題研究（二）
INDEPENDENT STUDIES IN SOCIAL INNOVATION（II）",3,期,True,10,0,12,-2,賴慧玲,"五2,3,4(西SW 1003)","['', '', '', '', '234', '', '']",《獨立研究》,[],False
https://selcrs.nsysu.edu.tw/menu5/showoutline.asp?SYEAR=114&SEM=2&CrsDat=IBMS525&Crsname=生物資訊學,,,False,生醫碩,IBMS525,0,不分班,"生物資訊學
BIOINFORMATICS",3,期,False,40,8,0,40,薛佑玲,"一2,3,4(國IR 5001)","['234', '', '', '', '', '', '']",《講授類》,['醫師科學家微學程'],True
https://selcrs.nsysu.edu.tw/menu5/showoutline.asp?SYEAR=114&SEM=2&CrsDat=IBMS601&Crsname=書報討論（二）,,,False,生醫碩,IBMS601,1,不分班,"書報討論（二）
SEMINAR(II)",1,期,True,20,0,9,11,鄭光宏,一5(國IR 5001),"['5', '', '', '', '', '', '']",《講授類》,[],True
https://selcrs.nsysu.edu.tw/menu5/showoutline.asp?SYEAR=114&SEM=2&CrsDat=IBMS602&Crsname=書報討論（四）,,,False,生醫碩,IBMS602,2,不分班,"書報討論（四）
SEMINARS (IV)",1,期,True,20,0,12,8,"楊仁豪,薛佑玲",一5(國IR 5004),"['5', '', '', '', '', '', '']",《講授類》,[],False
https://selcrs.nsysu.edu.tw/menu5/showoutline.asp?SYEAR=114&SEM=2&CrsDat=IBMS604&Crsname=抗癌藥物研發專題研究（二）,,,False,生醫碩,IBMS604,0,不分班,"抗癌藥物研發專題研究（二）
INDEPENDENT STUDIES IN ANTI-CANCER DRUG DEVELOPMENT(II)",3,期,False,10,0,0,10,許晉銓,"二5,6,7(國IR 5004)","['', '567', '', '', '', '', '']",《獨立研究》,[],False
https://selcrs.nsysu.edu.tw/menu5/showoutline.asp?SYEAR=114&SEM=2&CrsDat=IBMS605&Crsname=新陳代謝專題研究（二）,,,False,生醫碩,IBMS605,0,不分班,"新陳代謝專題研究（二）
SPECIAL TOPICS ON METABOLISM(II)",3,期,False,10,2,0,10,戴明泓,"一2,3,4(國IR 5004)","['234', '', '', '', '', '', '']",《獨立研究》,[],False
https://selcrs.nsysu.edu.tw/menu5/showoutline.asp?SYEAR=114&SEM=2&CrsDat=IBMS606&Crsname=序列分析資訊開採專題研究（二）,,,False,生醫碩,IBMS606,0,不分班,"序列分析資訊開採專題研究（二）
INDEPENDENT STUDIES IN SEQUENCE ANALYSIS AND DATA MINING (II)",3,期,False,10,1,0,10,薛佑玲,"五3,5,7(國IR 4005)","['', '', '', '', '357', '', '']",《獨立研究》,[],False
https://selcrs.nsysu.edu.tw/menu5/showoutline.asp?SYEAR=114&SEM=2&CrsDat=IBMS607&Crsname=癌症專題研究（二）,,,False,生醫碩,IBMS607,0,不分班,"癌症專題研究（二）
INDEPENDENT STUDIES IN CANCER(II)",3,期,False,10,0,0,10,張玉泉,"一8,9,7(國IR 5001)","['789', '', '', '', '', '', '']",《獨立研究》,[],False
https://selcrs.nsysu.edu.tw/menu5/showoutline.asp?SYEAR=114&SEM=2&CrsDat=IBMS608&Crsname=基因專題研究（二）,,,False,生醫碩,IBMS608,0,不分班,"基因專題研究（二）
INDEPENDENT STUDIES IN GENES(II)",3,期,False,20,2,0,20,楊仁豪,"三5,6,7(國IR 5005)","['', '', '567', '', '', '', '']",《獨立研究》,[],False
https://selcrs.nsysu.edu.tw/menu5/showoutline.asp?SYEAR=114&SEM=2&CrsDat=IBMS609&Crsname=癌症幹細胞生物學專題研究（二）,,,False,生醫碩,IBMS609,0,不分班,"癌症幹細胞生物學專題研究（二）
SPECIAL TOPICS IN CANCER AND STEM CELL(II)",3,期,False,10,1,0,10,鄭光宏,"五8,6,7(國IR 5001)","['', '', '', '', '678', '', '']",《獨立研究》,[],False
https://selcrs.nsysu.edu.tw/menu5/showoutline.asp?SYEAR=114&SEM=2&CrsDat=IBMS626&Crsname=生技產業現況與展望,,,False,生醫碩,IBMS626,0,不分班,"生技產業現況與展望
THE CURRENT AND FUTURE PROSPECTS OF BIOTECH INDUSTRIES",3,期,False,20,7,0,20,戴明泓,"三2,3,4(國IR 5005)","['', '', '234', '', '', '', '']",《講授類》,['生物技術學程'],False
https://selcrs.nsysu.edu.tw/menu5/showoutline.asp?SYEAR=114&SEM=2&CrsDat=IBMS627&Crsname=創新人類疾病動物模式研究,,,False,生醫碩,IBMS627,0,不分班,"創新人類疾病動物模式研究
INNOVATIONS IN HUMAN DISEASE MODELING",3,期,False,50,3,0,50,鄭光宏,"二2,3,4(國IR 5001)","['', '234', '', '', '', '', '']",《講授類》,['生物技術學程'],True
https://selcrs.nsysu.edu.tw/menu5/showoutline.asp?SYEAR=114&SEM=2&CrsDat=IBMS628&Crsname=細胞遷移與疾病,,,False,生醫碩,IBMS628,0,不分班,"細胞遷移與疾病
CELL MIGRATION AND DISEASES",3,期,False,20,0,0,20,張玉泉,"五2,3,4(國IR 5001)","['', '', '', '', '234', '', '']",《講授類》,[],False
https://selcrs.nsysu.edu.tw/menu5/showoutline.asp?SYEAR=114&SEM=2&CrsDat=IBMS630&Crsname=mRNA 疫苗與 RNA 醫藥應用,,,False,生醫碩,IBMS630,0,不分班,"mRNA 疫苗與 RNA 醫藥應用
MRNA VACCINE AND RNA THERAPEUTICS",3,期,False,20,6,0,20,"楊仁豪,賴至人","一2,3,4(國IR 5003)","['234', '', '', '', '', '', '']",《講授類》,[],True
https://selcrs.nsysu.edu.tw/menu5/showoutline.asp?SYEAR=114&SEM=2&CrsDat=IBMS635&Crsname=RNA在疾病的應用：RNA次世代定序技術與定序資料的分析,異動,增加合授教師1/20,False,生醫碩,IBMS635,0,不分班,"RNA在疾病的應用：RNA次世代定序技術與定序資料的分析
APPLICATIONS OF RNA IN DISEASE: RNA SEQUENCING AND DATA ANALYSIS",3,期,False,20,4,0,20,"劉勃佑,楊仁豪","五2,3,4(國IR 5004)","['', '', '', '', '234', '', '']",《講授類》,[],True
https://selcrs.nsysu.edu.tw/menu5/showoutline.asp?SYEAR=114&SEM=2&CrsDat=IMST502&Crsname=書報討論（二）,,,False,醫科碩,IMST502,1,不分班,"書報討論（二）
SEMINAR (II)",1,期,True,50,0,17,33,廖子嫻,三6(國IR 5002),"['', '', '6', '', '', '', '']",《研討類》,[],False
https://selcrs.nsysu.edu.tw/menu5/showoutline.asp?SYEAR=114&SEM=2&CrsDat=IMST503&Crsname=醫學科技導論,,,False,醫科碩,IMST503,1,不分班,"醫學科技導論
INTRODUCTION TO MEDICAL SCIENCE AND TECHNOLOGY",3,期,True,30,2,15,15,林遠彬,"三2,3,4(國IR 5002)","['', '', '234', '', '', '', '']",《講授類》,[],False
https://selcrs.nsysu.edu.tw/menu5/showoutline.asp?SYEAR=114&SEM=2&CrsDat=IMST509&Crsname=生物材料學,,,False,醫科碩,IMST509,0,不分班,"生物材料學
BIOMATERIALS",3,期,False,15,2,0,15,廖子嫻,"二2,3,4(國IR 1006-1)","['', '234', '', '', '', '', '']",《講授類》,['醫師工程師微學程'],False
https://selcrs.nsysu.edu.tw/menu5/showoutline.asp?SYEAR=114&SEM=2&CrsDat=IMST515&Crsname=生物模擬,,,False,醫科碩,IMST515,1,不分班,"生物模擬
BIOLOGICAL MODELING",3,期,True,15,0,11,4,陳志杰,"一2,3,4(國IR 1006-1)","['234', '', '', '', '', '', '']",《講授類》,[],False
https://selcrs.nsysu.edu.tw/menu5/showoutline.asp?SYEAR=114&SEM=2&CrsDat=IMST523&Crsname=奈米材料專題研究 （二）,,,False,醫科碩,IMST523,0,不分班,"奈米材料專題研究 （二）
INDEPENDENT STUDIES IN NANOMATERIALS （II）",3,期,False,10,1,0,10,廖子嫻,"二5,6,7(國IR 1006-1)","['', '567', '', '', '', '', '']",《獨立研究》,[],False
https://selcrs.nsysu.edu.tw/menu5/showoutline.asp?SYEAR=114&SEM=2&CrsDat=IMST527&Crsname=計算生物專題研究 （二）,,,False,醫科碩,IMST527,0,不分班,"計算生物專題研究 （二）
INDEPENDENT STUDIES IN COMPUTATIONAL BIOLOGY （II）",3,期,False,10,2,0,10,陳志杰,"五8,6,7(國IR 1006-1)","['', '', '', '', '678', '', '']",《獨立研究》,[],False
https://selcrs.nsysu.edu.tw/menu5/showoutline.asp?SYEAR=114&SEM=2&CrsDat=IMST531&Crsname=計算生物學,,,False,醫科碩,IMST531,0,不分班,"計算生物學
COMPUTATIONAL BIOLOGY",3,期,False,15,0,0,15,陳志杰,"四2,3,4(國IR 1006-1)","['', '', '', '234', '', '', '']",《講授類》,[],False
https://selcrs.nsysu.edu.tw/menu5/showoutline.asp?SYEAR=114&SEM=2&CrsDat=IMST532&Crsname=生醫光學影像技術,,,False,醫科碩,IMST532,1,不分班,"生醫光學影像技術
BIOMEDICAL OPTICAL IMAGING TECHNIQUES",3,期,True,20,2,10,10,范秀芳,"四2,3,4(理CH 3002)","['', '', '', '234', '', '', '']",《講授類》,"['醫師工程師微學程', '生物技術學程']",True
https://selcrs.nsysu.edu.tw/menu5/showoutline.asp?SYEAR=114&SEM=2&CrsDat=IMST536&Crsname=神經人因工程專題研究（二）,,,False,醫科碩,IMST536,0,不分班,"神經人因工程專題研究（二）
INDEPENDENT STUDIES IN NEUROERGONOMICS (II)",3,期,False,50,3,0,50,林遠彬,"一5,6,7(國IR 5002)","['567', '', '', '', '', '', '']",《獨立研究》,[],False
https://selcrs.nsysu.edu.tw/menu5/showoutline.asp?SYEAR=114&SEM=2&CrsDat=IMST540&Crsname=臨床毒理學專題研究（二）,,,False,醫科碩,IMST540,0,不分班,"臨床毒理學專題研究（二）
INDEPENDENT STUDIES IN CLINICAL TOXICOLOGY (II)",3,期,False,15,1,0,15,李啟偉,"五4,B,5(國IR 1006-1)","['', '', '', '', '4B5', '', '']",《獨立研究》,[],False
https://selcrs.nsysu.edu.tw/menu5/showoutline.asp?SYEAR=114&SEM=2&CrsDat=IMST546&Crsname=毒理學,,,False,醫科碩,IMST546,0,不分班,"毒理學
TOXICOLOGY",3,期,False,50,14,0,50,李啟偉,"五8,6,7(國IR 5002)","['', '', '', '', '678', '', '']",《講授類》,['校園預防醫學暨食品安全學程'],False
https://selcrs.nsysu.edu.tw/menu5/showoutline.asp?SYEAR=114&SEM=2&CrsDat=IMST548&Crsname=急診醫學概論,,,False,醫科碩,IMST548,0,不分班,"急診醫學概論
INTRODUCTION TO EMERGENCY MEDICINE",3,期,False,50,3,0,50,李啟偉,"四8,6,7(國IR 5002)","['', '', '', '678', '', '', '']",《講授類》,[],True
https://selcrs.nsysu.edu.tw/menu5/showoutline.asp?SYEAR=114&SEM=2&CrsDat=IMST556&Crsname=多功能材料專題研究（二）,,,False,醫科碩,IMST556,0,不分班,"多功能材料專題研究（二）
INDEPENDENT STUDIES IN FUNCTIONAL MATERIALS（II）",3,期,False,15,1,0,15,陳玟帆,"五1,2,3(國IR 1006-1)","['', '', '', '', '123', '', '']",《獨立研究》,[],False
https://selcrs.nsysu.edu.tw/menu5/showoutline.asp?SYEAR=114&SEM=2&CrsDat=IMST558&Crsname=生物物理專題研究（二）,,,False,醫科碩,IMST558,0,不分班,"生物物理專題研究（二）
INDEPENDENT STUDIES IN BIOPHYSICS（II）",3,期,False,15,1,0,15,范秀芳,"五2,3,4(理SC 4033-7)","['', '', '', '', '234', '', '']",《獨立研究》,[],False
https://selcrs.nsysu.edu.tw/menu5/showoutline.asp?SYEAR=114&SEM=2&CrsDat=IMST559&Crsname=骨材基礎概論與應用實作,,,False,醫科碩,IMST559,0,不分班,"骨材基礎概論與應用實作
FUNDAMENTAL CONCEPTS AND PRACTICE OF BONE MATERIALS",3,期,False,50,6,0,50,陳玟帆,"二5,6,7(國IR 5003)","['', '567', '', '', '', '', '']",《講授類》,['醫師工程師微學程'],False
https://selcrs.nsysu.edu.tw/menu5/showoutline.asp?SYEAR=114&SEM=2&CrsDat=IMST562&Crsname=高齡心血管疾患專題研究,,,False,醫科碩,IMST562,0,不分班,"高齡心血管疾患專題研究
INDEPENDENT STUDIES IN CARDIOVASCULAR DISEASE OF ELDERLY",3,期,False,10,0,0,10,"李柏群,金憲國","三2,3,4(國IR 1006-1)","['', '', '234', '', '', '', '']",《獨立研究》,[],False
https://selcrs.nsysu.edu.tw/menu5/showoutline.asp?SYEAR=114&SEM=2&CrsDat=IMST565&Crsname=生物力學,,,False,醫科碩,IMST565,1,不分班,"生物力學
BIOMECHANICS",3,期,True,20,1,9,11,陳玟帆,"一5,6,7(國IR 5003)","['567', '', '', '', '', '', '']",《講授類》,['醫師工程師微學程'],True
https://selcrs.nsysu.edu.tw/menu5/showoutline.asp?SYEAR=114&SEM=2&CrsDat=IMST568&Crsname=高齡口腔照護特論,,,False,醫科碩,IMST568,0,不分班,"高齡口腔照護特論
SPECIAL TOPICS IN GERIATRIC DENTISTRY AND ORAL CARE OF ELDERLY",2,期,False,10,0,0,10,曾崇智,"四3,4(國IR 4005)","['', '', '', '34', '', '', '']",《講授類》,[],False
https://selcrs.nsysu.edu.tw/menu5/showoutline.asp?SYEAR=114&SEM=2&CrsDat=IMST574&Crsname=微奈米感測專題研究（二）,,,False,醫科碩,IMST574,0,不分班,"微奈米感測專題研究（二）
INDEPENDENT STUDY IN MICRO/NANO SENSING TECHNOLOGY (II)",3,期,False,50,0,0,50,莊承鑫,"一2,3,4(體GM 2005)","['234', '', '', '', '', '', '']",《獨立研究》,[],False
https://selcrs.nsysu.edu.tw/menu5/showoutline.asp?SYEAR=114&SEM=2&CrsDat=IMST575&Crsname=腦波訊號處理與數據探勘,,,False,醫科碩,IMST575,0,不分班,"腦波訊號處理與數據探勘
SIGNAL PROCESSING AND DATA MINING IN ELECTROENCEPHALOGRAM",3,期,False,20,4,0,20,林遠彬,"五2,3,4(國IR 5003)","['', '', '', '', '234', '', '']","《講授類》
需先修過本所「腦機介面理論及實務」課程，方可選修。",['醫師工程師微學程'],True
https://selcrs.nsysu.edu.tw/menu5/showoutline.asp?SYEAR=114&SEM=2&CrsDat=IMST582&Crsname=高齡心理健康,,,False,醫科碩,IMST582,0,不分班,"高齡心理健康
MENTAL HEALTH IN THE ELDERLY",2,期,False,20,0,0,20,王建權,"四1,2(國IR 5003)","['', '', '', '12', '', '', '']",《講授類》,[],False
https://selcrs.nsysu.edu.tw/menu5/showoutline.asp?SYEAR=114&SEM=2&CrsDat=IMST584&Crsname=高齡檢驗醫學,,,False,醫科碩,IMST584,0,不分班,"高齡檢驗醫學
ELDERLY LABORATORY MEDICINE",2,期,False,10,0,0,10,儲天輝,"一6,7(國IR 1006-1)","['67', '', '', '', '', '', '']",《講授類》,[],False
https://selcrs.nsysu.edu.tw/menu5/showoutline.asp?SYEAR=114&SEM=2&CrsDat=IMST588&Crsname=以實證為基礎的健康照護,,,False,醫科碩,IMST588,0,不分班,"以實證為基礎的健康照護
EVIDENCE-BASED HEALTH CARE: FROM IDENTIFYING PROBLEMS TO APPLYING EVIDENCE IN CLINICAL PRACTICE",2,期,False,50,0,0,50,陳嬿今,"三3,4(圖IL 3014)","['', '', '34', '', '', '', '']",《講授類》,[],False
https://selcrs.nsysu.edu.tw/menu5/showoutline.asp?SYEAR=114&SEM=2&CrsDat=IMST602&Crsname=書報討論（四）,,,False,醫科碩,IMST602,2,不分班,"書報討論（四）
SEMINAR (IV)",1,期,True,50,0,19,31,廖子嫻,三7(國IR 5002),"['', '', '7', '', '', '', '']",《研討類》,[],False
https://selcrs.nsysu.edu.tw/menu5/showoutline.asp?SYEAR=114&SEM=2&CrsDat=IMST613&Crsname=智慧長照書報討論（二）,,,False,醫科碩,IMST613,1,不分班,"智慧長照書報討論（二）
SEMINAR IN LONG-TERM CARE (II)",1,期,True,15,0,13,2,王怡誠,三5(國IR 5003),"['', '', '5', '', '', '', '']",《研討類》,[],False
https://selcrs.nsysu.edu.tw/menu5/showoutline.asp?SYEAR=114&SEM=2&CrsDat=IMST614&Crsname=長照智慧科技實務應用（二）,,,False,醫科碩,IMST614,1,不分班,"長照智慧科技實務應用（二）
APPLICATION OF INTELLIGENT ASSISTANCE TECHNOLOGIES IN LONG-TERM CARE SERVICES(Ⅱ)",2,期,True,15,0,13,2,"呂睿騰,巫常誠,羅貽豪","四5,6(國IR 1006-1)","['', '', '', '56', '', '', '']",《講授類》,[],False
https://selcrs.nsysu.edu.tw/menu5/showoutline.asp?SYEAR=114&SEM=2&CrsDat=IBPS502&Crsname=書報討論（二）,,,False,生技醫藥碩,IBPS502,1,不分班,"書報討論（二）
SEMINAR（II）",1,期,True,50,0,13,37,"余靈珊,孫羽佑,徐志文,施柏漳,賴至人,黃建智",三3(國IR 5001),"['', '', '3', '', '', '', '']",《講授類》,[],False
https://selcrs.nsysu.edu.tw/menu5/showoutline.asp?SYEAR=114&SEM=2&CrsDat=IBPS504&Crsname=生技醫藥研發與技術特論,,,False,生技醫藥碩,IBPS504,1,不分班,"生技醫藥研發與技術特論
RESEARCH AND TECHNOLOGIES IN THE DEVELOPMENT OF BIOPHARMACEUTICALS",2,期,True,50,0,12,38,"余靈珊,孫羽佑,徐志文,施柏漳,賴至人,黃建智","五3,4(國IR 5005)","['', '', '', '', '34', '', '']",《講授類》,['天然藥物合成學程'],True
https://selcrs.nsysu.edu.tw/menu5/showoutline.asp?SYEAR=114&SEM=2&CrsDat=IBPS507&Crsname=生理調控與人類疾病,,,False,生技醫藥碩,IBPS507,0,不分班,"生理調控與人類疾病
BODY PROCESSES AND DISEASE PROGRESSION",3,期,False,50,1,0,50,孫羽佑,"四2,3,4(國IR 6017-1)","['', '', '', '234', '', '', '']",《講授類》,[],False
https://selcrs.nsysu.edu.tw/menu5/showoutline.asp?SYEAR=114&SEM=2&CrsDat=IBPS514&Crsname=癌症標靶治療學,,,False,生技醫藥碩,IBPS514,0,不分班,"癌症標靶治療學
TARGETED THERAPIES FOR MALIGNANT TUMORS",3,期,False,50,0,0,50,徐志文,"四2,3,4(國IR 5005)","['', '', '', '234', '', '', '']",《講授類》,[],True
https://selcrs.nsysu.edu.tw/menu5/showoutline.asp?SYEAR=114&SEM=2&CrsDat=IBPS517&Crsname=大分子藥物開發特論,,,False,生技醫藥碩,IBPS517,0,不分班,"大分子藥物開發特論
DEVELOPMENT OF MACROMOLECULAR THERAPEUTICS",3,期,False,50,4,0,50,孫羽佑,"二2,3,4(國IR 6017-1)","['', '234', '', '', '', '', '']",《講授類》,['天然藥物合成學程'],True
https://selcrs.nsysu.edu.tw/menu5/showoutline.asp?SYEAR=114&SEM=2&CrsDat=IBPS520&Crsname=新興病原微生物與其抗藥性檢測,,,False,生技醫藥碩,IBPS520,0,不分班,"新興病原微生物與其抗藥性檢測
INNOVATIVE APPROACHES IN DIAGNOSIS OF EMERGING INFECTIOUS PATHOGENS AND THEIR DRUG RESISTANCE",3,期,False,50,6,0,50,余靈珊,"二5,6,7(國IR 5001)","['', '567', '', '', '', '', '']",《講授類》,[],True
https://selcrs.nsysu.edu.tw/menu5/showoutline.asp?SYEAR=114&SEM=2&CrsDat=IBPS522&Crsname=癌症細胞自噬專題研究（二）,,,False,生技醫藥碩,IBPS522,0,不分班,"癌症細胞自噬專題研究（二）
INDEPENDENT STUDIES IN CANCER AUTOPHAGY (II)",3,期,False,50,1,0,50,徐志文,"一2,3,4(國IR 6017-1)","['234', '', '', '', '', '', '']",《獨立研究》,[],False
https://selcrs.nsysu.edu.tw/menu5/showoutline.asp?SYEAR=114&SEM=2&CrsDat=IBPS524&Crsname=生醫晶片專題研究（二）,,,False,生技醫藥碩,IBPS524,0,不分班,"生醫晶片專題研究（二）
INDEPENDENT STUDIES IN BIOSENSORS (II)",3,期,False,50,3,0,50,余靈珊,"一2,3,4(國IR 5005)","['234', '', '', '', '', '', '']",《獨立研究》,[],False
https://selcrs.nsysu.edu.tw/menu5/showoutline.asp?SYEAR=114&SEM=2&CrsDat=IBPS531&Crsname=腦缺氧專題研究（二）,,,False,生技醫藥碩,IBPS531,0,不分班,"腦缺氧專題研究（二）
INDEPENDENT STUDIES IN CEREBRAL ISCHEMIA (II)",3,期,False,50,0,0,50,孫羽佑,"三5,6,7(國IR 6017-1)","['', '', '567', '', '', '', '']",《獨立研究》,[],False
https://selcrs.nsysu.edu.tw/menu5/showoutline.asp?SYEAR=114&SEM=2&CrsDat=IBPS532&Crsname=生技產業實務與應用,,,False,生技醫藥碩,IBPS532,0,不分班,"生技產業實務與應用
MANUFACTURING PRACTICE AND APPLICATION OF BIOTECH INDUSTRY",2,期,False,50,4,0,50,余靈珊,"一6,7(國IR 6017-2)","['67', '', '', '', '', '', '']",《講授類》,['生物技術學程'],False
https://selcrs.nsysu.edu.tw/menu5/showoutline.asp?SYEAR=114&SEM=2&CrsDat=IBPS535&Crsname=抗癌藥物開發專題研究（二）,,,False,生技醫藥碩,IBPS535,0,不分班,"抗癌藥物開發專題研究（二）
INDEPENDENT STUDIES IN ANTICANCER DRUG DISCOVERY（II）",3,期,False,50,0,0,50,黃建智,"五5,6,7(國IR 5005)","['', '', '', '', '567', '', '']",《獨立研究》,[],False
https://selcrs.nsysu.edu.tw/menu5/showoutline.asp?SYEAR=114&SEM=2&CrsDat=IBPS539&Crsname=蛋白質降解藥物開發特論（二）,,,False,生技醫藥碩,IBPS539,0,不分班,"蛋白質降解藥物開發特論（二）
TARGETED PROTEIN DEGRADATION BASED DRUG DEVELOPMENT（II）",3,期,False,50,0,0,50,施柏漳,"三5,6,7(國IR 1006-1)","['', '', '567', '', '', '', '']",《講授類》,[],True
https://selcrs.nsysu.edu.tw/menu5/showoutline.asp?SYEAR=114&SEM=2&CrsDat=IBPS540&Crsname=藥物代謝動力學,,,False,生技醫藥碩,IBPS540,0,不分班,"藥物代謝動力學
DRUG METABOLISM AND PHARMACOKINETICS",3,期,False,50,0,0,50,施柏漳,"二8,6,7(國IR 6017-1)","['', '678', '', '', '', '', '']",《講授類》,[],True
https://selcrs.nsysu.edu.tw/menu5/showoutline.asp?SYEAR=114&SEM=2&CrsDat=IBPS542&Crsname=雙功能分子藥物開發專題研究（二）,,,False,生技醫藥碩,IBPS542,0,不分班,"雙功能分子藥物開發專題研究（二）
INDEPENDENT STUDIES IN BIFUNCTIONAL MOLECULE DRUG DISCOVERY（II）",3,期,False,50,0,0,50,施柏漳,"五8,6,7(國IR 6017-1)","['', '', '', '', '678', '', '']",《獨立研究》,[],False
https://selcrs.nsysu.edu.tw/menu5/showoutline.asp?SYEAR=114&SEM=2&CrsDat=IBPS547&Crsname=疫苗開發專題研究（二）,,,False,生技醫藥碩,IBPS547,0,不分班,"疫苗開發專題研究（二）
INDEPENDENT STUDY IN VACCINE DEVELOPMENT（II）",3,期,False,50,2,0,50,賴至人,"三5,6,7(國IR 6017-2)","['', '', '567', '', '', '', '']",《獨立研究》,[],False
https://selcrs.nsysu.edu.tw/menu5/showoutline.asp?SYEAR=114&SEM=2&CrsDat=IBPS549&Crsname=分子病毒學與應用,,,False,生技醫藥碩,IBPS549,0,不分班,"分子病毒學與應用
MOLECULAR VIROLOGY AND APPLICATION",3,期,False,50,4,0,50,賴至人,"五5,6,7(國IR 6017-2)","['', '', '', '', '567', '', '']",《講授類》,[],False
https://selcrs.nsysu.edu.tw/menu5/showoutline.asp?SYEAR=114&SEM=2&CrsDat=IBPS550&Crsname=小分子藥物之有機合成（一）,,,False,生技醫藥碩,IBPS550,0,不分班,"小分子藥物之有機合成（一）
ORGANIC SYNTHESIS FOR SMALL MOLECULE DRUGS (I)",3,期,False,50,1,0,50,黃建智,"四5,6,7(國IR 5001)","['', '', '', '567', '', '', '']",《講授類》,[],True
https://selcrs.nsysu.edu.tw/menu5/showoutline.asp?SYEAR=114&SEM=2&CrsDat=IBPS553&Crsname=專題研究（二）,,,False,生技醫藥碩,IBPS553,0,不分班,"專題研究（二）
INDEPENDENT STUDIES (II)",3,期,False,50,0,0,50,"王文宏,甘祐瑜,陳亮傑","一2,3,4(醫IL 3016)","['234', '', '', '', '', '', '']",《獨立研究》,[],False
https://selcrs.nsysu.edu.tw/menu5/showoutline.asp?SYEAR=114&SEM=2&CrsDat=IBPS602&Crsname=書報討論（四）,,,False,生技醫藥碩,IBPS602,2,不分班,"書報討論（四）
SEMINAR（IV）",1,期,True,50,1,9,41,"余靈珊,孫羽佑,徐志文,施柏漳,賴至人,黃建智",三4(國IR 5001),"['', '', '4', '', '', '', '']",《講授類》,[],False
https://selcrs.nsysu.edu.tw/menu5/showoutline.asp?SYEAR=114&SEM=2&CrsDat=IPM502&Crsname=書報討論（二）,,,False,精準醫學碩,IPM502,1,不分班,"書報討論（二）
SEMINAR(II)",1,期,True,50,1,13,37,"于松桓,楊佳寧",三5(國IR 5001),"['', '', '5', '', '', '', '']",《講授類》,[],False
https://selcrs.nsysu.edu.tw/menu5/showoutline.asp?SYEAR=114&SEM=2&CrsDat=IPM504&Crsname=生物程式設計-R,,,False,精準醫學碩,IPM504,0,不分班,"生物程式設計-R
RPROGRAMMING FOR BIOMEDICAL DATA",3,期,False,50,3,0,50,馮已榕,"二2,3,4(國IR 5002)","['', '234', '', '', '', '', '']",《講授類》,[],True
https://selcrs.nsysu.edu.tw/menu5/showoutline.asp?SYEAR=114&SEM=2&CrsDat=IPM509&Crsname=蛋白質分子模擬專題研究（二）,,,False,精準醫學碩,IPM509,0,不分班,"蛋白質分子模擬專題研究（二）
INDEPENDENT STUDIES IN SIMULATIONS ON PROTEIN DYNAMICS (II)",3,期,False,50,3,0,50,楊佳寧,"四8,6,7(國IR 5005)","['', '', '', '678', '', '', '']",《獨立研究》,[],False
https://selcrs.nsysu.edu.tw/menu5/showoutline.asp?SYEAR=114&SEM=2&CrsDat=IPM510&Crsname=細胞訊息傳遞及藥物設計,,,False,精準醫學碩,IPM510,0,不分班,"細胞訊息傳遞及藥物設計
SIGNAL TRANSDUCTION AND DRUG DEVELOPMENT",3,期,False,50,2,0,50,楊佳寧,"一5,6,7(國IR 4005)","['567', '', '', '', '', '', '']",《講授類》,[],True
https://selcrs.nsysu.edu.tw/menu5/showoutline.asp?SYEAR=114&SEM=2&CrsDat=IPM512&Crsname=醫療數據分析專題研究（二）,,,False,精準醫學碩,IPM512,0,不分班,"醫療數據分析專題研究（二）
INDEPENDENT STUDIES IN REAL-WORLD HEALTH DATA (II)",3,期,False,50,1,0,50,馮已榕,"三2,3,4(國IR 6017-1)","['', '', '234', '', '', '', '']",《獨立研究》,[],False
https://selcrs.nsysu.edu.tw/menu5/showoutline.asp?SYEAR=114&SEM=2&CrsDat=IPM517&Crsname=多體學資料分析專題研究（二）,,,False,精準醫學碩,IPM517,0,不分班,"多體學資料分析專題研究（二）
INDEPENDENT STUDIES IN MULTI-OMICS DATA ANALYSIS (II)",3,期,False,50,2,0,50,于松桓,"四8,6,7(國IR 5004)","['', '', '', '678', '', '', '']",《獨立研究》,[],False
https://selcrs.nsysu.edu.tw/menu5/showoutline.asp?SYEAR=114&SEM=2&CrsDat=IPM519&Crsname=基因體學,,,False,精準醫學碩,IPM519,0,不分班,"基因體學
GENOMICS",3,期,False,50,2,0,50,于松桓,"一2,3,4(國IR 5002)","['234', '', '', '', '', '', '']",《講授類》,[],True
https://selcrs.nsysu.edu.tw/menu5/showoutline.asp?SYEAR=114&SEM=2&CrsDat=IPM531&Crsname=病理學,,,False,精準醫學碩,IPM531,0,不分班,"病理學
PATHOLOGY",3,期,False,50,1,0,50,李佶珉,"五2,3,4(國IR 6017-1)","['', '', '', '', '234', '', '']",《講授類》,[],False
https://selcrs.nsysu.edu.tw/menu5/showoutline.asp?SYEAR=114&SEM=2&CrsDat=IPM532&Crsname=磁振造影：基本原理，臨床運用及科學研究,,,False,精準醫學碩,IPM532,0,不分班,"磁振造影：基本原理，臨床運用及科學研究
MRI:BASIC PRINCIPLES, CLINICAL APPLICATIONS AND BIOMEDICAL RESEARCHES",2,期,False,50,0,0,50,郭禹廷,"五5,6(國IR 5003)","['', '', '', '', '56', '', '']",《講授類》,[],False
https://selcrs.nsysu.edu.tw/menu5/showoutline.asp?SYEAR=114&SEM=2&CrsDat=IPM533&Crsname=癌症生物學,,,False,精準醫學碩,IPM533,0,不分班,"癌症生物學
CANCER BIOLOGY",3,期,False,50,6,0,50,李佶珉,"二2,3,4(國IR 5004)","['', '234', '', '', '', '', '']",《講授類》,['醫師科學家微學程'],True
https://selcrs.nsysu.edu.tw/menu5/showoutline.asp?SYEAR=114&SEM=2&CrsDat=IPM539&Crsname=纖維化及癌症治療策略專題研究（二）,,,False,精準醫學碩,IPM539,0,不分班,"纖維化及癌症治療策略專題研究（二）
INDEPENDENT STUDIES IN THERAPEUTIC STRATEGIES FOR FIBROSIS AND CANCER (II)",3,期,False,50,1,0,50,李佶珉,"四8,6,7(國IR 4005)","['', '', '', '678', '', '', '']",《獨立研究》,[],False
https://selcrs.nsysu.edu.tw/menu5/showoutline.asp?SYEAR=114&SEM=2&CrsDat=IPM542&Crsname=臨床試驗設計與分析,,,False,精準醫學碩,IPM542,0,不分班,"臨床試驗設計與分析
DESIGN AND ANALYSIS OF CLINICAL TRIALS",2,期,False,50,2,0,50,馮已榕,"四3,4(國IR 5001)","['', '', '', '34', '', '', '']",《講授類》,[],False
https://selcrs.nsysu.edu.tw/menu5/showoutline.asp?SYEAR=114&SEM=2&CrsDat=IPM549&Crsname=腫瘤分子生物學專題研究（二）,,,False,精準醫學碩,IPM549,0,不分班,"腫瘤分子生物學專題研究（二）
INDEPENDENT STUDIES IN MOLECULAR ONCOLOGY (II)",3,期,False,50,2,0,50,李豪嶧,"一2,3,4(國IR 4005)","['234', '', '', '', '', '', '']",《獨立研究》,[],False
https://selcrs.nsysu.edu.tw/menu5/showoutline.asp?SYEAR=114&SEM=2&CrsDat=IPM550&Crsname=分子與生化科學應用,,,False,精準醫學碩,IPM550,0,不分班,"分子與生化科學應用
APPLICATIONS OF MOLECULAR BIOLOGY AND BIOCHEMISTRY",3,期,False,50,0,0,50,陳俊朝,"二2,3,4(國IR 5003)","['', '234', '', '', '', '', '']",《講授類》,[],True
https://selcrs.nsysu.edu.tw/menu5/showoutline.asp?SYEAR=114&SEM=2&CrsDat=IPM552&Crsname=基因與行為專題研究（二）,,,False,精準醫學碩,IPM552,0,不分班,"基因與行為專題研究（二）
INDEPENDENT STUDIES IN GENE AND BEHAVIOR (II)",3,期,False,50,0,0,50,陳俊朝,"一5,6,7(醫IL 3014)","['567', '', '', '', '', '', '']",《獨立研究》,[],False
https://selcrs.nsysu.edu.tw/menu5/showoutline.asp?SYEAR=114&SEM=2&CrsDat=IPM553&Crsname=生物工程,,,False,精準醫學碩,IPM553,0,不分班,"生物工程
BIOENGINEERING",3,期,False,50,1,0,50,陳俊朝,"一2,3,4(國IR 6017-2)","['234', '', '', '', '', '', '']",《講授類》,[],True
https://selcrs.nsysu.edu.tw/menu5/showoutline.asp?SYEAR=114&SEM=2&CrsDat=IPM555&Crsname=高等細胞生物學,,,False,精準醫學碩,IPM555,0,不分班,"高等細胞生物學
ADVANCED CELLULAR BIOLOGY",3,期,False,50,1,0,50,"李豪嶧,楊仁豪,賴至人","一5,6,7(國IR 6017-1)","['567', '', '', '', '', '', '']",《講授類》,[],True
https://selcrs.nsysu.edu.tw/menu5/showoutline.asp?SYEAR=114&SEM=2&CrsDat=IPM557&Crsname=臨床精準醫學專題研究（二）,異動,更換時間及教室1/27,False,精準醫學碩,IPM557,0,不分班,"臨床精準醫學專題研究（二）
INDEPENDENT STUDIES IN CLINICAL PRECISION MEDICINE (II)",3,期,False,50,0,0,50,"趙敏吾,鄭雅勻","五2,3,4(國IR 5002)","['', '', '', '', '234', '', '']",《獨立研究》,[],False
https://selcrs.nsysu.edu.tw/menu5/showoutline.asp?SYEAR=114&SEM=2&CrsDat=IPM602&Crsname=書報討論（四）,,,False,精準醫學碩,IPM602,2,不分班,"書報討論（四）
SEMINAR(IV)",1,期,True,50,0,10,40,"李佶珉,馮已榕",三6(國IR 5001),"['', '', '6', '', '', '', '']",《講授類》,[],False
https://selcrs.nsysu.edu.tw/menu5/showoutline.asp?SYEAR=114&SEM=2&CrsDat=ASPT542&Crsname=半導體工程技術,,,False,半導體封測所,ASPT542,1,不分班,"半導體工程技術
INTRODUCTION OF SEMICONDUCTOR ENGINEERING TECHNOLOGY",3,期,False,10,19,0,10,陳信助,"一8,6,7(國IR 6002K)","['678', '', '', '', '', '', '']","《講授類》
網路選課期間先以先進半導體封測所學生修課為優先，外院、電子零組件所及半導體製造所的學生於選課異常處理期間進行紙本加簽選修。",[],False
https://selcrs.nsysu.edu.tw/menu5/showoutline.asp?SYEAR=114&SEM=2&CrsDat=ASPT543&Crsname=寬能隙化合物半導體技術導論,,,False,半導體封測所,ASPT543,1,不分班,"寬能隙化合物半導體技術導論
INTRODUCTION OF WIDE BAND GAP COMPOUND SEMICONDUCTOR TECHNOLOGY",3,期,False,15,9,0,15,陳信助,"五2,3,4(國IR 6002K)","['', '', '', '', '234', '', '']","《講授類》
網路選課期間先以先進半導體封測所學生修課為優先，外院、電子零組件所及半導體製造所的學生於選課異常處理期間進行紙本加簽選修。",[],True
https://selcrs.nsysu.edu.tw/menu5/showoutline.asp?SYEAR=114&SEM=2&CrsDat=ASPT546&Crsname=材料表面特性與分析,,,False,半導體封測所,ASPT546,1,不分班,"材料表面特性與分析
SURFACE CHARACTERIZATION OF MATERIALS",3,期,False,15,16,0,15,王志逢,"一2,3,4(國IR 4002)","['234', '', '', '', '', '', '']","《講授類》
網路選課期間先以先進半導體封測所學生修課為優先，外院、電子零組件所及半導體製造所的學生於選課異常處理期間進行紙本加簽選修。",['半導體製程模組學程'],True
https://selcrs.nsysu.edu.tw/menu5/showoutline.asp?SYEAR=114&SEM=2&CrsDat=ASPT551&Crsname=有機半導體材料與元件,,,False,半導體封測所,ASPT551,1,不分班,"有機半導體材料與元件
ORGANIC SEMICONDUCTOR MATERIALS AND DEVICES",3,期,False,10,21,0,10,張美濙,"一2,3,4(國IR 3001)","['234', '', '', '', '', '', '']","《講授類》
網路選課期間先以先進半導體封測所學生修課為優先，外院、電子零組件所及半導體製造所的學生於選課異常處理期間進行紙本加簽選修。","['半導體製程模組學程', '半導體設備工程學程', '半導體元件學程']",False
https://selcrs.nsysu.edu.tw/menu5/showoutline.asp?SYEAR=114&SEM=2&CrsDat=ASPT553&Crsname=材料設計特論,,,False,半導體封測所,ASPT553,1,不分班,"材料設計特論
SPECIAL ISSUES IN MATERIAL DESIGN",3,期,False,15,17,0,15,黃仲平,"五2,3,4(國IR 4002)","['', '', '', '', '234', '', '']","《講授類》
網路選課期間先以先進半導體封測所學生修課為優先，外院、電子零組件所及半導體製造所的學生於選課異常處理期間進行紙本加簽選修。",[],True
https://selcrs.nsysu.edu.tw/menu5/showoutline.asp?SYEAR=114&SEM=2&CrsDat=ASPT557&Crsname=影像辨識,,,False,半導體封測所,ASPT557,1,不分班,"影像辨識
IMAGE RECOGNITION",3,期,False,10,10,0,10,魏家博,"一8,6,7(工EC 2010)","['678', '', '', '', '', '', '']","《講授類》
網路選課期間先以先進半導體封測所學生修課為優先，外院、電子零組件所及半導體製造所的學生於選課異常處理期間進行紙本加簽選修。",[],False
https://selcrs.nsysu.edu.tw/menu5/showoutline.asp?SYEAR=114&SEM=2&CrsDat=ASPT558&Crsname=半導體基礎概論,,,False,半導體封測所,ASPT558,1,不分班,"半導體基礎概論
INTERNSHIP IN BASIC INTRODUCTION TO SEMICONDUCTOR",3,期,True,80,0,75,5,賴逸少,"二8,2,3,4,5,6,7(日月光、華泰、穎崴廠區)(實驗)","['', '2345678', '', '', '', '', '']","《企業實習》
限先進半導體封測所學生修課。",[],False
https://selcrs.nsysu.edu.tw/menu5/showoutline.asp?SYEAR=114&SEM=2&CrsDat=ASPT568&Crsname=半導體實務應用,,,False,半導體封測所,ASPT568,1,不分班,"半導體實務應用
INTERNSHIP IN MANUFACTURING OF SEMICONDUCTOR ASSEMBLY AND TESTING",3,期,True,80,0,75,5,賴逸少,"三1,2,3,4,5,6,7(日月光、華泰、穎崴廠區)(實驗)","['', '', '1234567', '', '', '', '']","《企業實習》
限先進半導體封測所學生修課。",[],False
https://selcrs.nsysu.edu.tw/menu5/showoutline.asp?SYEAR=114&SEM=2&CrsDat=ASPT579&Crsname=半導體晶圓鍵合技術與應用,,,False,半導體封測所,ASPT579,1,不分班,"半導體晶圓鍵合技術與應用
SEMICONDUCTOR WAFER BONDING TECHNOLOGY AND APPLICATION",3,期,False,15,6,0,15,林勇志,"一2,3,4(國IR 6002K)","['234', '', '', '', '', '', '']","《講授類》
網路選課期間先以先進半導體封測所學生修課為優先，外院、電子零組件所及半導體製造所的學生於選課異常處理期間進行紙本加簽選修。",[],True
https://selcrs.nsysu.edu.tw/menu5/showoutline.asp?SYEAR=114&SEM=2&CrsDat=ASPT581&Crsname=高頻高速電路模擬與量測,,,False,半導體封測所,ASPT581,1,不分班,"高頻高速電路模擬與量測
HIGH-SPEED AND HIGH FREQUENCY CIRCUIT SIMULATION AND MEASUREMENT",3,期,False,10,13,0,10,吳松茂,"一5,6,7(國IR 4002)","['567', '', '', '', '', '', '']","《講授類》
網路選課期間先以先進半導體封測所學生修課為優先，外院、電子零組件所及半導體製造所的學生於選課異常處理期間進行紙本加簽選修。",[],False
https://selcrs.nsysu.edu.tw/menu5/showoutline.asp?SYEAR=114&SEM=2&CrsDat=ASPT587&Crsname=品質管理核心工具應用,,,True,半導體封測所,ASPT587,2,不分班,"品質管理核心工具應用
APPLICATION OF QUALITY MANAGEMENT CORE TOOLS",3,期,True,80,16,0,80,吳昇翰,"四1,2,3,4(日月光廠區)(實驗)","['', '', '', '1234', '', '', '']","《企業實習》
限先進半導體封測所學生修課",[],False
https://selcrs.nsysu.edu.tw/menu5/showoutline.asp?SYEAR=114&SEM=2&CrsDat=ASPT587A&Crsname=品質管理核心工具應用,,,True,半導體封測所,ASPT587A,2,不分班,"品質管理核心工具應用
APPLICATION OF QUALITY MANAGEMENT CORE TOOLS",3,期,True,30,6,0,30,林勇志,"四1,2,3,4(華泰廠區)(實驗)","['', '', '', '1234', '', '', '']","《企業實習》
限先進半導體封測所學生修課",[],False
https://selcrs.nsysu.edu.tw/menu5/showoutline.asp?SYEAR=114&SEM=2&CrsDat=ASPT587B&Crsname=品質管理核心工具應用,,,True,半導體封測所,ASPT587B,2,不分班,"品質管理核心工具應用
APPLICATION OF QUALITY MANAGEMENT CORE TOOLS",3,期,True,30,0,0,30,孫家彬,"四1,2,3,4(穎崴廠區)(實驗)","['', '', '', '1234', '', '', '']","《企業實習》
限先進半導體封測所學生修課。",[],False
https://selcrs.nsysu.edu.tw/menu5/showoutline.asp?SYEAR=114&SEM=2&CrsDat=ASPT588&Crsname=專業課程與應用（二）【專案規劃與執行】,,,True,半導體封測所,ASPT588,2,不分班,"專業課程與應用（二）【專案規劃與執行】
PROFESSIONAL COURSES AND APPLICATIONS (LEVEL 2)–PROJECT PLANNING AND EXECUTION",3,期,True,80,16,0,80,林挺生,"五1,2,3,4(日月光廠區)(實驗)","['', '', '', '', '1234', '', '']","《企業實習》
限先進半導體封測所學生修課。",[],False
https://selcrs.nsysu.edu.tw/menu5/showoutline.asp?SYEAR=114&SEM=2&CrsDat=ASPT588A&Crsname=專業課程與應用（二）【專案規劃與執行】,,,True,半導體封測所,ASPT588A,2,不分班,"專業課程與應用（二）【專案規劃與執行】
PROFESSIONAL COURSES AND APPLICATIONS (LEVEL 2)–PROJECT PLANNING AND EXECUTION",3,期,True,30,6,0,30,蔡潤波,"四8,5,6,7(華泰廠區)(實驗)","['', '', '', '5678', '', '', '']","《企業實習》
限先進半導體封測所學生修課。",[],False
https://selcrs.nsysu.edu.tw/menu5/showoutline.asp?SYEAR=114&SEM=2&CrsDat=ASPT588B&Crsname=專業課程與應用（二）【專案規劃與執行】,,,True,半導體封測所,ASPT588B,2,不分班,"專業課程與應用（二）【專案規劃與執行】
PROFESSIONAL COURSES AND APPLICATIONS (LEVEL 2)–PROJECT PLANNING AND EXECUTION",3,期,True,30,0,0,30,孫家彬,"五1,2,3,4(穎崴廠區)(實驗)","['', '', '', '', '1234', '', '']","《企業實習》
限先進半導體封測所學生修課。",[],False
https://selcrs.nsysu.edu.tw/menu5/showoutline.asp?SYEAR=114&SEM=2&CrsDat=ASPT589&Crsname=半導體封裝製程實驗,,,True,半導體封測所,ASPT589,1,不分班,"半導體封裝製程實驗
EXPERIMENT ON SEMICONDUCTOR PACKAGING PROCESSES",3,期,True,50,40,0,50,蔡潤波,"四1,2(工EC 2006) 四3,4(工EC 2006)(實驗)","['', '', '', '1234', '', '', '']","《實驗類》
網路選課期間先以先進半導體封測所學生修課為優先，外院、電子零組件所及半導體製造所的學生於選課異常處理期間進行紙本加簽選修。",[],False
https://selcrs.nsysu.edu.tw/menu5/showoutline.asp?SYEAR=114&SEM=2&CrsDat=ASPT589A&Crsname=半導體封裝製程實驗,,,True,半導體封測所,ASPT589A,1,不分班,"半導體封裝製程實驗
EXPERIMENT ON SEMICONDUCTOR PACKAGING PROCESSES",3,期,True,50,10,0,50,林勇志,"四5,6(工EC 2006) 四8,7(工EC 2006)(實驗)","['', '', '', '5678', '', '', '']","《實驗類》
網路選課期間先以先進半導體封測所學生修課為優先，外院、電子零組件所及半導體製造所的學生於選課異常處理期間進行紙本加簽選修。",[],False
https://selcrs.nsysu.edu.tw/menu5/showoutline.asp?SYEAR=114&SEM=2&CrsDat=ASPT593&Crsname=專題報告【驗收與規劃B】,,,True,半導體封測所,ASPT593,3,不分班,"專題報告【驗收與規劃B】
PROJECT REPORTING - ACCEPTANCE AND PLANNING （B）",3,期,True,80,4,0,80,賴逸少,"五5,6,7(日月光廠區)(實驗)","['', '', '', '', '567', '', '']","《企業實習》
限先進半導體封測所學生修課。",[],False
https://selcrs.nsysu.edu.tw/menu5/showoutline.asp?SYEAR=114&SEM=2&CrsDat=ASPT593A&Crsname=專題報告【驗收與規劃B】,,,True,半導體封測所,ASPT593A,3,不分班,"專題報告【驗收與規劃B】
PROJECT REPORTING - ACCEPTANCE AND PLANNING （B）",3,期,True,30,0,0,30,蔡潤波,"三2,3,4(華泰廠區)(實驗)","['', '', '234', '', '', '', '']","《企業實習》
限先進半導體封測所學生修課。",[],False
https://selcrs.nsysu.edu.tw/menu5/showoutline.asp?SYEAR=114&SEM=2&CrsDat=ASPT593B&Crsname=專題報告【驗收與規劃B】,,,True,半導體封測所,ASPT593B,3,不分班,"專題報告【驗收與規劃B】
PROJECT REPORTING - ACCEPTANCE AND PLANNING （B）",3,期,True,30,4,0,30,孫家彬,"二5,6,7(穎崴廠區)(實驗)","['', '567', '', '', '', '', '']","《企業實習》
限先進半導體封測所學生修課。",[],False
https://selcrs.nsysu.edu.tw/menu5/showoutline.asp?SYEAR=114&SEM=2&CrsDat=ASPT597&Crsname=專題技術報告（二）,,,False,半導體封測所,ASPT597,2,不分班,"專題技術報告（二）
SPECIAL TOPICS & TECHNICAL REPORTS IN ADVANCED SEMICONDUCTOR PACKAGING AND TESTING (II)",0,期,True,90,0,71,19,"吳松茂,張美濙,施孟鎧,林勇志,汪正祺,潘正堂,王志逢,蔡崇煒,蔡潤波,郭紹偉,陳信助,魏家博,黃仲平","六2,3,4(教授研究室)","['', '', '', '', '', '234', '']","《獨立研究》
限先進半導體封測所學生修課",[],False
https://selcrs.nsysu.edu.tw/menu5/showoutline.asp?SYEAR=114&SEM=2&CrsDat=ASPT599&Crsname=專題技術報告（四）,,,False,半導體封測所,ASPT599,3,不分班,"專題技術報告（四）
SPECIAL TOPICS & TECHNICAL REPORTS IN ADVANCED SEMICONDUCTOR PACKAGING AND TESTING (IV)",0,期,True,80,8,0,80,"吳松茂,張美濙,張鼎張,施孟鎧,李英杰,林勇志,林挺生,汪正祺,潘正堂,王志逢,王郁仁,蔡崇煒,蔡潤波,郭振坤,郭紹偉,陳信助,魏家博,黃仲平","六8,6,7()","['', '', '', '', '', '678', '']","《獨立研究》
限先進半導體封測所學生修課。",[],False
https://selcrs.nsysu.edu.tw/menu5/showoutline.asp?SYEAR=114&SEM=2&CrsDat=PEC646&Crsname=薄膜製程技術與實作,異動,確認教師1/21,False,零組件研究所,PEC646,1,不分班,"薄膜製程技術與實作
THIN FILM PROCESS TECHNOLOGY AND PRACTICE",3,期,False,5,1,0,5,林瑞欽,"五2,3,4(工EC 3005)","['', '', '', '', '234', '', '']","《講授類》
網路選課期間先以精密電子零組件研究所學生修課為優先，外院、半導體封測所及半導體製造所的學生於選課異常處理期間進行紙本加簽選修",[],True
https://selcrs.nsysu.edu.tw/menu5/showoutline.asp?SYEAR=114&SEM=2&CrsDat=PEC654&Crsname=電子材料,,,True,零組件研究所,PEC654,1,不分班,"電子材料
ELECTRONIC MATERIALS",3,期,True,5,3,0,5,鍾秀瑩,"四2,3,4(國IR 6002J)","['', '', '', '234', '', '', '']","《講授類》
網路選課期間先以精密電子零組件研究所學生修課為優先，外院、半導體封測所及半導體製造所的學生於選課異常處理期間進行紙本加簽選修。","['半導體製程模組學程', '半導體設備工程學程', '半導體元件學程']",True
https://selcrs.nsysu.edu.tw/menu5/showoutline.asp?SYEAR=114&SEM=2&CrsDat=PEC656&Crsname=積層陶瓷元件,,,True,零組件研究所,PEC656,1,不分班,"積層陶瓷元件
MULTILAYER CERAMIC DEVICES",3,期,True,5,7,0,5,李英杰,"一5,6,7(國IR 6002J)","['567', '', '', '', '', '', '']","《講授類》
網路選課期間先以精密電子零組件研究所學生修課為優先，外院、半導體封測所及半導體製造所的學生於選課異常處理期間進行紙本加簽選修。",[],True
https://selcrs.nsysu.edu.tw/menu5/showoutline.asp?SYEAR=114&SEM=2&CrsDat=PEC657&Crsname=電子顯微鏡學,,,False,零組件研究所,PEC657,1,不分班,"電子顯微鏡學
ELECTRON MICROSCOPY",3,期,False,5,7,0,5,鍾秀瑩,"一2,3,4(國IR 6002J)","['234', '', '', '', '', '', '']","《講授類》
網路選課期間先以精密電子零組件研究所學生修課為優先，外院、半導體封測所及半導體製造所的學生於選課異常處理期間進行紙本加簽選修。","['半導體製程模組學程', '半導體元件學程']",False
https://selcrs.nsysu.edu.tw/menu5/showoutline.asp?SYEAR=114&SEM=2&CrsDat=PEC663&Crsname=陶瓷介電材料基礎理論與實習,,,True,零組件研究所,PEC663,1,不分班,"陶瓷介電材料基礎理論與實習
INTERNSHIP IN BASIC THEORY OF CERAMIC DIELECTRIC MATERIALS",3,期,True,5,2,0,5,胡慶利,"二8,2,3,4,5,6,7(國巨廠區)(實驗)","['', '2345678', '', '', '', '', '']","《企業實習》
限精密電子零組件研究所-被動元件組學生修課",[],False
https://selcrs.nsysu.edu.tw/menu5/showoutline.asp?SYEAR=114&SEM=2&CrsDat=PEC664&Crsname=電阻元件原理暨應用概論與實習,,,True,零組件研究所,PEC664,1,不分班,"電阻元件原理暨應用概論與實習
INTERNSHIP IN INTRODUCTION TO PRINCIPLE AND APPLICATION OF RESISTOR",3,期,True,5,2,0,5,楊凱勛,"三1,2,3,4,5,6,7(國巨廠區)(實驗)","['', '', '1234567', '', '', '', '']","《企業實習》
限精密電子零組件研究所-被動元件組學生修課",[],False
https://selcrs.nsysu.edu.tw/menu5/showoutline.asp?SYEAR=114&SEM=2&CrsDat=PEC668&Crsname=MLCC製程概要與實習（二）,,,True,零組件研究所,PEC668,2,不分班,"MLCC製程概要與實習（二）
INTERNSHIP IN INTRODUCTION OF MLCC MANUFACTURE PROCESS PART 2",3,期,True,5,0,0,5,李俊德,"二1,2,3,4(國巨廠區)(實驗)","['', '1234', '', '', '', '', '']","《企業實習》
限精密電子零組件研究所-被動元件組學生修課",[],False
https://selcrs.nsysu.edu.tw/menu5/showoutline.asp?SYEAR=114&SEM=2&CrsDat=PEC669&Crsname=鈦酸鋇粉末合成材料導論與實習,,,True,零組件研究所,PEC669,2,不分班,"鈦酸鋇粉末合成材料導論與實習
INTERNSHIP IN INTRODUCTION TO THE SYNTHESIS OF CERAMIC POWDER",3,期,True,5,0,0,5,徐豐麒,"二8,5,6,7(國巨廠區)(實驗)","['', '5678', '', '', '', '', '']","《企業實習》
限精密電子零組件研究所-被動元件組學生修課",[],False
https://selcrs.nsysu.edu.tw/menu5/showoutline.asp?SYEAR=114&SEM=2&CrsDat=PEC671&Crsname=統計與實驗設計實作,,,True,零組件研究所,PEC671,1,不分班,"統計與實驗設計實作
INTERNSHIP IN STATISTICS AND EXPERIMENTAL DESIGN",3,期,True,10,5,0,10,林震,"二8,2,3,4,5,6,7(國IR 6002J)(實驗)","['', '2345678', '', '', '', '', '']","《企業實習》
限精密電子零組件研究所-電子零組件及設備組學生修課","['半導體製程模組學程', '半導體設備工程學程', '半導體元件學程']",False
https://selcrs.nsysu.edu.tw/menu5/showoutline.asp?SYEAR=114&SEM=2&CrsDat=PEC678&Crsname=初階企業實習,,,True,零組件研究所,PEC678,1,不分班,"初階企業實習
ENTRY-LEVEL CORPORATE INTERNSHIP",3,期,True,10,5,0,10,李英杰,"三1,2,3,4,5,6,7(國IR 6002J、各企業廠區)(實驗)","['', '', '1234567', '', '', '', '']","《企業實習》
限精密電子零組件研究所-電子零組件及設備組學生修課",[],False
https://selcrs.nsysu.edu.tw/menu5/showoutline.asp?SYEAR=114&SEM=2&CrsDat=PEC683&Crsname=專利基礎知識與應用實務,,,True,零組件研究所,PEC683,3,不分班,"專利基礎知識與應用實務
INTERNSHIP IN PATENT BASIC KNOWLEDGE AND APPLICATION PRACTICE.",3,期,True,10,2,0,10,許智為,"四5,6,7(國IR 6002J)(實驗)","['', '', '', '567', '', '', '']","《企業實習》
限精密電子零組件研究所-電子零組件及設備組學生修課",[],False
https://selcrs.nsysu.edu.tw/menu5/showoutline.asp?SYEAR=114&SEM=2&CrsDat=PEC684&Crsname=進階企業實習（三）,,,True,零組件研究所,PEC684,2,不分班,"進階企業實習（三）
ADVANCED CORPORATE INTERNSHIP（III）",3,期,True,5,0,0,5,熊學毅,"四1,2,3,4(雷科廠區)(實驗)","['', '', '', '1234', '', '', '']","《企業實習》
限精密電子零組件研究所-電子零組件及設備組學生修課",[],False
https://selcrs.nsysu.edu.tw/menu5/showoutline.asp?SYEAR=114&SEM=2&CrsDat=PEC684A&Crsname=進階企業實習（三）,,,True,零組件研究所,PEC684A,2,不分班,"進階企業實習（三）
ADVANCED CORPORATE INTERNSHIP（III）",3,期,True,5,1,0,5,陳南誠,"四8,5,6,7(穎崴廠區)(實驗)","['', '', '', '5678', '', '', '']","《企業實習》
限精密電子零組件研究所-電子零組件及設備組學生修課",[],False
https://selcrs.nsysu.edu.tw/menu5/showoutline.asp?SYEAR=114&SEM=2&CrsDat=PEC684B&Crsname=進階企業實習（三）,,,True,零組件研究所,PEC684B,2,不分班,"進階企業實習（三）
ADVANCED CORPORATE INTERNSHIP（III）",3,期,True,5,1,0,5,林震,"三A,1,2,3(台虹廠區)(實驗)","['', '', 'A123', '', '', '', '']","《企業實習》
限精密電子零組件研究所-電子零組件及設備組學生修課",[],False
https://selcrs.nsysu.edu.tw/menu5/showoutline.asp?SYEAR=114&SEM=2&CrsDat=PEC684C&Crsname=進階企業實習（三）,,,True,零組件研究所,PEC684C,2,不分班,"進階企業實習（三）
ADVANCED CORPORATE INTERNSHIP（III）",3,期,True,5,1,0,5,謝明哲,"二1,2,3,4(台郡廠商)(實驗)","['', '1234', '', '', '', '', '']","《企業實習》
限精密電子零組件研究所-電子零組件及設備組學生修課",[],False
https://selcrs.nsysu.edu.tw/menu5/showoutline.asp?SYEAR=114&SEM=2&CrsDat=PEC686&Crsname=進階企業實習（四）,,,True,零組件研究所,PEC686,2,不分班,"進階企業實習（四）
ADVANCED CORPORATE INTERNSHIP（IV）",3,期,True,5,0,0,5,熊學毅,"四8,5,6,7(雷科廠區)(實驗)","['', '', '', '5678', '', '', '']","《企業實習》
限精密電子零組件研究所-電子零組件及設備組學生修課",[],False
https://selcrs.nsysu.edu.tw/menu5/showoutline.asp?SYEAR=114&SEM=2&CrsDat=PEC686A&Crsname=進階企業實習（四）,,,True,零組件研究所,PEC686A,2,不分班,"進階企業實習（四）
ADVANCED CORPORATE INTERNSHIP（IV）",3,期,True,5,0,0,5,陳南誠,"四1,2,3,4(穎崴廠區)(實驗)","['', '', '', '1234', '', '', '']","《企業實習》
限精密電子零組件研究所-電子零組件及設備組學生修課",[],False
https://selcrs.nsysu.edu.tw/menu5/showoutline.asp?SYEAR=114&SEM=2&CrsDat=PEC686B&Crsname=進階企業實習（四）,,,True,零組件研究所,PEC686B,2,不分班,"進階企業實習（四）
ADVANCED CORPORATE INTERNSHIP（IV）",3,期,True,5,1,0,5,林震,"三4,5,6,7(台虹廠區)(實驗)","['', '', '4567', '', '', '', '']","《企業實習》
限精密電子零組件研究所-電子零組件及設備組學生修課",[],False
https://selcrs.nsysu.edu.tw/menu5/showoutline.asp?SYEAR=114&SEM=2&CrsDat=PEC686C&Crsname=進階企業實習（四）,,,True,零組件研究所,PEC686C,2,不分班,"進階企業實習（四）
ADVANCED CORPORATE INTERNSHIP（IV）",3,期,True,5,1,0,5,謝明哲,"四1,2,3,4(台郡廠區)(實驗)","['', '', '', '1234', '', '', '']","《企業實習》
限精密電子零組件研究所-電子零組件及設備組學生修課",[],False
https://selcrs.nsysu.edu.tw/menu5/showoutline.asp?SYEAR=114&SEM=2&CrsDat=PEC693&Crsname=電阻信賴性試驗、規範與實務,,,True,零組件研究所,PEC693,3,不分班,"電阻信賴性試驗、規範與實務
INTERNSHIP IN RELIABILITY TEST AND STANDARD DOCUMENTS FOR RESISTOR",3,期,True,15,3,0,15,楊凱勛,"四2,3,4(國巨廠區)(實驗)","['', '', '', '234', '', '', '']","《企業實習》
限精密電子零組件研究所-被動元件組學生修課",[],False
https://selcrs.nsysu.edu.tw/menu5/showoutline.asp?SYEAR=114&SEM=2&CrsDat=PEC697&Crsname=專題技術報告（二）,異動,增加合授教師1/21,False,零組件研究所,PEC697,2,不分班,"專題技術報告（二）
SPECIAL TOPICS & TECHNICAL REPORTS IN PRECISION ELECTRONIC COMPONENTS (II)",0,期,True,15,0,13,2,"李英杰,林瑞欽,林震,楊凱勛,蔡崇煒,蔡潤波,謝明哲,鍾秀瑩","六2,3,4(教授研究室)","['', '', '', '', '', '234', '']","《獨立研究》
限精密電子零組件研究所學生修課",[],False
https://selcrs.nsysu.edu.tw/menu5/showoutline.asp?SYEAR=114&SEM=2&CrsDat=PEC699&Crsname=專題技術報告（四）,,,False,零組件研究所,PEC699,3,不分班,"專題技術報告（四）
SPECIAL TOPICS & TECHNICAL REPORTS IN PRECISION ELECTRONIC COMPONENTS (IV)",0,期,True,25,5,0,25,"李英杰,林震,蔡潤波,郭紹偉,鍾秀瑩,陳信助","六5,6,7(教授研究室)","['', '', '', '', '', '567', '']","《獨立研究》
限精密電子零組件研究所學生修課",[],False
https://selcrs.nsysu.edu.tw/menu5/showoutline.asp?SYEAR=114&SEM=2&CrsDat=ISM535&Crsname=半導體材料與分析,,,False,半導體製造碩,ISM535,1,不分班,"半導體材料與分析
SEMICONDUCTOR MATERIALS AND ANALYSIS",3,期,False,10,5,0,10,林明德,"二2,3,4(國IR 6002K)","['', '234', '', '', '', '', '']","《講授類》
網路選課期間先以創新半導體製造所學生修課為優先，外院、電子零組件所及半導體封測所的學生於選課異常處理期間進行紙本加簽選修。",[],True
https://selcrs.nsysu.edu.tw/menu5/showoutline.asp?SYEAR=114&SEM=2&CrsDat=ISM551&Crsname=先進半導體製程,,,False,半導體製造碩,ISM551,1,不分班,"先進半導體製程
ADVANCED SEMICONDUCTOR MANUFACTURING PROCESS",3,期,False,10,6,0,10,林明德,"三2,3,4(國IR 6002K)","['', '', '234', '', '', '', '']","《講授類》
網路選課期間先以創新半導體製造所學生修課為優先，外院、電子零組件所及半導體封測所的學生於選課異常處理期間進行紙本加簽選修。",[],True
https://selcrs.nsysu.edu.tw/menu5/showoutline.asp?SYEAR=114&SEM=2&CrsDat=ISM566&Crsname=半導體元件特性量測分析,,,False,半導體製造碩,ISM566,1,不分班,"半導體元件特性量測分析
ELECTRICAL MEASUREMENT AND ANALYSIS OF SEMICONDUCTOR DEVICES",3,期,False,10,9,0,10,張鼎張,"五C,D,E(理PH 5009)","['', '', '', '', 'CDE', '', '']","《講授類》
網路選課期間先以創新半導體製造所學生修課為優先，外院、電子零組件所及半導體封測所的學生於選課異常處理期間進行紙本加簽選修。","['矽光子暨半導體學程', '半導體元件學程', '半導體物理與先進元件分析微學程']",False
https://selcrs.nsysu.edu.tw/menu5/showoutline.asp?SYEAR=114&SEM=2&CrsDat=ISM567&Crsname=半導體設備,,,False,半導體製造碩,ISM567,1,不分班,"半導體設備
SEMICONDUCTOR EQUIPMENT",3,期,False,10,12,0,10,謝佳旭,"四2,3,4(國IR 6002K)","['', '', '', '234', '', '', '']","《講授類》
網路選課期間先以創新半導體製造所學生修課為優先，外院、電子零組件所及半導體封測所的學生於選課異常處理期間進行紙本加簽選修。",[],True
https://selcrs.nsysu.edu.tw/menu5/showoutline.asp?SYEAR=114&SEM=2&CrsDat=ISM571&Crsname=微感測晶片設計,,,False,半導體製造碩,ISM571,1,不分班,"微感測晶片設計
MICROSENSOR CHIP DESIGN",3,期,False,10,10,0,10,謝佳旭,"二8,6,7(國IR 6002K)","['', '678', '', '', '', '', '']","《講授類》
網路選課期間先以創新半導體製造所學生修課為優先，外院、電子零組件所及半導體封測所的學生於選課異常處理期間進行紙本加簽選修。",[],True
https://selcrs.nsysu.edu.tw/menu5/showoutline.asp?SYEAR=114&SEM=2&CrsDat=ISM576&Crsname=先進記憶體科技,,,False,半導體製造碩,ISM576,1,不分班,"先進記憶體科技
ADVANCED SEMICONDUCTOR MEMORY TECHNOLOGY",3,期,False,10,13,0,10,王俊明,"五2,3,4(國IR 6002J)","['', '', '', '', '234', '', '']","《講授類》
網路選課期間先以創新半導體製造所學生修課為優先，外院、電子零組件所及半導體封測所的學生於選課異常處理期間進行紙本加簽選修。",['半導體元件學程'],True
https://selcrs.nsysu.edu.tw/menu5/showoutline.asp?SYEAR=114&SEM=2&CrsDat=ISM578&Crsname=薄膜科技實務應用,,,False,半導體製造碩,ISM578,1,不分班,"薄膜科技實務應用
THIN-FILM TECHNOLOGY PRACTICES AND APPLICATIONS",3,期,False,10,7,0,10,王俊明,"四8,6,7(國IR 6002K)","['', '', '', '678', '', '', '']","《講授類》
網路選課期間先以創新半導體製造所學生修課為優先，外院、電子零組件所及半導體封測所的學生於選課異常處理期間進行紙本加簽選修。",[],True
https://selcrs.nsysu.edu.tw/menu5/showoutline.asp?SYEAR=114&SEM=2&CrsDat=ISM585&Crsname=半導體特殊技術專論,,,False,半導體製造碩,ISM585,1,不分班,"半導體特殊技術專論
SEMICONDUCTOR SPECIALTY TECHNOLOGIES",3,期,True,50,0,38,12,黃義佑,"一8,6,7(國IR 1001)","['678', '', '', '', '', '', '']","《講授類》
網路選課期間先以創新半導體製造所學生修課為優先，外院、電子零組件所及半導體封測所的學生於選課異常處理期間進行紙本加簽選修。",[],False
https://selcrs.nsysu.edu.tw/menu5/showoutline.asp?SYEAR=114&SEM=2&CrsDat=ISM592&Crsname=專題研究（一）,,,False,半導體製造碩,ISM592,1,不分班,"專題研究（一）
INDEPENDENT STUDIES(I)",3,期,False,35,11,0,35,"張鼎張,李英杰,林勇志,林明德,王俊明,謝佳旭,邱奎霖,陳信助,陳英忠,馬誠佑,黃仲平","六C,D,E(教授研究室)","['', '', '', '', '', 'CDE', '']","《獨立研究》
網路選課期間先以創新半導體製造所學生修課為優先，外院、電子零組件所及半導體封測所的學生於選課異常處理期間進行紙本加簽選修。",[],False
https://selcrs.nsysu.edu.tw/menu5/showoutline.asp?SYEAR=114&SEM=2&CrsDat=ISM593&Crsname=智慧型微感測晶片設計專題,,,False,半導體製造碩,ISM593,1,不分班,"智慧型微感測晶片設計專題
INDEPENDENT STUDIES IN SMART-SENSING MICROCHIPS DESIGN",3,期,False,5,4,0,5,黃義佑,"三5,6,7(國IR 6002K)","['', '', '567', '', '', '', '']","《獨立研究》
網路選課期間先以創新半導體製造所學生修課為優先，外院、電子零組件所及半導體封測所的學生於選課異常處理期間進行紙本加簽選修。",[],False
https://selcrs.nsysu.edu.tw/menu5/showoutline.asp?SYEAR=114&SEM=2&CrsDat=SBF504&Crsname=全球資產管理業務趨勢與營運模式創新,,,True,國際資產所,SBF504,1,不分班,"全球資產管理業務趨勢與營運模式創新
GLOBAL WEALTH MANAGEMENT: TRENDS & NEW BUSINESS MODEL",3,期,True,50,14,0,50,艾西亞,,"['', '', '', '', '', 'B56', '']","《講授類》
本課程限國資所(一般組)學生加選，實際上課時間為12:40-15:30。",[],True
https://selcrs.nsysu.edu.tw/menu5/showoutline.asp?SYEAR=114&SEM=2&CrsDat=SBF504A&Crsname=全球資產管理業務趨勢與營運模式創新,,,True,國際資產所,SBF504A,1,不分班,"全球資產管理業務趨勢與營運模式創新
GLOBAL WEALTH MANAGEMENT: TRENDS & NEW BUSINESS MODEL",3,期,True,50,8,0,50,艾西亞,,"['', '', '', '', '', '789', '']","《講授類》
本課程限國資所(企業組)學生加選，實際上課時間為15:40-18:30。",[],True
https://selcrs.nsysu.edu.tw/menu5/showoutline.asp?SYEAR=114&SEM=2&CrsDat=SBF505&Crsname=資產管理業務風險解析與管理實務,,,True,國際資產所,SBF505,1,不分班,"資產管理業務風險解析與管理實務
WEALTH MANAGEMENT: OPERATION & RISK MANAGEMENT",3,期,True,50,13,0,50,彭聰敏,,"['', '', '', '678', '', '', '']","《講授類》
本課程限國資所(一般組)學生加選。",[],True
https://selcrs.nsysu.edu.tw/menu5/showoutline.asp?SYEAR=114&SEM=2&CrsDat=SBF505A&Crsname=資產管理業務風險解析與管理實務,,,True,國際資產所,SBF505A,1,不分班,"資產管理業務風險解析與管理實務
WEALTH MANAGEMENT: OPERATION & RISK MANAGEMENT",3,期,True,50,8,0,50,Bryan Low Yi Teng,,"['', '', '', '', '', 'B56', '']","《講授類》
本課程限國資所(企業組)學生加選，實際上課時間為12:40-15:30。",[],True
https://selcrs.nsysu.edu.tw/menu5/showoutline.asp?SYEAR=114&SEM=2&CrsDat=SBF506&Crsname=國際金融監理變革趨勢與研討,,,False,國際資產所,SBF506,1,不分班,"國際金融監理變革趨勢與研討
EVOLUTION OF FINANCIAL REGULATION & SUPERVISION: AN INTERNATIONAL PERSPECTIVE",2,期,True,50,0,50,0,饒永華,,"['', '', '', '', '67', '', '']","《講授類》
本課程限國資所學生加選。",[],True
https://selcrs.nsysu.edu.tw/menu5/showoutline.asp?SYEAR=114&SEM=2&CrsDat=SBF507&Crsname=創新商業模式實作（二）,,,False,國際資產所,SBF507,1,不分班,"創新商業模式實作（二）
INDEPENDENT STUDIES IN INNOVATIVE BUSINESS MODELS-2",1,期,True,50,0,50,0,"王昭文,郭志文",,"['', '', '', '', '8', '', '']","《獨立研究》
本課程限國資所學生加選。",[],False
https://selcrs.nsysu.edu.tw/menu5/showoutline.asp?SYEAR=114&SEM=2&CrsDat=SBF516&Crsname=國際政治經濟情勢分析,異動,確認教師1/20,False,國際資產所,SBF516,1,不分班,"國際政治經濟情勢分析
THE ENVIRONMENT OF INTERNATIONAL POLITICS AND ECONOMY",2,期,False,50,15,0,50,"呂桔誠,陳婉宜",,"['', '', '', '', '34', '', '']","《講授類》
本課程將優先開放國際金融研究學院學生加選，隨後依名額開放予大學部三年級(含)以上學生申請加選。",[],True
https://selcrs.nsysu.edu.tw/menu5/showoutline.asp?SYEAR=114&SEM=2&CrsDat=SBF560&Crsname=投資決策與交易實務經驗,,,False,國際資產所,SBF560,1,不分班,"投資決策與交易實務經驗
INVESTMENT DECISION-MAKING & TRANSACTIONS",2,期,False,50,19,0,50,張綺真,,"['', '', '', '', '', '34', '']","《講授類》
本課程將優先開放國際金融研究學院學生加選，隨後依名額開放予大學部三年級(含)以上學生申請加選。",[],True
https://selcrs.nsysu.edu.tw/menu5/showoutline.asp?SYEAR=114&SEM=2&CrsDat=SBF565&Crsname=商用英文實務（二）,,,False,國際資產所,SBF565,1,不分班,"商用英文實務（二）
ENGLISH FOR BUSINESS (II)",1,期,False,100,19,0,100,李汀洧,,"['', '', '', 'D', '', '', '']","《講授類》
本課程限國資所學生加選，實際上課時間為19:00-19:50。",[],True
https://selcrs.nsysu.edu.tw/menu5/showoutline.asp?SYEAR=114&SEM=2&CrsDat=DSF504&Crsname=大數據與分析於金融業的實務,,,True,數位金融所,DSF504,1,不分班,"大數據與分析於金融業的實務
THE PRACTICE OF BIG DATA AND ANALYSIS IN THE FINANCIAL INDUSTRY",3,期,True,60,10,0,60,王可言,,"['', '', '', '234', '', '', '']","《講授類》
本課程限數金所(一般組)學生加選。",[],True
https://selcrs.nsysu.edu.tw/menu5/showoutline.asp?SYEAR=114&SEM=2&CrsDat=DSF504A&Crsname=大數據與分析於金融業的實務,,,True,數位金融所,DSF504A,1,不分班,"大數據與分析於金融業的實務
THE PRACTICE OF BIG DATA AND ANALYSIS IN THE FINANCIAL INDUSTRY",3,期,True,60,4,0,60,王可言,,"['', '', '', '', '234', '', '']","《講授類》
本課程限數金所(企業組)學生加選。",[],True
https://selcrs.nsysu.edu.tw/menu5/showoutline.asp?SYEAR=114&SEM=2&CrsDat=DSF505&Crsname=綠色金融工具與應用,,,False,數位金融所,DSF505,1,不分班,"綠色金融工具與應用
GREEN FINANCIAL TOOLS AND APPLICATIONS",3,期,True,60,0,51,9,"貝賽峰,黃正忠",,"['', '', '', '', '23456789', '234B5678', '']","《講授類》
本課程限數金所1年級學生加選，2/13-2/14實際上課時間為09:00-17:30，3/7-6/27實際上課時間為12:40-14:30。",[],True
https://selcrs.nsysu.edu.tw/menu5/showoutline.asp?SYEAR=114&SEM=2&CrsDat=DSF506&Crsname=人工智慧在金融界的應用,,,True,數位金融所,DSF506,1,不分班,"人工智慧在金融界的應用
APPLICATION OF ARTIFICIAL INTELLIGENCE IN FINANCE",3,期,True,60,12,0,60,彭聰敏,,"['', '', '', '', '567', '', '']","《講授類》
本課程限數金所(一般組)學生加選。",[],True
https://selcrs.nsysu.edu.tw/menu5/showoutline.asp?SYEAR=114&SEM=2&CrsDat=DSF506A&Crsname=人工智慧在金融界的應用,異動,確認教師1/20,True,數位金融所,DSF506A,1,不分班,"人工智慧在金融界的應用
APPLICATION OF ARTIFICIAL INTELLIGENCE IN FINANCE",3,期,True,60,2,0,60,王尚文,,"['', '', '', '', '', '234', '']","《講授類》
本課程限數金所(企業組)學生加選。",[],True
https://selcrs.nsysu.edu.tw/menu5/showoutline.asp?SYEAR=114&SEM=2&CrsDat=DSF507&Crsname=創新商業模式實作（二）,,,False,數位金融所,DSF507,1,不分班,"創新商業模式實作（二）
IMPLEMENTATION OF INNOVATIVE BUSINESS MODELS (II)",1,期,True,60,0,51,9,"王昭文,郭志文",,"['', '', '', '', '8', '', '']","《獨立研究》
本課程限數金所學生加選。",[],False
https://selcrs.nsysu.edu.tw/menu5/showoutline.asp?SYEAR=114&SEM=2&CrsDat=DSF510&Crsname=創新商業模式實作（四）,,,False,數位金融所,DSF510,2,不分班,"創新商業模式實作（四）
IMPLEMENTATION OF INNOVATIVE BUSINESS MODELS (IV)",1,期,True,60,0,27,33,"王昭文,郭志文",,"['', '', '', '', '8', '', '']","《獨立研究》
本課程限數金所學生加選。",[],False
https://selcrs.nsysu.edu.tw/menu5/showoutline.asp?SYEAR=114&SEM=2&CrsDat=DSF554&Crsname=開放型總體經濟與國際金融,異動,確認教師1/20,False,數位金融所,DSF554,1,不分班,"開放型總體經濟與國際金融
OPEN MACROECONOMICS AND INTERNATIONAL FINANCE",2,期,False,50,2,0,50,林建甫,,"['', '', '', '', '', '89', '']","《講授類》
本課程將優先開放國際金融研究學院學生加選，隨後依名額開放予大學部三年級(含)以上學生申請加選。實際上課時間為16:40-18:30。",[],True
https://selcrs.nsysu.edu.tw/menu5/showoutline.asp?SYEAR=114&SEM=2&CrsDat=DSF560&Crsname=商用英文實務（四）,,,False,數位金融所,DSF560,1,不分班,"商用英文實務（四）
ENGLISH FOR BUSINESS (IV)",1,期,False,100,13,0,100,李汀洧,,"['', '', '', 'E', '', '', '']","《講授類》
本課程限數金所學生加選，實際上課時間為20:00-20:50。",[],True
https://selcrs.nsysu.edu.tw/menu5/showoutline.asp?SYEAR=114&SEM=2&CrsDat=DSF562&Crsname=數位金融創新與道德規範,,,False,數位金融所,DSF562,1,不分班,"數位金融創新與道德規範
DIGITAL FINANCIAL INNOVATION AND ETHICS",2,期,False,50,8,0,50,竹下誠二郎,,"['', '', '', '', '', '67', '']","《講授類》
本課程將優先開放國際金融研究學院學生加選，隨後依名額開放予大學部三年級(含)以上學生申請加選。實際上課時間為14:40-16:30。",[],True
https://selcrs.nsysu.edu.tw/menu5/showoutline.asp?SYEAR=114&SEM=2&CrsDat=BIOS902&Crsname=碩士論文,,,False,生科碩專,BIOS902,2,不分班,"碩士論文
MASTER THESIS",3,期,True,50,0,5,45,指導教授,"六5,6,7()","['', '', '', '', '', '567', '']",《研討類》,[],False
https://selcrs.nsysu.edu.tw/menu5/showoutline.asp?SYEAR=114&SEM=2&CrsDat=BIOS911&Crsname=書報討論（二）,,,False,生科碩專,BIOS911,1,不分班,"書報討論（二）
SEMINAR(II)",2,期,True,50,0,6,44,謝文發,"三D,E(理BI 3001)","['', '', 'DE', '', '', '', '']",《演講/參訪》,[],False
https://selcrs.nsysu.edu.tw/menu5/showoutline.asp?SYEAR=114&SEM=2&CrsDat=BIOS999&Crsname=專題研究（二）,,,False,生科碩專,BIOS999,2,不分班,"專題研究（二）
INDEPENDENT STUDIES(II)",3,期,False,50,1,0,50,"徐芝敏,顏聖紘,黃淑萍","六2,3,4()","['', '', '', '', '', '234', '']",《獨立研究》,[],False
https://selcrs.nsysu.edu.tw/menu5/showoutline.asp?SYEAR=114&SEM=2&CrsDat=ENVE923&Crsname=碩士論文,,,False,環工碩專,ENVE923,2,不分班,"碩士論文
MASTER THESIS",3,期,True,50,1,20,30,指導教授,"日C,D,E(工EV 4024)","['', '', '', '', '', '', 'CDE']",《研討類》,[],False
https://selcrs.nsysu.edu.tw/menu5/showoutline.asp?SYEAR=114&SEM=2&CrsDat=ENVE925&Crsname=專題演講（二）,,,False,環工碩專,ENVE925,1,不分班,"專題演講（二）
SEMINAR （II）",1,期,True,50,0,17,33,張耿崚,"日3,4(工EV 4024)","['', '', '', '', '', '', '34']",《演講/參訪》,[],False
https://selcrs.nsysu.edu.tw/menu5/showoutline.asp?SYEAR=114&SEM=2&CrsDat=ENVE925A&Crsname=專題演講（二）,,,False,環工碩專,ENVE925A,2,不分班,"專題演講（二）
SEMINAR （II）",1,期,True,50,0,20,30,施育仁,"日3,4(工EV 4024)","['', '', '', '', '', '', '34']",《演講/參訪》,[],False
https://selcrs.nsysu.edu.tw/menu5/showoutline.asp?SYEAR=114&SEM=2&CrsDat=ENVE931&Crsname=環境化學,,,False,環工碩專,ENVE931,0,不分班,"環境化學
ENVIRONMENTAL CHEMISTRY",3,期,False,50,9,0,50,黑正明,"六5,6,7(工EV 4024)","['', '', '', '', '', '567', '']",《講授類》,[],False
https://selcrs.nsysu.edu.tw/menu5/showoutline.asp?SYEAR=114&SEM=2&CrsDat=ENVE957&Crsname=水污染與防制,,,False,環工碩專,ENVE957,0,不分班,"水污染與防制
WATER POLLUTION AND CONTROL",3,期,False,50,13,0,50,林永璋,"六2,3,4(工EV 4024)","['', '', '', '', '', '234', '']",《講授類》,[],False
https://selcrs.nsysu.edu.tw/menu5/showoutline.asp?SYEAR=114&SEM=2&CrsDat=CSE9005&Crsname=安全密碼協定,,,False,科技偵查碩專,CSE9005,0,不分班,"安全密碼協定
SECURE CRYPTOGRAPHIC PROTOCOLS",3,期,False,15,0,0,15,王智弘,"五2,3,4(工EC 1005)","['', '', '', '', '234', '', '']",《講授類》,[],False
https://selcrs.nsysu.edu.tw/menu5/showoutline.asp?SYEAR=114&SEM=2&CrsDat=CSE9006&Crsname=無線隨意與感測網路技術,,,False,科技偵查碩專,CSE9006,0,不分班,"無線隨意與感測網路技術
WIRELESS AD HOC AND SENSOR NETWORK TECHNOLOGY",3,期,False,15,0,0,15,王友群,"四8,6,7(工EC 5025)","['', '', '', '678', '', '', '']",《講授類》,[],True
https://selcrs.nsysu.edu.tw/menu5/showoutline.asp?SYEAR=114&SEM=2&CrsDat=CSE9008&Crsname=網路安全,異動,更換教室1/13,False,科技偵查碩專,CSE9008,0,不分班,"網路安全
NETWORK SECURITY",3,期,False,15,0,0,15,陳嘉玫,"六2,3,4(管CM 2023)","['', '', '', '', '', '234', '']",《講授類》,[],False
https://selcrs.nsysu.edu.tw/menu5/showoutline.asp?SYEAR=114&SEM=2&CrsDat=CSE9012&Crsname=科技犯罪與虛擬通貨金流分析,,,False,科技偵查碩專,CSE9012,0,不分班,"科技犯罪與虛擬通貨金流分析
TECHNOLOGY CRIME AND CRYPTOCURRENCY TRANSACTIONS ANALYSIS",3,期,False,20,2,0,20,高信雄,,"['', '', '', '', '', '234567', '']",《講授類》,[],False
https://selcrs.nsysu.edu.tw/menu5/showoutline.asp?SYEAR=114&SEM=2&CrsDat=CSE9013&Crsname=資訊科技與智慧財產權,,,False,科技偵查碩專,CSE9013,0,不分班,"資訊科技與智慧財產權
INFORMATION TECHNOLOGY AND INTELLIGENT PROPERTY RIGHT",3,期,False,20,1,0,20,吳淑莉,,"['', '', '', '', '', '', '234567']",《講授類》,[],False
https://selcrs.nsysu.edu.tw/menu5/showoutline.asp?SYEAR=114&SEM=2&CrsDat=CSE9014&Crsname=碩士論文（一）,,,False,科技偵查碩專,CSE9014,1,不分班,"碩士論文（一）
SPECIAL TOPICS IN MASTER THESIS (I)",2,期,True,15,0,13,2,指導教授,"六C,D(工EC 5007)","['', '', '', '', '', 'CD', '']",《研討類》,[],False
https://selcrs.nsysu.edu.tw/menu5/showoutline.asp?SYEAR=114&SEM=2&CrsDat=CSE9016&Crsname=碩士論文（三）,,,False,科技偵查碩專,CSE9016,2,不分班,"碩士論文（三）
SPECIAL TOPICS IN MASTER THESIS (III)",2,期,True,15,0,5,10,指導教授,"日C,D(工EC 5007)","['', '', '', '', '', '', 'CD']",《研討類》,[],False
https://selcrs.nsysu.edu.tw/menu5/showoutline.asp?SYEAR=114&SEM=2&CrsDat=MIS902&Crsname=碩士論文,,,False,資管碩專,MIS902,2,不分班,"碩士論文
MASTER THESIS",3,期,True,50,1,11,39,指導教授,"日1,2,3()","['', '', '', '', '', '', '123']","《研討類》
限資管碩專班修習",[],False
https://selcrs.nsysu.edu.tw/menu5/showoutline.asp?SYEAR=114&SEM=2&CrsDat=MIS913&Crsname=研究方法論,,,False,資管碩專,MIS913,1,不分班,"研究方法論
RESEARCH METHODOLOGY",3,期,True,50,0,14,36,李怡珍,"二C,D,E(管CM 2016)","['', 'CDE', '', '', '', '', '']","《講授類》
限資管碩專班修習",[],False
https://selcrs.nsysu.edu.tw/menu5/showoutline.asp?SYEAR=114&SEM=2&CrsDat=MIS946&Crsname=社群媒體分析,,,False,資管碩專,MIS946,2,不分班,"社群媒體分析
SOCIAL MEDIA ANALYSIS",3,期,True,50,1,11,39,黃三益,"二C,D,E(管CM 4069)","['', 'CDE', '', '', '', '', '']","《講授類》
限資管碩專班修習",[],False
https://selcrs.nsysu.edu.tw/menu5/showoutline.asp?SYEAR=114&SEM=2&CrsDat=MIS947&Crsname=商業分析實務,,,False,資管碩專,MIS947,1,不分班,"商業分析實務
PRACTICAL BUSINESS ANALYTICS",3,期,True,50,0,14,36,康藝晃,"四C,D,E(管CM 2016)","['', '', '', 'CDE', '', '', '']","《講授類》
限資管碩專班修習",[],False
https://selcrs.nsysu.edu.tw/menu5/showoutline.asp?SYEAR=114&SEM=2&CrsDat=MIS951&Crsname=服務品質管理,,,False,資管碩專,MIS951,1,不分班,"服務品質管理
SERVICE QUALITY MANAGEMENT",3,期,True,50,8,14,36,劉賓陽,"三D,E,F(管CM 2016)","['', '', 'DEF', '', '', '', '']","《講授類》
限資管碩專班&資電碩專班學生選修",[],False
https://selcrs.nsysu.edu.tw/menu5/showoutline.asp?SYEAR=114&SEM=2&CrsDat=FM901&Crsname=財務研究方法,,,False,財管碩專,FM901,1,不分班,"財務研究方法
METHODOLOGY FOR FINANCE",3,期,False,50,20,0,50,蔡佳芬,"四C,D,E(管CM 1023)","['', '', '', 'CDE', '', '', '']",《講授類》,[],False
https://selcrs.nsysu.edu.tw/menu5/showoutline.asp?SYEAR=114&SEM=2&CrsDat=FM905&Crsname=投資理論與實務,,,False,財管碩專,FM905,1,不分班,"投資理論與實務
THE THEORY AND PRACTICE OF INVESTMENT MANAGEMENT",3,期,False,50,17,0,50,王昭文,"二C,D,E(管CM 4112)","['', 'CDE', '', '', '', '', '']",《講授類》,[],False
https://selcrs.nsysu.edu.tw/menu5/showoutline.asp?SYEAR=114&SEM=2&CrsDat=FM908&Crsname=財務模型和應用,異動,確認教師1/30,False,財管碩專,FM908,0,不分班,"財務模型和應用
FINANCIAL MODELS AND APPLICATIONS",3,期,False,50,1,0,50,劉名育,"三D,E,F(管CM 2015)","['', '', 'DEF', '', '', '', '']",《講授類》,[],False
https://selcrs.nsysu.edu.tw/menu5/showoutline.asp?SYEAR=114&SEM=2&CrsDat=FM910&Crsname=碩士論文（二）,,,False,財管碩專,FM910,2,不分班,"碩士論文（二）
MASTER THESIS（二）",3,期,True,50,2,30,20,指導教授,"六C,D,E(管CM 1025)","['', '', '', '', '', 'CDE', '']",《研討類》,[],False
https://selcrs.nsysu.edu.tw/menu5/showoutline.asp?SYEAR=114&SEM=2&CrsDat=FM912&Crsname=當前財金問題分析,,,False,財管碩專,FM912,1,不分班,"當前財金問題分析
CURRENT FINANCIAL PROBLEMS ANALYSIS",2,期,True,35,1,29,6,邱敬貿,"五C,D(管CM 1037)","['', '', '', '', 'CD', '', '']",《講授類》,[],False
https://selcrs.nsysu.edu.tw/menu5/showoutline.asp?SYEAR=114&SEM=2&CrsDat=FM917&Crsname=企業社會責任,,,False,財管碩專,FM917,0,不分班,"企業社會責任
CORPORATE SOCIAL RESPONSIBILITY (ENVIRONMENTAL, SOCIAL, AND GOVERNANCE)",3,期,False,50,13,0,50,封之遠,"三D,E,F(管CM 1023)","['', '', 'DEF', '', '', '', '']",《講授類》,[],False
https://selcrs.nsysu.edu.tw/menu5/showoutline.asp?SYEAR=114&SEM=2&CrsDat=FM919&Crsname=公司治理,異動,增加合授教師1/14,False,財管碩專,FM919,0,不分班,"公司治理
CORPORATE GOVERNANCE",3,期,False,50,8,0,50,"羅勝議,翁培師","一C,D,E(管CM 1023)","['CDE', '', '', '', '', '', '']",《講授類》,[],False
https://selcrs.nsysu.edu.tw/menu5/showoutline.asp?SYEAR=114&SEM=2&CrsDat=FM920&Crsname=不動產投資與管理,,,False,財管碩專,FM920,0,不分班,"不動產投資與管理
REAL ESTATE INVESTMENT & MANAGEMENT",3,期,False,50,2,0,50,洪志興,"四C,D,E(管CM 2015)","['', '', '', 'CDE', '', '', '']",《講授類》,[],False
https://selcrs.nsysu.edu.tw/menu5/showoutline.asp?SYEAR=114&SEM=2&CrsDat=PAM908&Crsname=碩士論文,,,False,公事碩專,PAM908,2,不分班,"碩士論文
MASTER THESIS",3,期,True,50,1,31,19,指導教授,"六C,D,E(管CM 1035)","['', '', '', '', '', 'CDE', '']",《研討類》,[],False
https://selcrs.nsysu.edu.tw/menu5/showoutline.asp?SYEAR=114&SEM=2&CrsDat=PAM915&Crsname=環境與資源管理,,,False,公事碩專,PAM915,2,不分班,"環境與資源管理
ENVIRONMENT AND RESOURCES MANAGEMENT",2,期,False,50,9,0,50,黃奕臻,"三D,E(管CM 1020)","['', '', 'DE', '', '', '', '']",《講授類》,['環境教育學程'],False
https://selcrs.nsysu.edu.tw/menu5/showoutline.asp?SYEAR=114&SEM=2&CrsDat=PAM917&Crsname=區域發展與政策,,,False,公事碩專,PAM917,2,不分班,"區域發展與政策
REGIONAL DEVELOPMENT AND POLICY",3,期,False,50,5,0,50,吳義隆,"四C,D,E(管CM 1020)","['', '', '', 'CDE', '', '', '']",《講授類》,[],False
https://selcrs.nsysu.edu.tw/menu5/showoutline.asp?SYEAR=114&SEM=2&CrsDat=PAM981&Crsname=組織行為與管理,,,False,公事碩專,PAM981,2,不分班,"組織行為與管理
ORGANIZATIONAL BEHAVIOR AND MANAGEMENT",2,期,False,50,3,0,50,謝政勳,,"['', '', '', '', '', '', '1234B5']",《講授類》,[],False
https://selcrs.nsysu.edu.tw/menu5/showoutline.asp?SYEAR=114&SEM=2&CrsDat=PAM982&Crsname=質化資料分析與寫作,,,False,公事碩專,PAM982,1,不分班,"質化資料分析與寫作
QUALITATIVE DATA ANALYSIS AND WRITING",2,期,False,50,3,0,50,蔡錦昌,"一C,D(管CM 1020)","['CD', '', '', '', '', '', '']",《講授類》,[],False
https://selcrs.nsysu.edu.tw/menu5/showoutline.asp?SYEAR=114&SEM=2&CrsDat=PAM982A&Crsname=質化資料分析與寫作,異動,確認教師1/9,False,公事碩專,PAM982A,1,不分班,"質化資料分析與寫作
QUALITATIVE DATA ANALYSIS AND WRITING",2,期,False,50,0,0,50,黃奕臻,,"['', '', '', '', '', '1234B5', '']","《講授類》
限公事所碩士專班學生修課",[],False
https://selcrs.nsysu.edu.tw/menu5/showoutline.asp?SYEAR=114&SEM=2&CrsDat=PAM983&Crsname=量化資料分析與寫作,,,False,公事碩專,PAM983,1,不分班,"量化資料分析與寫作
QUANTITATIVE DATA ANALYSIS AND WRITING",3,期,False,50,6,0,50,謝旭昇,"五D,E,F(管CM 1020)","['', '', '', '', 'DEF', '', '']",《講授類》,[],False
https://selcrs.nsysu.edu.tw/menu5/showoutline.asp?SYEAR=114&SEM=2&CrsDat=PAM983A&Crsname=量化資料分析與寫作,,,False,公事碩專,PAM983A,1,不分班,"量化資料分析與寫作
QUANTITATIVE DATA ANALYSIS AND WRITING",3,期,False,50,1,0,50,謝政勳,"日8,9,C(澎湖)","['', '', '', '', '', '', '89C']","《講授類》
限公事所碩士專班學生修課",[],False
https://selcrs.nsysu.edu.tw/menu5/showoutline.asp?SYEAR=114&SEM=2&CrsDat=PAM986&Crsname=公共管理實務個案研討（二）,,,False,公事碩專,PAM986,1,不分班,"公共管理實務個案研討（二）
CASE STUDIES IN PUBLIC MANAGEMENT PRACTICE（II）",2,期,False,50,7,0,50,蔡錦昌,,"['', '', '', '', '', '', 'A1234B567']","《研討類》
限公事所碩士專班學生修課",[],False
https://selcrs.nsysu.edu.tw/menu5/showoutline.asp?SYEAR=114&SEM=2&CrsDat=PAM989&Crsname=公共事務管理講座,,,False,公事碩專,PAM989,2,不分班,"公共事務管理講座
SPECIAL LECTURES ON PUBLIC AFFAIRS MANAGEMENT",1,期,False,50,0,0,50,"吳偉寧,張瓊婷,彭渰雯,林新沛,謝旭昇,郭瑞坤",,"['', '', '', '', '', '', '567']","《演講/參訪》
限公事所碩士專班學生修課",[],False
https://selcrs.nsysu.edu.tw/menu5/showoutline.asp?SYEAR=114&SEM=2&CrsDat=PAM991&Crsname=非營利組織管理研討,,,False,公事碩專,PAM991,2,不分班,"非營利組織管理研討
SEMINAR IN NONPROFIT ORGANIZATION MANAGEMENT",2,期,False,50,0,0,50,謝政勳,,"['', '', '', '', '', '1234B5', '']","《研討類》
限公事所碩士專班學生修課",[],False
https://selcrs.nsysu.edu.tw/menu5/showoutline.asp?SYEAR=114&SEM=2&CrsDat=PAM995&Crsname=媒體與公共事務,,,False,公事碩專,PAM995,2,不分班,"媒體與公共事務
MEDIA AND PUBLIC AFFAIRS",2,期,False,50,2,0,50,崔可玫,,"['', '', '', '', '', '6789', '']","《講授類》
限公事所碩士專班學生修課",[],False
https://selcrs.nsysu.edu.tw/menu5/showoutline.asp?SYEAR=114&SEM=2&CrsDat=PAM997&Crsname=倫理與衝突,,,False,公事碩專,PAM997,2,不分班,"倫理與衝突
ETHICS AND CONFLICT",2,期,True,50,1,30,20,林新沛,"二C,D(管CM 1020)","['', 'CD', '', '', '', '', '']",《講授類》,[],False
https://selcrs.nsysu.edu.tw/menu5/showoutline.asp?SYEAR=114&SEM=2&CrsDat=PAM997A&Crsname=倫理與衝突,,,False,公事碩專,PAM997A,2,不分班,"倫理與衝突
ETHICS AND CONFLICT",2,期,True,50,0,21,29,蔡錦昌,,"['', '', '', '', '', '', 'A1234B']","《講授類》
限公事所碩士專班學生修課",[],False
https://selcrs.nsysu.edu.tw/menu5/showoutline.asp?SYEAR=114&SEM=2&CrsDat=HRM901&Crsname=碩士論文,,,False,人管碩專,HRM901,2,不分班,"碩士論文
MASTER THESIS",3,期,True,50,1,29,21,指導教授,"二C,D,E()","['', 'CDE', '', '', '', '', '']",《研討類》,[],False
https://selcrs.nsysu.edu.tw/menu5/showoutline.asp?SYEAR=114&SEM=2&CrsDat=HRM947&Crsname=研發管理,,,False,人管碩專,HRM947,0,不分班,"研發管理
R&D MANAGEMENT",3,期,False,28,11,0,28,陳旻男,"四C,D,E(管CM 3043)","['', '', '', 'CDE', '', '', '']",《講授類》,[],False
https://selcrs.nsysu.edu.tw/menu5/showoutline.asp?SYEAR=114&SEM=2&CrsDat=HRM948&Crsname=服務創新,異動,更換時間1/15,False,人管碩專,HRM948,0,不分班,"服務創新
SERVICE INNOVATION",3,期,False,50,0,0,50,陳旻男,"日A,B,5(管CM 3044)","['', '', '', '', '', '', 'AB5']",《講授類》,[],True
https://selcrs.nsysu.edu.tw/menu5/showoutline.asp?SYEAR=114&SEM=2&CrsDat=HRM969&Crsname=商業個案研究,,,False,人管碩專,HRM969,0,不分班,"商業個案研究
BUSINESS CASE STUDIES",3,期,False,28,9,0,28,葉致微,"五C,D,E(管CM 3043)","['', '', '', '', 'CDE', '', '']",《講授類》,[],False
https://selcrs.nsysu.edu.tw/menu5/showoutline.asp?SYEAR=114&SEM=2&CrsDat=HRM976&Crsname=人工智慧在測驗下的相關應用與發展,,,False,人管碩專,HRM976,0,不分班,"人工智慧在測驗下的相關應用與發展
RELEVANT APPLICATIONS AND DEVELOPMENT OF ARTIFICIAL INTELLIGENCE IN MEASUREMENT",3,期,False,15,12,0,15,鄭怡玲,"日8,6,7(管CM 1036)","['', '', '', '', '', '', '678']",《研討類》,[],False
https://selcrs.nsysu.edu.tw/menu5/showoutline.asp?SYEAR=114&SEM=2&CrsDat=HRM983&Crsname=策略管理,,,False,人管碩專,HRM983,0,不分班,"策略管理
STRATEGIC MANAGEMENT",3,期,False,28,24,0,28,陳寶蓮,"六8,6,7(管CM 3043)","['', '', '', '', '', '678', '']",《講授類》,[],False
https://selcrs.nsysu.edu.tw/menu5/showoutline.asp?SYEAR=114&SEM=2&CrsDat=HRM995&Crsname=雇主品牌行銷管理,,,False,人管碩專,HRM995,0,不分班,"雇主品牌行銷管理
EMPLOYER BRANDING AND MARKETING MANAGEMENT",3,期,False,28,4,0,28,楊文芬,"日C,D,E(管CM 3043)","['', '', '', '', '', '', 'CDE']",《講授類》,[],False
https://selcrs.nsysu.edu.tw/menu5/showoutline.asp?SYEAR=114&SEM=2&CrsDat=ICM904&Crsname=行銷傳播管理研究方法,,,False,行傳碩專,ICM904,0,不分班,"行銷傳播管理研究方法
MARKETING COMMUNICATION RESEARCH METHODS",3,期,False,50,10,0,50,王紹蓉,"四C,D,E(管CM 2032)","['', '', '', 'CDE', '', '', '']",《講授類》,[],False
https://selcrs.nsysu.edu.tw/menu5/showoutline.asp?SYEAR=114&SEM=2&CrsDat=ICM909&Crsname=碩士論文,,,False,行傳碩專,ICM909,1,不分班,"碩士論文
MASTER THESIS",3,期,True,50,7,4,46,指導教授,"六C,D,E(管CM 2029)","['', '', '', '', '', 'CDE', '']",《研討類》,[],False
https://selcrs.nsysu.edu.tw/menu5/showoutline.asp?SYEAR=114&SEM=2&CrsDat=MIS950&Crsname=數位商業模式個案分析,,,False,資電碩專,MIS950,0,不分班,"數位商業模式個案分析
CASE STUDIES IN INFORMATION MANAGEMENT",3,期,False,50,8,0,50,徐士傑,"三D,E,F(管CM 4069)","['', '', 'DEF', '', '', '', '']","《講授類》
限資電碩專&資管碩專班學生選修(第一次上課請以課程公告為準)",[],False
https://selcrs.nsysu.edu.tw/menu5/showoutline.asp?SYEAR=114&SEM=2&CrsDat=MIS985&Crsname=商業分析實務,,,False,資電碩專,MIS985,1,不分班,"商業分析實務
PRACTICAL BUSINESS ANALYTICS",3,期,True,50,0,34,16,康藝晃,"四C,D,E(管CM 2016)","['', '', '', 'CDE', '', '', '']","《講授類》
限資電碩專學生選修",[],False
https://selcrs.nsysu.edu.tw/menu5/showoutline.asp?SYEAR=114&SEM=2&CrsDat=MIS987&Crsname=碩士論文（二）,,,False,資電碩專,MIS987,2,不分班,"碩士論文（二）
MASTER THESIS（II）",3,期,True,50,0,29,21,指導教授,"日1,2,3()","['', '', '', '', '', '', '123']","《講授類》
限資電碩專學生選修",[],False
https://selcrs.nsysu.edu.tw/menu5/showoutline.asp?SYEAR=114&SEM=2&CrsDat=MIS988&Crsname=數位行銷分析,異動,更換主授教師1/7,False,資電碩專,MIS988,1,不分班,"數位行銷分析
DIGITAL MARKETING & ANALYTICS",3,期,True,50,0,34,16,"卓雍然,李家瑩","一C,D,E(管CM 2016)","['CDE', '', '', '', '', '', '']","《講授類》
限資電碩專班學生修習",[],False
https://selcrs.nsysu.edu.tw/menu5/showoutline.asp?SYEAR=114&SEM=2&CrsDat=MIS990&Crsname=社群媒體分析,,,False,資電碩專,MIS990,2,不分班,"社群媒體分析
SOCIAL MEDIA ANALYSIS",3,期,True,50,0,29,21,黃三益,"二C,D,E(管CM 4069)","['', 'CDE', '', '', '', '', '']","《講授類》
限資電碩專學生選修",[],False
https://selcrs.nsysu.edu.tw/menu5/showoutline.asp?SYEAR=114&SEM=2&CrsDat=MIS995&Crsname=研究方法論,,,False,資電碩專,MIS995,1,不分班,"研究方法論
RESEARCH METHODOLOGY",3,期,True,50,0,34,16,李怡珍,"二C,D,E(管CM 2016)","['', 'CDE', '', '', '', '', '']","《講授類》
限資電碩專學生選修",[],False
https://selcrs.nsysu.edu.tw/menu5/showoutline.asp?SYEAR=114&SEM=2&CrsDat=HRMA901&Crsname=碩士論文,,,False,人亞碩專,HRMA901,2,不分班,"碩士論文
MASTER THESIS",3,期,True,50,0,13,37,指導教授,"二C,D,E()","['', 'CDE', '', '', '', '', '']",《講授類》,[],False
https://selcrs.nsysu.edu.tw/menu5/showoutline.asp?SYEAR=114&SEM=2&CrsDat=HRMA913&Crsname=人力資源管理,異動,調整名額1/15,False,人亞碩專,HRMA913,0,不分班,"人力資源管理
HUMAN RESOURCE MANAGEMENT",3,期,False,30,7,0,30,謝慧賢,"一C,D,E(管CM 1036)","['CDE', '', '', '', '', '', '']",《講授類》,[],False
https://selcrs.nsysu.edu.tw/menu5/showoutline.asp?SYEAR=114&SEM=2&CrsDat=HRMA916&Crsname=量化研究方法,,,False,人亞碩專,HRMA916,0,不分班,"量化研究方法
QUANTITATIVE RESEARCH METHODS",3,期,False,50,20,0,50,"李澄賢,王豫萱,陳旻男","六C,D,E(管CM 3051)","['', '', '', '', '', 'CDE', '']",《講授類》,[],False
https://selcrs.nsysu.edu.tw/menu5/showoutline.asp?SYEAR=114&SEM=2&CrsDat=HRMA955&Crsname=永續轉型與變革管理,,,False,人亞碩專,HRMA955,0,不分班,"永續轉型與變革管理
SUSTAINABILITY TRANSITION AND ORGANIZATIONAL CHANGE",3,期,False,50,10,0,50,何佳澔,"六8,6,7(管CM 1037)","['', '', '', '', '', '678', '']",《講授類》,[],False
https://selcrs.nsysu.edu.tw/menu5/showoutline.asp?SYEAR=114&SEM=2&CrsDat=HRMA971&Crsname=策略性人力資源管理,,,False,人亞碩專,HRMA971,0,不分班,"策略性人力資源管理
STRATEGIC HUMAN RESOURCE MANAGEMENT",3,期,False,50,15,0,50,陳寶蓮,"日2,3,4(管CM 2037)","['', '', '', '', '', '', '234']","《講授類》
限修過策略管理相關課程選修",[],False
https://selcrs.nsysu.edu.tw/menu5/showoutline.asp?SYEAR=114&SEM=2&CrsDat=EMBA888&Crsname=市場投資與經營,,,True,EMBA碩專,EMBA888,1,不分班,"市場投資與經營
INVESTMENT AND BUSINESS OPERATIONS",1.5,期,True,80,0,0,80,"蔡佳芬,邱敬貿","二C,D(圖資中信廳)","['', 'CD', '', '', '', '', '']",《講授類》,[],False
https://selcrs.nsysu.edu.tw/menu5/showoutline.asp?SYEAR=114&SEM=2&CrsDat=EMBA9005&Crsname=亞太經貿環境分析（一）,,,True,EMBA碩專,EMBA9005,1,不分班,"亞太經貿環境分析（一）
ANALYSIS IN ASIA-PACIFIC ECNOMIC AND TRADE ENVIRONMENT （一）",2,期,True,50,0,0,50,陳旻男,"二E,F(台北)","['', 'EF', '', '', '', '', '']",《講授類》,[],False
https://selcrs.nsysu.edu.tw/menu5/showoutline.asp?SYEAR=114&SEM=2&CrsDat=EMBA9006&Crsname=亞太經貿環境分析（二）,,,True,EMBA碩專,EMBA9006,2,不分班,"亞太經貿環境分析（二）
ANALYSIS IN ASIA-PACIFIC ECNOMIC AND TRADE ENVIRONMENT （二）",2,期,True,50,0,0,50,陳旻男,"二A,1(台北)","['', 'A1', '', '', '', '', '']",《講授類》,[],False
https://selcrs.nsysu.edu.tw/menu5/showoutline.asp?SYEAR=114&SEM=2&CrsDat=EMBA901A&Crsname=公司理財分析,,,True,EMBA碩專,EMBA901A,2,不分班,"公司理財分析
ANALYSIS IN CORPORATE FINANCE",1.5,期,True,80,0,0,80,"蔡佳芬,邱敬貿","六8,9(圖資博士廳)","['', '', '', '', '', '89', '']",《講授類》,[],False
https://selcrs.nsysu.edu.tw/menu5/showoutline.asp?SYEAR=114&SEM=2&CrsDat=EMBA901B&Crsname=公司理財分析,,,True,EMBA碩專,EMBA901B,1,不分班,"公司理財分析
ANALYSIS IN CORPORATE FINANCE",1.5,期,True,50,0,0,50,王昭文,"三A,1(台北)","['', '', 'A1', '', '', '', '']",《講授類》,[],False
https://selcrs.nsysu.edu.tw/menu5/showoutline.asp?SYEAR=114&SEM=2&CrsDat=EMBA904A&Crsname=碩士論文,,,True,EMBA碩專,EMBA904A,2,不分班,"碩士論文
MASTER THESIS",3,期,True,80,0,0,80,指導教授,"日D,E,F(圖資博士廳)","['', '', '', '', '', '', 'DEF']",《研討類》,[],False
https://selcrs.nsysu.edu.tw/menu5/showoutline.asp?SYEAR=114&SEM=2&CrsDat=EMBA904B&Crsname=碩士論文,,,True,EMBA碩專,EMBA904B,2,不分班,"碩士論文
MASTER THESIS",3,期,True,50,0,0,50,指導教授,"日D,E,F(台北)","['', '', '', '', '', '', 'DEF']",《研討類》,[],False
https://selcrs.nsysu.edu.tw/menu5/showoutline.asp?SYEAR=114&SEM=2&CrsDat=EMBA905A&Crsname=高階經營專題（一）,,,True,EMBA碩專,EMBA905A,1,不分班,"高階經營專題（一）
SPECIAL TOPICS IN EXECUTIVE MANAGEMENT (I)",3,期,True,80,0,0,80,蔡佳芬,"五D,E,F(圖資中信廳)","['', '', '', '', 'DEF', '', '']",《研討類》,[],False
https://selcrs.nsysu.edu.tw/menu5/showoutline.asp?SYEAR=114&SEM=2&CrsDat=EMBA905B&Crsname=高階經營專題（一）,,,True,EMBA碩專,EMBA905B,1,不分班,"高階經營專題（一）
SPECIAL TOPICS IN EXECUTIVE MANAGEMENT（I）",2,期,True,50,0,0,50,蔡佳芬,"三D,E(台北)","['', '', 'DE', '', '', '', '']",《講授類》,[],False
https://selcrs.nsysu.edu.tw/menu5/showoutline.asp?SYEAR=114&SEM=2&CrsDat=EMBA907A&Crsname=資訊科技與競爭優勢,,,True,EMBA碩專,EMBA907A,1,不分班,"資訊科技與競爭優勢
INFORMATION TECHNOLOGY AND COMPETITIVE ADVANTAGE",1.5,期,True,80,0,0,80,"徐士傑,黃三益","六8,9(圖資中信廳)","['', '', '', '', '', '89', '']",《講授類》,[],False
https://selcrs.nsysu.edu.tw/menu5/showoutline.asp?SYEAR=114&SEM=2&CrsDat=EMBA935A&Crsname=組織與人力資源管理,,,True,EMBA碩專,EMBA935A,1,不分班,"組織與人力資源管理
ORGANIZATION AND HUMAN RESOURCE MANAGEMENT",2,期,True,80,0,0,80,"謝慧賢,陳世哲","一1,2(圖資中信廳)","['12', '', '', '', '', '', '']",《講授類》,[],False
https://selcrs.nsysu.edu.tw/menu5/showoutline.asp?SYEAR=114&SEM=2&CrsDat=EMBA935B&Crsname=組織與人力資源管理,,,True,EMBA碩專,EMBA935B,1,不分班,"組織與人力資源管理
ORGANIZATION AND HUMAN RESOURCE MANAGEMENT",2,期,True,50,0,0,50,"謝慧賢,陳世哲","四E,F(台北)","['', '', '', 'EF', '', '', '']",《講授類》,[],False
https://selcrs.nsysu.edu.tw/menu5/showoutline.asp?SYEAR=114&SEM=2&CrsDat=EMBA975B&Crsname=金融機構與資本市場,,,True,EMBA碩專,EMBA975B,2,不分班,"金融機構與資本市場
FINANCIAL INSTITUTIONS AND CAPITAL MARKETS",1.5,期,True,50,0,0,50,陳安琳,"三A,1(台北)","['', '', 'A1', '', '', '', '']",《講授類》,[],False
https://selcrs.nsysu.edu.tw/menu5/showoutline.asp?SYEAR=114&SEM=2&CrsDat=EMBA976&Crsname=當代企業管理課題,,,True,EMBA碩專,EMBA976,2,不分班,"當代企業管理課題
CONTEMPORARY ISSUES IN BUSINESS AND MANAGEMENT",2,期,True,80,0,0,80,蔡佳芬,"四A,1(圖資博士廳)","['', '', '', 'A1', '', '', '']",《講授類》,[],False
https://selcrs.nsysu.edu.tw/menu5/showoutline.asp?SYEAR=114&SEM=2&CrsDat=EMBA993A&Crsname=領導、溝通與危機管理,,,True,EMBA碩專,EMBA993A,2,不分班,"領導、溝通與危機管理
LEADERSHIP, COMMUNICATION AND CRISIS MANAGEMENT",3,期,True,80,0,0,80,葉淑娟,"二D,E,F(圖資博士廳)","['', 'DEF', '', '', '', '', '']",《講授類》,[],False
https://selcrs.nsysu.edu.tw/menu5/showoutline.asp?SYEAR=114&SEM=2&CrsDat=EMBA993B&Crsname=領導、溝通與危機管理,,,True,EMBA碩專,EMBA993B,2,不分班,"領導、溝通與危機管理
LEADERSHIP, COMMUNICATION AND CRISIS MANAGEMENT",3,期,True,50,0,0,50,葉淑娟,"三D,E,F(台北)","['', '', 'DEF', '', '', '', '']",《講授類》,[],False
https://selcrs.nsysu.edu.tw/menu5/showoutline.asp?SYEAR=114&SEM=2&CrsDat=EMBA998A&Crsname=高階經營專題（二）,,,True,EMBA碩專,EMBA998A,2,不分班,"高階經營專題（二）
SPECIAL TOPICS IN EXECUTIVE MANAGEMENT (II)",3,期,True,80,0,0,80,蔡佳芬,"五A,1,2(圖資博士廳)","['', '', '', '', 'A12', '', '']",《講授類》,[],False
https://selcrs.nsysu.edu.tw/menu5/showoutline.asp?SYEAR=114&SEM=2&CrsDat=EMBA998B&Crsname=高階經營專題（二）,,,True,EMBA碩專,EMBA998B,2,不分班,"高階經營專題（二）
SPECIAL TOPICS IN EXECUTIVE MANAGEMENT (II)",2,期,True,50,0,0,50,蔡佳芬,"四8,9(台北)","['', '', '', '89', '', '', '']",《講授類》,[],False
https://selcrs.nsysu.edu.tw/menu5/showoutline.asp?SYEAR=114&SEM=2&CrsDat=CS910&Crsname=企業個案討論,,,True,中山同濟EMBA,CS910,2,不分班,"企業個案討論
BUSINESS CASE STUDY",3,期,True,50,0,0,50,待聘,,"['', '', '', '', '', '', '']",《講授類》,[],False
https://selcrs.nsysu.edu.tw/menu5/showoutline.asp?SYEAR=114&SEM=2&CrsDat=CS923&Crsname=商務英語與溝通,,,True,中山同濟EMBA,CS923,2,不分班,"商務英語與溝通
BUSINESS ENGLISH AND COMMUNICATION",3,期,True,50,0,0,50,待聘,,"['', '', '', '', '', '', '']",《講授類》,[],False
https://selcrs.nsysu.edu.tw/menu5/showoutline.asp?SYEAR=114&SEM=2&CrsDat=CS924&Crsname=領導學,,,True,中山同濟EMBA,CS924,2,不分班,"領導學
LEADERSHIP",2,期,True,50,0,0,50,待聘,,"['', '', '', '', '', '', '']",《講授類》,[],False
https://selcrs.nsysu.edu.tw/menu5/showoutline.asp?SYEAR=114&SEM=2&CrsDat=CS933&Crsname=市場經濟理論與實踐,,,True,中山同濟EMBA,CS933,1,不分班,"市場經濟理論與實踐
THEORY AND PRACTICE OF MARKET ECONOMY",2,期,True,50,0,0,50,待聘,,"['', '', '', '', '', '', '']",《講授類》,[],False
https://selcrs.nsysu.edu.tw/menu5/showoutline.asp?SYEAR=114&SEM=2&CrsDat=CS933A&Crsname=市場經濟理論與實踐,,,True,中山同濟EMBA,CS933A,2,不分班,"市場經濟理論與實踐
THEORY AND PRACTICE OF MARKET ECONOMY",2,期,True,50,0,0,50,待聘,,"['', '', '', '', '', '', '']",《講授類》,[],False
https://selcrs.nsysu.edu.tw/menu5/showoutline.asp?SYEAR=114&SEM=2&CrsDat=CS936&Crsname=人力資源管理,,,True,中山同濟EMBA,CS936,1,不分班,"人力資源管理
HUMAN RESOURCES MANAGEMENT",2,期,True,50,0,0,50,待聘,,"['', '', '', '', '', '', '']",《講授類》,[],False
https://selcrs.nsysu.edu.tw/menu5/showoutline.asp?SYEAR=114&SEM=2&CrsDat=CS970&Crsname=企業社會責任與商業倫理,,,True,中山同濟EMBA,CS970,1,不分班,"企業社會責任與商業倫理
BUSINESS ETHICS AND SOCIAL RESPONSIBILITY",2,期,True,50,0,0,50,待聘,,"['', '', '', '', '', '', '']",《講授類》,[],False
https://selcrs.nsysu.edu.tw/menu5/showoutline.asp?SYEAR=114&SEM=2&CrsDat=CS997&Crsname=全球運籌管理,,,True,中山同濟EMBA,CS997,1,不分班,"全球運籌管理
GLOBAL LOGISTICS MANAGEMENT",2,期,True,50,0,0,50,待聘,,"['', '', '', '', '', '', '']",《講授類》,[],False
https://selcrs.nsysu.edu.tw/menu5/showoutline.asp?SYEAR=114&SEM=2&CrsDat=CS997A&Crsname=全球運籌管理,,,True,中山同濟EMBA,CS997A,2,不分班,"全球運籌管理
GLOBAL LOGISTICS MANAGEMENT",2,期,True,50,0,0,50,待聘,,"['', '', '', '', '', '', '']",《講授類》,[],False
https://selcrs.nsysu.edu.tw/menu5/showoutline.asp?SYEAR=114&SEM=2&CrsDat=IPS907&Crsname=碩士論文,,,False,政治碩專,IPS907,2,不分班,"碩士論文
MASTER THESIS",3,期,True,50,0,3,47,指導教授,"五C,D,E()","['', '', '', '', 'CDE', '', '']",《研討類》,[],False
https://selcrs.nsysu.edu.tw/menu5/showoutline.asp?SYEAR=114&SEM=2&CrsDat=IPS928&Crsname=經濟成長與政治發展,,,False,政治碩專,IPS928,1,不分班,"經濟成長與政治發展
ECONOMIC AND POLITICAL DEVELOPMENT",3,期,False,50,1,0,50,黃韋豪,"三D,E,F(社SS 3010-2)","['', '', 'DEF', '', '', '', '']",《講授類》,[],False
https://selcrs.nsysu.edu.tw/menu5/showoutline.asp?SYEAR=114&SEM=2&CrsDat=IPS929&Crsname=數位民主政治,,,False,政治碩專,IPS929,2,不分班,"數位民主政治
THE POLITICS OF DIGITAL DEMOCRACY",3,期,False,50,5,0,50,沈明璁,"六2,3,4(社SS 3010-2)","['', '', '', '', '', '234', '']",《講授類》,[],False
https://selcrs.nsysu.edu.tw/menu5/showoutline.asp?SYEAR=114&SEM=2&CrsDat=IPS930&Crsname=兩岸關係,,,False,政治碩專,IPS930,1,不分班,"兩岸關係
SELECTED TOPICS OF CROSS-STRAITS RELATIONS",3,期,False,50,1,0,50,林婉萍,"四C,D,E(社SS 3010-2)","['', '', '', 'CDE', '', '', '']",《講授類》,[],False
https://selcrs.nsysu.edu.tw/menu5/showoutline.asp?SYEAR=114&SEM=2&CrsDat=IPS932&Crsname=民意與民調實務,,,False,政治碩專,IPS932,2,不分班,"民意與民調實務
PUBLIC OPINION AND POLL PRACTICES",3,期,False,50,8,0,50,黃志呈,"二C,D,E(社SS 3010-2)","['', 'CDE', '', '', '', '', '']",《講授類》,[],False
https://selcrs.nsysu.edu.tw/menu5/showoutline.asp?SYEAR=114&SEM=2&CrsDat=ECON906&Crsname=碩士論文,,,False,經濟碩專,ECON906,2,不分班,"碩士論文
MASTER THESIS",3,期,True,50,0,6,44,指導教授,"六C,D,E(社SS 3002-1)","['', '', '', '', '', 'CDE', '']",《研討類》,[],False
https://selcrs.nsysu.edu.tw/menu5/showoutline.asp?SYEAR=114&SEM=2&CrsDat=ECON908&Crsname=財金與經濟資料計量分析,,,False,經濟碩專,ECON908,1,不分班,"財金與經濟資料計量分析
ECONOMETRIC ANALYSIS OF FINANCIAL AND ECONOMIC DATA",3,期,True,50,0,9,41,李慶男,"三D,E,F(社SS 3002-1)","['', '', 'DEF', '', '', '', '']",《講授類》,[],False
https://selcrs.nsysu.edu.tw/menu5/showoutline.asp?SYEAR=114&SEM=2&CrsDat=ECON927&Crsname=經濟理論與制度,,,False,經濟碩專,ECON927,2,不分班,"經濟理論與制度
ECONOMIC THEORIES AND INSTITUTIONS",3,期,False,50,0,0,50,陳孟瑋,"五C,D,E(社SS 3002-1)","['', '', '', '', 'CDE', '', '']",《講授類》,[],False
https://selcrs.nsysu.edu.tw/menu5/showoutline.asp?SYEAR=114&SEM=2&CrsDat=ECON933&Crsname=財經研究方法實作,,,False,經濟碩專,ECON933,2,不分班,"財經研究方法實作
PRACTICE OF FINANCIAL RESEARCH METHOD",3,期,False,50,1,0,50,李國榮,"四C,D,E(社SS 3002-1)","['', '', '', 'CDE', '', '', '']",《講授類》,[],False
https://selcrs.nsysu.edu.tw/menu5/showoutline.asp?SYEAR=114&SEM=2&CrsDat=ECON934&Crsname=投資學,,,False,經濟碩專,ECON934,1,不分班,"投資學
FUNDAMENTALS OF INVESTMENTS",3,期,False,50,7,0,50,李顯儀,"一C,D,E(社SS 3002-1)","['CDE', '', '', '', '', '', '']",《講授類》,[],False
https://selcrs.nsysu.edu.tw/menu5/showoutline.asp?SYEAR=114&SEM=2&CrsDat=CAPS907&Crsname=碩士論文專題研究,,,True,亞太碩專,CAPS907,2,不分班,"碩士論文專題研究
INDEPENDENT STUDIES IN MASTER THESIS",3,期,True,50,3,0,50,指導教授,"六C,D,E(社SS 2008)","['', '', '', '', '', 'CDE', '']",《獨立研究》,[],False
https://selcrs.nsysu.edu.tw/menu5/showoutline.asp?SYEAR=114&SEM=2&CrsDat=CAPS915&Crsname=國際法與兩岸關係,,,False,亞太碩專,CAPS915,1,不分班,"國際法與兩岸關係
THE APPLICATION OF INTERNATIONAL LAW ON CROSS-STRAITS RELATIONS",3,期,False,50,0,0,50,張顯超,"二C,D,E(社SS 2009-1)","['', 'CDE', '', '', '', '', '']",《講授類》,[],False
https://selcrs.nsysu.edu.tw/menu5/showoutline.asp?SYEAR=114&SEM=2&CrsDat=CAPS920&Crsname=國際關係理論與實踐,,,False,亞太碩專,CAPS920,2,不分班,"國際關係理論與實踐
THEORY AND PRACTICE OF INTERNATIONAL RELATIONS",3,期,False,50,2,0,50,林文程,"六2,3,4(社SS 2007)","['', '', '', '', '', '234', '']",《講授類》,[],False
https://selcrs.nsysu.edu.tw/menu5/showoutline.asp?SYEAR=114&SEM=2&CrsDat=CAPS925&Crsname=國際爭端解決與談判,,,False,亞太碩專,CAPS925,2,不分班,"國際爭端解決與談判
INTERNATIONAL DISPUTE SETTLEMENT AND NEGOTIATIONS",3,期,False,50,0,0,50,楊健弘,"四C,D,E(社SS 2007)","['', '', '', 'CDE', '', '', '']",《講授類》,[],False
https://selcrs.nsysu.edu.tw/menu5/showoutline.asp?SYEAR=114&SEM=2&CrsDat=CAPS926&Crsname=憲法與基本人權保障,,,False,亞太碩專,CAPS926,1,不分班,"憲法與基本人權保障
CONSTITUTION AND PROTECTION OF HUMAIN RIGHTS",3,期,False,50,3,0,50,陳盈雪,"一C,D,E(社SS 2009-1)","['CDE', '', '', '', '', '', '']",《講授類》,[],False
https://selcrs.nsysu.edu.tw/menu5/showoutline.asp?SYEAR=114&SEM=2&CrsDat=SOC904&Crsname=當代原住民族議題（二）,,,False,社會原碩專,SOC904,1,不分班,"當代原住民族議題（二）
CONTEMPORARY ISSUES OF INDIGENOUS PEOPLES（II）",3,期,True,50,0,11,39,"李馨慈,楊又欣,王啟仲,趙恩潔","六B,5,6(社SS 3004-2)","['', '', '', '', '', 'B56', '']",《講授類》,['原民文化探索及永續發展學程'],False
https://selcrs.nsysu.edu.tw/menu5/showoutline.asp?SYEAR=114&SEM=2&CrsDat=SOC907&Crsname=博物館與文化資產保存,,,False,社會原碩專,SOC907,1,不分班,"博物館與文化資產保存
MUSEUM AND CULTURAL HERITAGE PRESERVATION",3,期,False,50,7,0,50,巴清雄,"六2,3,4(社SS 3004-2)","['', '', '', '', '', '234', '']",《講授類》,[],False
https://selcrs.nsysu.edu.tw/menu5/showoutline.asp?SYEAR=114&SEM=2&CrsDat=SOC909&Crsname=社會學研究方法,,,False,社會原碩專,SOC909,1,不分班,"社會學研究方法
SOCIAL METHODOLOGY",3,期,True,50,0,11,39,"李宛儒,王梅香,葉高華","六8,9,7(社SS 3004-2)","['', '', '', '', '', '789', '']",《講授類》,[],False
https://selcrs.nsysu.edu.tw/menu5/showoutline.asp?SYEAR=114&SEM=2&CrsDat=SOC914&Crsname=社會科學論文寫作,,,False,社會原碩專,SOC914,2,不分班,"社會科學論文寫作
ACADEMIC WRITING IN SOCIAL SCIENCES",3,期,False,50,4,0,50,"楊靜利,萬毓澤,邱花妹,陳美華","六2,3,4(社SS 4004-2)","['', '', '', '', '', '234', '']",《講授類》,[],False
https://selcrs.nsysu.edu.tw/menu5/showoutline.asp?SYEAR=114&SEM=2&CrsDat=IOE906&Crsname=特殊教育研究,,,False,教育碩專,IOE906,0,不分班,"特殊教育研究
STUDIES IN SPECIAL EDUCATION",3,期,False,30,3,0,30,鍾素香,"六2,3,4(社SS 2006)","['', '', '', '', '', '234', '']",《講授類》,[],False
https://selcrs.nsysu.edu.tw/menu5/showoutline.asp?SYEAR=114&SEM=2&CrsDat=IOE908&Crsname=教育政策分析,,,False,教育碩專,IOE908,0,不分班,"教育政策分析
ANALYSES ON EDUCATIONAL POLICIES",3,期,False,30,2,0,30,陳修平,"一C,D,E(社SS 2005)","['CDE', '', '', '', '', '', '']",《講授類》,[],False
https://selcrs.nsysu.edu.tw/menu5/showoutline.asp?SYEAR=114&SEM=2&CrsDat=IOE910&Crsname=教育研究法,,,False,教育碩專,IOE910,1,不分班,"教育研究法
EDUCATIONAL RESEARCH METHODS",3,期,True,30,0,17,13,"鄭雯,陳利銘","二C,D,E(社SS 2005)","['', 'CDE', '', '', '', '', '']",《講授類》,[],False
https://selcrs.nsysu.edu.tw/menu5/showoutline.asp?SYEAR=114&SEM=2&CrsDat=IOE927&Crsname=教學心理學研究,,,False,教育碩專,IOE927,0,不分班,"教學心理學研究
STUDIES IN PSYCHOLOGY FOR TEACHING",3,期,False,30,1,0,30,楊淑晴,"三D,E,F(社SS 2005)","['', '', 'DEF', '', '', '', '']",《講授類》,[],False
https://selcrs.nsysu.edu.tw/menu5/showoutline.asp?SYEAR=114&SEM=2&CrsDat=IOE975&Crsname=碩士論文,,,False,教育碩專,IOE975,2,不分班,"碩士論文
MASTER THESIS",1,期,True,30,0,10,20,指導教授,六C(),"['', '', '', '', '', 'C', '']",《獨立研究》,[],False
https://selcrs.nsysu.edu.tw/menu5/showoutline.asp?SYEAR=114&SEM=2&CrsDat=IOE983&Crsname=青少年心理與輔導研究,,,False,教育碩專,IOE983,0,不分班,"青少年心理與輔導研究
RESEARCH ON ADOLESCENT PSYCHOLOGY AND GUIDANCE",3,期,False,30,2,0,30,宋呈澔,"四C,D,E(社SS 2005)","['', '', '', 'CDE', '', '', '']",《講授類》,[],False
https://selcrs.nsysu.edu.tw/menu5/showoutline.asp?SYEAR=114&SEM=2&CrsDat=EMPP935&Crsname=兩岸政經情勢,,,False,EMPP碩專,EMPP935,1,不分班,"兩岸政經情勢
CROSS-STRAIT POLITICAL AND ECONOMIC SITUATION",3,期,True,50,0,6,44,"林文程,蔡書瑋,陳珮芬",,"['', '', '', '', '', '', '234567']",《講授類》,[],False
https://selcrs.nsysu.edu.tw/menu5/showoutline.asp?SYEAR=114&SEM=2&CrsDat=EMPP935A&Crsname=兩岸政經情勢,,,False,EMPP碩專,EMPP935A,2,不分班,"兩岸政經情勢
CROSS-STRAIT POLITICAL AND ECONOMIC SITUATION",3,期,True,50,0,4,46,"林文程,蔡書瑋,陳珮芬",,"['', '', '', '', '', '', '234567']",《講授類》,[],False
https://selcrs.nsysu.edu.tw/menu5/showoutline.asp?SYEAR=114&SEM=2&CrsDat=EMPP937&Crsname=全球局勢與策略管理,,,False,EMPP碩專,EMPP937,1,不分班,"全球局勢與策略管理
GLOBALIZATION AND STRATEGIC MANAGEMENT",3,期,True,50,0,6,44,"李予綱,王俊傑,蔡書瑋,辛翠玲,陳若蘭",,"['', '', '', '', '', '234567', '']",《講授類》,[],False
https://selcrs.nsysu.edu.tw/menu5/showoutline.asp?SYEAR=114&SEM=2&CrsDat=EMPP937A&Crsname=全球局勢與策略管理,,,False,EMPP碩專,EMPP937A,2,不分班,"全球局勢與策略管理
GLOBALIZATION AND STRATEGIC MANAGEMENT",3,期,True,50,0,4,46,"李予綱,王俊傑,蔡書瑋,辛翠玲,陳若蘭",,"['', '', '', '', '', '234567', '']",《講授類》,[],False
https://selcrs.nsysu.edu.tw/menu5/showoutline.asp?SYEAR=114&SEM=2&CrsDat=EMPP999&Crsname=碩士論文,,,False,EMPP碩專,EMPP999,2,不分班,"碩士論文
MASTER THESIS",3,期,True,50,0,4,46,指導教授,,"['', '', '', '', '', '89C', '89C']",《研討類》,[],False
https://selcrs.nsysu.edu.tw/menu5/showoutline.asp?SYEAR=114&SEM=2&CrsDat=CL781&Crsname=漢學英文（二）,,,False,中文博,CL781,0,不分班,"漢學英文（二）
ENGLISH FOR SINOLOGICAL READING(II)",3,期,False,50,1,0,50,謝薇娜,"一5,6,7(文LA 4014)","['567', '', '', '', '', '', '']",《講授類》,[],True
https://selcrs.nsysu.edu.tw/menu5/showoutline.asp?SYEAR=114&SEM=2&CrsDat=CL786&Crsname=中國與歐洲文化關係史與方法論,,,False,中文博,CL786,0,不分班,"中國與歐洲文化關係史與方法論
HISTORY & METHODOLOGY OF CHINA & EUROPE CULTURAL RELATIONS",3,期,False,50,1,0,50,何重誼,"二2,3,4(文LA 4014)","['', '234', '', '', '', '', '']",《講授類》,[],False
https://selcrs.nsysu.edu.tw/menu5/showoutline.asp?SYEAR=114&SEM=2&CrsDat=CL815&Crsname=《莊子》注釋、翻譯、思想的跨文化研究,,,False,中文博,CL815,0,不分班,"《莊子》注釋、翻譯、思想的跨文化研究
TRANSCULTURAL STUDIES ABOUT ZHUANGZI FROM DIFFERENT COMMENTARIES,TRANSLATIONS AND THOUGHTS",3,期,False,50,1,0,50,賴錫三,"二8,6,7(文LA 4013)","['', '678', '', '', '', '', '']",《研討類》,[],False
https://selcrs.nsysu.edu.tw/menu5/showoutline.asp?SYEAR=114&SEM=2&CrsDat=CL817&Crsname=世説新語研究,,,False,中文博,CL817,0,不分班,"世説新語研究
RESEARCH OF SHIH-SHUO HSIN-YU",3,期,False,50,3,0,50,紀志昌,"五5,6,7(文LA 2004)","['', '', '', '', '567', '', '']",《講授類》,[],False
https://selcrs.nsysu.edu.tw/menu5/showoutline.asp?SYEAR=114&SEM=2&CrsDat=CL867&Crsname=閩南方言比較討論,,,False,中文博,CL867,0,不分班,"閩南方言比較討論
DISSCUSSION ON THE COMPARISON OF SOUTHERNMIN DIALECTS",2,期,False,50,0,0,50,杜佳倫,"一3,4(文LA 4013)","['34', '', '', '', '', '', '']",《講授類》,[],False
https://selcrs.nsysu.edu.tw/menu5/showoutline.asp?SYEAR=114&SEM=2&CrsDat=DFLL712&Crsname=抒情詩歌與理論,,,False,外文博,DFLL712,0,不分班,"抒情詩歌與理論
LYRIC POETRY AND THEORIES",3,期,False,50,0,0,50,盧家達,"四5,6,7(文LA 3018)","['', '', '', '567', '', '', '']",《講授類》,[],True
https://selcrs.nsysu.edu.tw/menu5/showoutline.asp?SYEAR=114&SEM=2&CrsDat=PHIL701&Crsname=當代歐陸哲學的閱讀與寫作,,,False,哲學博,PHIL701,1,不分班,"當代歐陸哲學的閱讀與寫作
CONTEMPORARY CONTINENTAL PHILOSOPHY: READING AND WRITING",3,期,True,50,0,2,48,宋灝,"二2,3,4(文LA 2009)","['', '234', '', '', '', '', '']",《講授類》,[],False
https://selcrs.nsysu.edu.tw/menu5/showoutline.asp?SYEAR=114&SEM=2&CrsDat=PHIL808&Crsname=跨文化哲學與後殖民批判,,,False,哲學博,PHIL808,0,不分班,"跨文化哲學與後殖民批判
TRANSCULTURAL PHILOSOPHY AND POSTCOLONIAL CRITICISM",3,期,False,50,1,0,50,高長空,"二8,9,7(文LA 2009)","['', '789', '', '', '', '', '']",《講授類》,[],True
https://selcrs.nsysu.edu.tw/menu5/showoutline.asp?SYEAR=114&SEM=2&CrsDat=PHIL815&Crsname=佛教阿毘達摩身心解脫哲學,,,False,哲學博,PHIL815,0,不分班,"佛教阿毘達摩身心解脫哲學
PHILOSOPHY OF LIBERATION IN THE ABHIDHAMMA",3,期,False,50,4,0,50,越建東,"四2,3,4(文LA 2009)","['', '', '', '234', '', '', '']",《講授類》,[],False
https://selcrs.nsysu.edu.tw/menu5/showoutline.asp?SYEAR=114&SEM=2&CrsDat=BIOS702&Crsname=生態研究方法,,,True,生科博,BIOS702,1,不分班,"生態研究方法
STUDIES IN ECOLOGICAL METHODOLOGY",3,期,True,50,0,0,50,"劉世慧,張楊家豪,黃淑萍","四2,3,4(理BI 3001)","['', '', '', '234', '', '', '']","《講授類》
1.甲組必修 2.與碩一併班上課。",[],False
https://selcrs.nsysu.edu.tw/menu5/showoutline.asp?SYEAR=114&SEM=2&CrsDat=BIOS702A&Crsname=生態研究方法,,,True,生科博,BIOS702A,1,不分班,"生態研究方法
STUDIES IN ECOLOGICAL METHODOLOGY",3,期,True,50,0,0,50,"夏燦風,黃淑萍","五5,6,7(理BI 3001)","['', '', '', '', '567', '', '']","《講授類》
1.甲組必修 2.與碩一併班上課。",[],True
https://selcrs.nsysu.edu.tw/menu5/showoutline.asp?SYEAR=114&SEM=2&CrsDat=BIOS703&Crsname=現代分子與細胞生物學專題寫作,,,True,生科博,BIOS703,2,不分班,"現代分子與細胞生物學專題寫作
SPECIAL TOPICS IN MODERN MOLECULAR AND CELL BIOLOGY WRITING",1,期,True,50,0,0,50,"高資棟,黃明德",四1(理BI 6005),"['', '', '', '1', '', '', '']","《講授類》
乙組必修",[],False
https://selcrs.nsysu.edu.tw/menu5/showoutline.asp?SYEAR=114&SEM=2&CrsDat=BIOS704&Crsname=現代環境生物專題寫作,,,True,生科博,BIOS704,2,不分班,"現代環境生物專題寫作
SPECIAL TOPICS IN MODERN ENVIRONMENTAL BIOLOGY WRITING",1,期,True,50,0,0,50,"張楊家豪,顏聖紘",四1(理BI 3001),"['', '', '', '1', '', '', '']","《講授類》
甲組必修",[],False
https://selcrs.nsysu.edu.tw/menu5/showoutline.asp?SYEAR=114&SEM=2&CrsDat=BIOS711&Crsname=分子與細胞生物學書報討論（二）,,,True,生科博,BIOS711,1,不分班,"分子與細胞生物學書報討論（二）
MOLECULAR AND CELL BIOLOGY SEMINAR (II)",1,期,True,50,0,0,50,汪海晏,四8(理BI 6005),"['', '', '', '8', '', '', '']","《演講/參訪》
出席學術演講報告於學期考試週之前完成繳交",[],False
https://selcrs.nsysu.edu.tw/menu5/showoutline.asp?SYEAR=114&SEM=2&CrsDat=BIOS715&Crsname=生物多樣性書報討論（二）,,,True,生科博,BIOS715,1,不分班,"生物多樣性書報討論（二）
BIODIVERSITY SEMINAR(II)",1,期,True,50,0,0,50,"夏燦風,張楊家豪",四8(理BI 3001),"['', '', '', '8', '', '', '']","《演講/參訪》
出席學術演講報告於學期考試週之前完成繳交",[],True
https://selcrs.nsysu.edu.tw/menu5/showoutline.asp?SYEAR=114&SEM=2&CrsDat=BIOS811&Crsname=分子與細胞生物學書報討論（四）,,,True,生科博,BIOS811,2,不分班,"分子與細胞生物學書報討論（四）
MOLECULAR AND CELL BIOLOGY SEMINAR (IV)",1,期,True,50,0,0,50,汪海晏,四8(理BI 6005),"['', '', '', '8', '', '', '']","《演講/參訪》
出席學術演講報告於學期考試週之前完成繳交",[],False
https://selcrs.nsysu.edu.tw/menu5/showoutline.asp?SYEAR=114&SEM=2&CrsDat=BIOS815&Crsname=生物多樣性書報討論（四）,,,True,生科博,BIOS815,2,不分班,"生物多樣性書報討論（四）
BIODIVERSITY SEMINAR(IV)",1,期,True,50,0,0,50,"夏燦風,張楊家豪",四8(理BI 3001),"['', '', '', '8', '', '', '']","《演講/參訪》
出席學術演講報告於學期考試週之前完成繳交",[],False
https://selcrs.nsysu.edu.tw/menu5/showoutline.asp?SYEAR=114&SEM=2&CrsDat=CHEM705&Crsname=書報討論（六）,,,True,化學博,CHEM705,1,不分班,"書報討論（六）
SEMINAR (VI)",1,期,True,50,1,0,50,梁子輝,二5(理CH 4002),"['', '5', '', '', '', '', '']","《演講/參訪》
限有機、無機領域",[],True
https://selcrs.nsysu.edu.tw/menu5/showoutline.asp?SYEAR=114&SEM=2&CrsDat=CHEM705A&Crsname=書報討論（六）,,,True,化學博,CHEM705A,1,不分班,"書報討論（六）
SEMINAR (VI)",1,期,False,50,0,0,50,吳慧芬,二5(理SC 3004),"['', '5', '', '', '', '', '']","《演講/參訪》
限物化、分析領域",[],True
https://selcrs.nsysu.edu.tw/menu5/showoutline.asp?SYEAR=114&SEM=2&CrsDat=CHEM725&Crsname=合成方法專題研究（二）,,,True,化學博,CHEM725,1,不分班,"合成方法專題研究（二）
INDEPENDENT STUDIES IN SYNTHETIC METHODS(II)",3,期,True,50,0,0,50,張均然,"六2,3,4()","['', '', '', '', '', '234', '']",《獨立研究》,[],True
https://selcrs.nsysu.edu.tw/menu5/showoutline.asp?SYEAR=114&SEM=2&CrsDat=CHEM729&Crsname=材料化學專題研究（二）,,,True,化學博,CHEM729,1,不分班,"材料化學專題研究（二）
INDEPENDENT STUDIES IN MATERIALS CHEMISTRY (II)",3,期,True,50,0,0,50,李志聰,"六2,3,4()","['', '', '', '', '', '234', '']",《獨立研究》,[],True
https://selcrs.nsysu.edu.tw/menu5/showoutline.asp?SYEAR=114&SEM=2&CrsDat=CHEM731&Crsname=金屬簇化學專題研究（二）,,,True,化學博,CHEM731,1,不分班,"金屬簇化學專題研究（二）
INDEPENDENT STUDIES IN METAL CLUSTERS (II)",3,期,True,50,0,0,50,梁子輝,"六2,3,4()","['', '', '', '', '', '234', '']",《獨立研究》,[],True
https://selcrs.nsysu.edu.tw/menu5/showoutline.asp?SYEAR=114&SEM=2&CrsDat=CHEM735&Crsname=勻相催化專題研究（二）,,,True,化學博,CHEM735,1,不分班,"勻相催化專題研究（二）
INDEPENDENT STUDIES IN HOMOGENOUS CATALYSIS（II）",3,期,True,50,0,0,50,梁蘭昌,"六2,3,4()","['', '', '', '', '', '234', '']",《獨立研究》,[],True
https://selcrs.nsysu.edu.tw/menu5/showoutline.asp?SYEAR=114&SEM=2&CrsDat=CHEM737&Crsname=觸媒專題研究（二）,異動,確認教師2/2,True,化學博,CHEM737,1,不分班,"觸媒專題研究（二）
INDEPENDENT STUDIES IN CATALYSIS (II)",3,期,True,50,0,0,50,劉柏宏,,"['', '', '', '', '', '', '']",《獨立研究》,[],True
https://selcrs.nsysu.edu.tw/menu5/showoutline.asp?SYEAR=114&SEM=2&CrsDat=CHEM739&Crsname=計算化學專題研究（二）,,,True,化學博,CHEM739,1,不分班,"計算化學專題研究（二）
INDEPENDENT STUDIES IN COMPUTATIONAL CHEMISTRY (II)",3,期,True,50,1,0,50,邱政超,"六2,3,4()","['', '', '', '', '', '234', '']",《獨立研究》,[],True
https://selcrs.nsysu.edu.tw/menu5/showoutline.asp?SYEAR=114&SEM=2&CrsDat=CHEM741&Crsname=氣固交互作用專題研究（二）,,,True,化學博,CHEM741,1,不分班,"氣固交互作用專題研究（二）
INDEPENDENT STUDIES IN GAS/SOLID INTERACTIONS (II)",3,期,True,50,0,0,50,蔣昭明,"六2,3,4()","['', '', '', '', '', '234', '']",《獨立研究》,[],True
https://selcrs.nsysu.edu.tw/menu5/showoutline.asp?SYEAR=114&SEM=2&CrsDat=CHEM743&Crsname=生物系統固態核磁共振專題研究（二）,,,True,化學博,CHEM743,1,不分班,"生物系統固態核磁共振專題研究（二）
INDEPENDENT STUDIES IN SOLID STATE NMR OF BIOLOGICAL SYSTEMS (II)",3,期,True,50,0,0,50,丁尚武,"六2,3,4()","['', '', '', '', '', '234', '']",《獨立研究》,[],True
https://selcrs.nsysu.edu.tw/menu5/showoutline.asp?SYEAR=114&SEM=2&CrsDat=CHEM745&Crsname=奈米力學專題研究（二）,,,True,化學博,CHEM745,1,不分班,"奈米力學專題研究（二）
INDEPENDENT STUDIES IN NANOSCALE FORCE MEASUREMENT (II)",3,期,True,50,0,0,50,謝淑貞,"六2,3,4()","['', '', '', '', '', '234', '']",《獨立研究》,[],True
https://selcrs.nsysu.edu.tw/menu5/showoutline.asp?SYEAR=114&SEM=2&CrsDat=CHEM749&Crsname=有機質譜專題研究（二）,,,True,化學博,CHEM749,1,不分班,"有機質譜專題研究（二）
INDEPENDENT STUDIES IN ORGANIC MASS SPECTROMETRY (II)",3,期,True,50,0,0,50,謝建台,"六2,3,4()","['', '', '', '', '', '234', '']",《獨立研究》,[],True
https://selcrs.nsysu.edu.tw/menu5/showoutline.asp?SYEAR=114&SEM=2&CrsDat=CHEM751&Crsname=微量生物分析專題研究（二）,,,True,化學博,CHEM751,1,不分班,"微量生物分析專題研究（二）
TRACE BIOANALYSIS FOR RESEARCH TRAINING (II)",3,期,True,50,0,0,50,曾韋龍,"六2,3,4()","['', '', '', '', '', '234', '']",《獨立研究》,[],True
https://selcrs.nsysu.edu.tw/menu5/showoutline.asp?SYEAR=114&SEM=2&CrsDat=CHEM753&Crsname=超微奈米藥物生化環境分析專題研究（二）,,,True,化學博,CHEM753,1,不分班,"超微奈米藥物生化環境分析專題研究（二）
INDEPENDENT STUDIES IN ULTRA-MICRO RESEARCH FOR NANO-PARTICLE, DRUG, BIOCHEMISTRY AND ENVIRONMENT(II)",3,期,True,50,0,0,50,吳慧芬,"六2,3,4()","['', '', '', '', '', '234', '']",《獨立研究》,[],True
https://selcrs.nsysu.edu.tw/menu5/showoutline.asp?SYEAR=114&SEM=2&CrsDat=CHEM755&Crsname=無機催化專題研究（二）,,,True,化學博,CHEM755,1,不分班,"無機催化專題研究（二）
INDEPENDENT STUDIES IN INORGANIC CATALYSIS （II）",3,期,True,50,0,0,50,蔡明利,"六2,3,4()","['', '', '', '', '', '234', '']",《獨立研究》,[],True
https://selcrs.nsysu.edu.tw/menu5/showoutline.asp?SYEAR=114&SEM=2&CrsDat=CHEM757&Crsname=氣膠與生醫材料科學專題研究（二）,,,True,化學博,CHEM757,1,不分班,"氣膠與生醫材料科學專題研究（二）
INDEPENDENT STUDIES IN AEROSOLS AND BIOMEDICAL NANOMATERIAL SCIENCES (II)",3,期,True,50,0,0,50,王家蓁,"六2,3,4()","['', '', '', '', '', '234', '']",《獨立研究》,[],True
https://selcrs.nsysu.edu.tw/menu5/showoutline.asp?SYEAR=114&SEM=2&CrsDat=CHEM759&Crsname=化學生物學專題研究（二）,,,True,化學博,CHEM759,1,不分班,"化學生物學專題研究（二）
INDEPENDENT STUDIES IN CHEMICAL BIOLOGY (II)",3,期,True,50,0,0,50,林伯樵,"六2,3,4()","['', '', '', '', '', '234', '']",《獨立研究》,[],True
https://selcrs.nsysu.edu.tw/menu5/showoutline.asp?SYEAR=114&SEM=2&CrsDat=CHEM761&Crsname=奈米材料化學專題研究（二）,,,True,化學博,CHEM761,1,不分班,"奈米材料化學專題研究（二）
INDEPENDENT STUDIES IN CHEMISTRY OF NANOMATERIALS (II)",3,期,True,50,0,0,50,陳軍互,"六2,3,4()","['', '', '', '', '', '234', '']",《獨立研究》,[],True
https://selcrs.nsysu.edu.tw/menu5/showoutline.asp?SYEAR=114&SEM=2&CrsDat=CHEM765&Crsname=合成與生物有機化學專題研究（二）,,,True,化學博,CHEM765,1,不分班,"合成與生物有機化學專題研究（二）
INDEPENDENT STUDIES IN SYNTHESIS AND BIOORGANIC CHEMISTRY (II)",3,期,True,50,0,0,50,林渝亞,"六2,3,4()","['', '', '', '', '', '234', '']",《獨立研究》,[],True
https://selcrs.nsysu.edu.tw/menu5/showoutline.asp?SYEAR=114&SEM=2&CrsDat=CHEM771&Crsname=無機反應專題研究（二）,,,True,化學博,CHEM771,1,不分班,"無機反應專題研究（二）
INDEPENDENT STUDIES IN INORGANIC REACTIONS (II)",3,期,True,50,0,0,50,王琢堅,"六2,3,4()","['', '', '', '', '', '234', '']",《獨立研究》,[],True
https://selcrs.nsysu.edu.tw/menu5/showoutline.asp?SYEAR=114&SEM=2&CrsDat=CHEM773&Crsname=雷射化學專題研究（二）,,,True,化學博,CHEM773,1,不分班,"雷射化學專題研究（二）
INDEPENDENT STUDIES IN LASER CHEMISTRY (II)",3,期,True,50,0,0,50,張元賓,"六2,3,4()","['', '', '', '', '', '234', '']",《獨立研究》,[],True
https://selcrs.nsysu.edu.tw/menu5/showoutline.asp?SYEAR=114&SEM=2&CrsDat=CHEM777&Crsname=顯微影像分析專題研究（二）,,,True,化學博,CHEM777,1,不分班,"顯微影像分析專題研究（二）
INDEPENDENT STUDIES IN MICROSCOPIC IMAGE ANALYSIS(II)",3,期,True,50,0,0,50,張柏齡,"六2,3,4()","['', '', '', '', '', '234', '']",《獨立研究》,[],True
https://selcrs.nsysu.edu.tw/menu5/showoutline.asp?SYEAR=114&SEM=2&CrsDat=CHEM805&Crsname=書報討論（八）,,,True,化學博,CHEM805,2,不分班,"書報討論（八）
SEMINAR (VIII)",1,期,True,50,1,0,50,吳慧芬,二5(理SC 3004),"['', '5', '', '', '', '', '']","《演講/參訪》
限物化、分析領域",[],True
https://selcrs.nsysu.edu.tw/menu5/showoutline.asp?SYEAR=114&SEM=2&CrsDat=CHEM805A&Crsname=書報討論（八）,,,True,化學博,CHEM805A,2,不分班,"書報討論（八）
SEMINAR (VIII)",1,期,False,50,2,0,50,梁子輝,二5(理CH 4002),"['', '5', '', '', '', '', '']","《演講/參訪》
限有機、無機領域",[],True
https://selcrs.nsysu.edu.tw/menu5/showoutline.asp?SYEAR=114&SEM=2&CrsDat=PHYS702&Crsname=專題研討（二）,,,False,物理博,PHYS702,1,不分班,"專題研討（二）
STUDIES IN SELECTED RESEARCH TOPICS (II)",2,期,True,50,0,9,41,"楊弘敦,莊豐權","四8,9(理PH 5008)","['', '', '', '89', '', '', '']",《研討類》,[],True
https://selcrs.nsysu.edu.tw/menu5/showoutline.asp?SYEAR=114&SEM=2&CrsDat=PHYS806&Crsname=薄膜物理議題研討（二）,,,False,物理博,PHYS806,2,不分班,"薄膜物理議題研討（二）
SPECIAL TOPICS IN THIN FILM PHYSICS (I)",3,期,False,50,0,0,50,周雄,"一A,1,B(理PH 7008)","['A1B', '', '', '', '', '', '']",《研討類》,[],True
https://selcrs.nsysu.edu.tw/menu5/showoutline.asp?SYEAR=114&SEM=2&CrsDat=PHYS808&Crsname=半導體元件物理專題研討（二）,,,False,物理博,PHYS808,2,不分班,"半導體元件物理專題研討（二）
SEMINAR IN SEMICONDUCTOR DEVICE PHYSICS (II)",3,期,False,50,1,0,50,張鼎張,"五A,1,B(理PH 7009)","['', '', '', '', 'A1B', '', '']",《研討類》,[],False
https://selcrs.nsysu.edu.tw/menu5/showoutline.asp?SYEAR=114&SEM=2&CrsDat=PHYS815&Crsname=半導體專題（二）,,,False,物理博,PHYS815,2,不分班,"半導體專題（二）
INDEPENDENT STUDIES IN SEMICONDUCTOR (II)",3,期,False,50,0,0,50,余健文,"三A,1,B(理PH 3001)","['', '', 'A1B', '', '', '', '']",《獨立研究》,[],True
https://selcrs.nsysu.edu.tw/menu5/showoutline.asp?SYEAR=114&SEM=2&CrsDat=PHYS825&Crsname=自旋物理專題研究（二）,,,False,物理博,PHYS825,2,不分班,"自旋物理專題研究（二）
INDEPENDENT STUDIES IN SPIN PHYSICS (II)",3,期,False,50,1,0,50,郭建成,"三A,1,B(理PH 2009)","['', '', 'A1B', '', '', '', '']",《獨立研究》,[],True
https://selcrs.nsysu.edu.tw/menu5/showoutline.asp?SYEAR=114&SEM=2&CrsDat=MATH702&Crsname=統計書報討論（二）,,,True,應數博,MATH702,1,不分班,"統計書報討論（二）
SEMINAR IN STATISTICS(II)",1,期,True,5,0,0,5,張中,四7(理SC 4009-1),"['', '', '', '7', '', '', '']",《講授類》,[],False
https://selcrs.nsysu.edu.tw/menu5/showoutline.asp?SYEAR=114&SEM=2&CrsDat=MATH727&Crsname=計算書報討論（二）,,,True,應數博,MATH727,1,不分班,"計算書報討論（二）
SEMINAR IN SCIENTIFIC COMPUTING(II)",1,期,True,5,0,0,5,卓建宏,四7(理SC 4011),"['', '', '', '7', '', '', '']",《講授類》,[],False
https://selcrs.nsysu.edu.tw/menu5/showoutline.asp?SYEAR=114&SEM=2&CrsDat=MATH752&Crsname=數學書報討論（二）,,,True,應數博,MATH752,1,不分班,"數學書報討論（二）
SEMINAR IN MATHEMATICS(II)",1,期,True,5,0,0,5,陳志漢,四7(理SC 4013),"['', '', '', '7', '', '', '']",《講授類》,[],False
https://selcrs.nsysu.edu.tw/menu5/showoutline.asp?SYEAR=114&SEM=2&CrsDat=PPFS721&Crsname=書報討論（二）,,,False,理學博,PPFS721,1,不分班,"書報討論（二）
SEMINAR（II）",1,期,True,50,0,11,39,楊崇鑫,五4(理SC 0010),"['', '', '', '', '4', '', '']",《研討類》,[],True
https://selcrs.nsysu.edu.tw/menu5/showoutline.asp?SYEAR=114&SEM=2&CrsDat=PPFS723&Crsname=專題研究（二）,,,False,理學博,PPFS723,2,不分班,"專題研究（二）
INDEPENDENT STUDIES（II）",3,期,True,50,2,0,50,楊崇鑫,"一1(理SC 0011) 二1,2(理SC 0011)","['1', '12', '', '', '', '', '']",《獨立研究》,[],True
https://selcrs.nsysu.edu.tw/menu5/showoutline.asp?SYEAR=114&SEM=2&CrsDat=PPFS725&Crsname=分子與雷射光譜,,,False,理學博,PPFS725,1,不分班,"分子與雷射光譜
MOLECULAR AND LASER SPECTROSCOPY",3,期,False,50,0,0,50,楊崇鑫,"五8,6,7(理SC 0010)","['', '', '', '', '678', '', '']",《講授類》,[],True
https://selcrs.nsysu.edu.tw/menu5/showoutline.asp?SYEAR=114&SEM=2&CrsDat=EE7100&Crsname=書報討論,,,False,電機博,EE7100,1,不分班,"書報討論
SEMINAR",1,期,True,90,0,10,80,謝耀慶,"二6,7(工EC 6019)","['', '67', '', '', '', '', '']",《研討類》,[],False
https://selcrs.nsysu.edu.tw/menu5/showoutline.asp?SYEAR=114&SEM=2&CrsDat=EE7701&Crsname=高等磁共振影像技術,,,False,電機博,EE7701,0,不分班,"高等磁共振影像技術
ADVANCED TECHNIQUES OF MAGNETIC RESONANCE IMAGING",3,期,False,50,1,0,50,"吳珮歆,程正傑,莊子肇","二2,3,4(工EC 8037)","['', '234', '', '', '', '', '']",《講授類》,[],False
https://selcrs.nsysu.edu.tw/menu5/showoutline.asp?SYEAR=114&SEM=2&CrsDat=MEME701&Crsname=書報討論,,,False,機電博,MEME701,1,不分班,"書報討論
SEMINAR",1,期,True,50,0,9,41,王郁仁,"四6,7(工EC 1009)","['', '', '', '67', '', '', '']","《演講/參訪》
碩、博士班併班上課",[],False
https://selcrs.nsysu.edu.tw/menu5/showoutline.asp?SYEAR=114&SEM=2&CrsDat=MEME707&Crsname=工程英文寫作,異動,更換授課方式1/22,False,機電博,MEME707,0,不分班,"工程英文寫作
ENGLISH WRITING FOR ENGINEERS",3,期,False,50,0,0,50,吳美玲,"五5,6,7(工EN 4055-2)","['', '', '', '', '567', '', '']",《講授類》,[],False
https://selcrs.nsysu.edu.tw/menu5/showoutline.asp?SYEAR=114&SEM=2&CrsDat=ENVE721&Crsname=書報討論,,,False,環工博,ENVE721,1,不分班,"書報討論
SEMINAR",1,期,True,50,0,2,48,陳威翔,"三6,7(工EV 4024)","['', '', '67', '', '', '', '']",《演講/參訪》,[],False
https://selcrs.nsysu.edu.tw/menu5/showoutline.asp?SYEAR=114&SEM=2&CrsDat=ENVE721A&Crsname=書報討論,,,False,環工博,ENVE721A,2,不分班,"書報討論
SEMINAR",1,期,True,50,0,6,44,陳威翔,"三6,7(工EV 4024)","['', '', '67', '', '', '', '']",《演講/參訪》,[],False
https://selcrs.nsysu.edu.tw/menu5/showoutline.asp?SYEAR=114&SEM=2&CrsDat=ENVE721B&Crsname=書報討論,,,False,環工博,ENVE721B,3,不分班,"書報討論
SEMINAR",1,期,True,50,0,8,42,陳威翔,"三6,7(工EV 4024)","['', '', '67', '', '', '', '']",《演講/參訪》,[],False
https://selcrs.nsysu.edu.tw/menu5/showoutline.asp?SYEAR=114&SEM=2&CrsDat=ENVE731&Crsname=淨水高級處理程序,,,False,環工博,ENVE731,0,不分班,"淨水高級處理程序
ADVANCED WATER TREATMENT PROCESSES",3,期,False,50,1,0,50,施育仁,"二2,3,4(工EC 1004)","['', '234', '', '', '', '', '']",《講授類》,[],False
https://selcrs.nsysu.edu.tw/menu5/showoutline.asp?SYEAR=114&SEM=2&CrsDat=ENVE741&Crsname=氣膠學,,,False,環工博,ENVE741,0,不分班,"氣膠學
AEROSOL TECHNOLOGY",3,期,False,50,3,0,50,陳則綸,"二8,6,7(工EC 1004)","['', '678', '', '', '', '', '']",《講授類》,['環境科技與管理學程'],True
https://selcrs.nsysu.edu.tw/menu5/showoutline.asp?SYEAR=114&SEM=2&CrsDat=ENVE747&Crsname=大氣污染化學,,,False,環工博,ENVE747,0,不分班,"大氣污染化學
ATMOSPHERIC POLLUTION CHEMISTRY",3,期,False,50,3,0,50,林淵淙,"二C,D,E(工EC 1004)","['', 'CDE', '', '', '', '', '']",《講授類》,[],True
https://selcrs.nsysu.edu.tw/menu5/showoutline.asp?SYEAR=114&SEM=2&CrsDat=ENVE785&Crsname=高等水化學,,,False,環工博,ENVE785,0,不分班,"高等水化學
ADVANCED WATER CHEMISTRY",3,期,False,50,0,0,50,施育仁,"四2,3,4(工EC 1004)","['', '', '', '234', '', '', '']",《講授類》,[],True
https://selcrs.nsysu.edu.tw/menu5/showoutline.asp?SYEAR=114&SEM=2&CrsDat=ENVE791&Crsname=英文論文寫作,,,False,環工博,ENVE791,0,不分班,"英文論文寫作
TECHNICAL WRITING IN EHGLISH",2,期,False,50,13,0,50,陳則綸,"四C,D(工EV 4024)","['', '', '', 'CD', '', '', '']",《講授類》,[],True
https://selcrs.nsysu.edu.tw/menu5/showoutline.asp?SYEAR=114&SEM=2&CrsDat=CSE707&Crsname=書報討論（二）,,,False,資工博,CSE707,1,不分班,"書報討論（二）
SEMINAR II",1,期,True,10,0,5,5,陳嘉平,五6(工EC 2011),"['', '', '', '', '6', '', '']","《演講/參訪》
限本系碩/博士生修習",[],False
https://selcrs.nsysu.edu.tw/menu5/showoutline.asp?SYEAR=114&SEM=2&CrsDat=ICE701&Crsname=書報討論,異動,確認教師1/22,False,通訊博,ICE701,1,不分班,"書報討論
SEMINAR",1,期,True,50,0,5,45,吳孝純,"二6,7(工EC 2002)","['', '67', '', '', '', '', '']","《演講/參訪》
與ICE501、ICE501A併班上課",[],False
https://selcrs.nsysu.edu.tw/menu5/showoutline.asp?SYEAR=114&SEM=2&CrsDat=EO7146&Crsname=書報討論（二）,異動,更換部份時間1/30,False,光電博,EO7146,1,不分班,"書報討論（二）
SEMINAR(II)",1,期,True,50,2,3,47,吳昇展,"一8,6,7(工EC 2011)","['678', '', '', '', '', '', '']",《講授類》,[],False
https://selcrs.nsysu.edu.tw/menu5/showoutline.asp?SYEAR=114&SEM=2&CrsDat=MOES702&Crsname=書報討論,,,False,材光博,MOES702,1,不分班,"書報討論
SEMINAR",1,期,True,70,2,6,64,葉昀昇,"三6,7(工EN 2028)","['', '', '67', '', '', '', '']",《研討類》,[],False
https://selcrs.nsysu.edu.tw/menu5/showoutline.asp?SYEAR=114&SEM=2&CrsDat=MOES702A&Crsname=書報討論,,,False,材光博,MOES702A,2,不分班,"書報討論
SEMINAR",1,期,True,70,0,15,55,葉昀昇,"三6,7(工EN 2028)","['', '', '67', '', '', '', '']",《研討類》,[],False
https://selcrs.nsysu.edu.tw/menu5/showoutline.asp?SYEAR=114&SEM=2&CrsDat=CSE710&Crsname=安全程式設計,,,False,資工資安博,CSE710,1,不分班,"安全程式設計
SECURE PROGRAMMING",3,期,True,50,0,1,49,克拉迪,"四8,6,7(工EC 1006)","['', '', '', '678', '', '', '']",《講授類》,[],True
https://selcrs.nsysu.edu.tw/menu5/showoutline.asp?SYEAR=114&SEM=2&CrsDat=CSE713&Crsname=安全密碼協定,,,False,資工資安博,CSE713,1,不分班,"安全密碼協定
SECURE CRYPTOGRAPHIC PROTOCOLS",3,期,True,50,0,1,49,王智弘,"五2,3,4(工EC 1005)","['', '', '', '', '234', '', '']",《講授類》,[],False
https://selcrs.nsysu.edu.tw/menu5/showoutline.asp?SYEAR=114&SEM=2&CrsDat=CSE716&Crsname=網路安全,異動,更換教室1/13,False,資工資安博,CSE716,1,不分班,"網路安全
NETWORK SECURITY",3,期,True,50,0,1,49,陳嘉玫,"六2,3,4(管CM 2023)","['', '', '', '', '', '234', '']",《講授類》,[],False
https://selcrs.nsysu.edu.tw/menu5/showoutline.asp?SYEAR=114&SEM=2&CrsDat=CSE718&Crsname=書報討論（二）,,,False,資工資安博,CSE718,1,不分班,"書報討論（二）
SEMINAR II",1,期,True,2,0,1,1,陳嘉平,五6(工EC 2011),"['', '', '', '', '6', '', '']","《演講/參訪》
限本系碩/博士生修習",[],False
https://selcrs.nsysu.edu.tw/menu5/showoutline.asp?SYEAR=114&SEM=2&CrsDat=BM702&Crsname=高等數量方法（二）,異動,確認教師及授課方式1/20,False,企管博,BM702,1,不分班,"高等數量方法（二）
ADVANCED QUANTITATIVE METHODS (II)",3,期,True,50,0,5,45,林芳伃,"一5,6,7(管CM 3035)","['567', '', '', '', '', '', '']","《講授類》
企業管理組;
與醫管博高等統計分析(二)併班",[],True
https://selcrs.nsysu.edu.tw/menu5/showoutline.asp?SYEAR=114&SEM=2&CrsDat=BM703&Crsname=高等企業研究方法,,,False,企管博,BM703,1,不分班,"高等企業研究方法
ADVANCED BUSINESS RESEARCH METHODS",3,期,True,50,0,5,45,葉淑娟,"二8,6,7(管CM 2021)","['', '678', '', '', '', '', '']","《講授類》
企業管理組;",[],True
https://selcrs.nsysu.edu.tw/menu5/showoutline.asp?SYEAR=114&SEM=2&CrsDat=BM703A&Crsname=高等企業研究方法,,,False,企管博,BM703A,2,不分班,"高等企業研究方法
ADVANCED BUSINESS RESEARCH METHODS",3,期,True,50,1,10,40,葉淑娟,"二8,6,7(管CM 2021)","['', '678', '', '', '', '', '']","《講授類》
企業管理組;",[],True
https://selcrs.nsysu.edu.tw/menu5/showoutline.asp?SYEAR=114&SEM=2&CrsDat=BM704&Crsname=高等管理理論,,,False,企管博,BM704,1,不分班,"高等管理理論
ADVANCED MANAGEMENT THEORY",3,期,True,50,3,5,45,施欣宜,"二2,3,4(管CM 3035)","['', '234', '', '', '', '', '']","《講授類》
企業管理組;
與醫管博高等組織及管理理論併班",[],True
https://selcrs.nsysu.edu.tw/menu5/showoutline.asp?SYEAR=114&SEM=2&CrsDat=BM714&Crsname=實驗方法設計與資料分析,,,False,企管博,BM714,0,不分班,"實驗方法設計與資料分析
EXPERIMENTAL DESIGN AND DATA ANALYSIS",3,期,False,50,4,0,50,張純端,"一2,3,4(管CM 1030)","['234', '', '', '', '', '', '']","《講授類》
企業管理組;",[],True
https://selcrs.nsysu.edu.tw/menu5/showoutline.asp?SYEAR=114&SEM=2&CrsDat=BM731&Crsname=行銷管理,,,False,企管博,BM731,0,不分班,"行銷管理
MARKETING MANAGEMENT",3,期,False,50,4,0,50,黃明新,"二8,6,7(管CM 1030)","['', '678', '', '', '', '', '']","《講授類》
企業管理組;",[],False
https://selcrs.nsysu.edu.tw/menu5/showoutline.asp?SYEAR=114&SEM=2&CrsDat=BM732&Crsname=高等個體經濟分析(一),,,False,企管博,BM732,0,不分班,"高等個體經濟分析(一)
SPECIAL TOPICS IN ADVANCED ECONOMICS",3,期,False,50,0,0,50,吳基逞,"三2,3,4(管CM 2036)","['', '', '234', '', '', '', '']","《講授類》
經營管理組;
限DBA",[],False
https://selcrs.nsysu.edu.tw/menu5/showoutline.asp?SYEAR=114&SEM=2&CrsDat=BM737&Crsname=調查研究（二）,,,False,企管博,BM737,0,不分班,"調查研究（二）
SURVEY RESEARCH(II)",3,期,False,50,1,0,50,葉淑娟,"四8,6,7(管CM 2021)","['', '', '', '678', '', '', '']","《講授類》
企業管理組;",[],False
https://selcrs.nsysu.edu.tw/menu5/showoutline.asp?SYEAR=114&SEM=2&CrsDat=BM747&Crsname=國家層級分析與國際企業競爭策略,,,False,企管博,BM747,0,不分班,"國家層級分析與國際企業競爭策略
THE RESEARCH OF COO AND IB STRATEGY",3,期,False,50,10,0,50,蔡宗霖,"二2,3,4(管CM 1026)","['', '234', '', '', '', '', '']","《講授類》
企業管理組;",[],True
https://selcrs.nsysu.edu.tw/menu5/showoutline.asp?SYEAR=114&SEM=2&CrsDat=BM749&Crsname=國際競爭策略,新增,1/5,False,企管博,BM749,0,不分班,"國際競爭策略
INTERNATIONAL COMPETITIVE STRATEGY",3,期,False,50,3,0,50,盧憶,"六8,6,7(管CM 2036)","['', '', '', '', '', '678', '']","《講授類》
經營管理組;
限DPB",[],False
https://selcrs.nsysu.edu.tw/menu5/showoutline.asp?SYEAR=114&SEM=2&CrsDat=BM756&Crsname=質性研究與方法論,,,False,企管博,BM756,1,不分班,"質性研究與方法論
QUALITATIVE RESEARCH METHODS AND METHODLOGY",3,期,True,50,0,6,44,蔡宗霖,"六2,3,4(管CM 2036)","['', '', '', '', '', '234', '']","《講授類》
經營管理組;
限DBA",[],False
https://selcrs.nsysu.edu.tw/menu5/showoutline.asp?SYEAR=114&SEM=2&CrsDat=BM760&Crsname=計量管理最佳化方法與應用,,,False,企管博,BM760,0,不分班,"計量管理最佳化方法與應用
OPTIMIZATION IN QUANTITATIVE MANAGEMENT",3,期,False,50,0,0,50,黃鋒樟,"二8,9,C(管CM 1026)","['', '89C', '', '', '', '', '']","《講授類》
企業管理組;",[],True
https://selcrs.nsysu.edu.tw/menu5/showoutline.asp?SYEAR=114&SEM=2&CrsDat=BM762&Crsname=服務行銷,,,False,企管博,BM762,0,不分班,"服務行銷
SERVICE MARKETING",3,期,False,50,3,0,50,林政佑,"五2,3,4(管CM 1030)","['', '', '', '', '234', '', '']","《講授類》
企業管理組;",[],True
https://selcrs.nsysu.edu.tw/menu5/showoutline.asp?SYEAR=114&SEM=2&CrsDat=BM783&Crsname=高等企業研究方法,,,False,企管博,BM783,1,不分班,"高等企業研究方法
ADVANCED BUSINESS RESEARCH METHODS",3,期,True,50,0,6,44,葉淑娟,"二2,3,4(管CM 2036)","['', '234', '', '', '', '', '']","《講授類》
經營管理組;
限DBA",[],False
https://selcrs.nsysu.edu.tw/menu5/showoutline.asp?SYEAR=114&SEM=2&CrsDat=BM784&Crsname=經營管理哲學,,,False,企管博,BM784,0,不分班,"經營管理哲學
MANAGEMENT AND PHILOSOPHY",3,期,False,50,2,0,50,黃明新,"五8,6,7(管CM 2036)","['', '', '', '', '678', '', '']","《講授類》
經營管理組;
限DBA",[],False
https://selcrs.nsysu.edu.tw/menu5/showoutline.asp?SYEAR=114&SEM=2&CrsDat=BM788&Crsname=企業經營實務,,,False,企管博,BM788,0,不分班,"企業經營實務
DISCOURSE ON BUSINESS PRACTICE",3,期,False,50,2,0,50,林豪傑,"四8,6,7(管CM 2036)","['', '', '', '678', '', '', '']","《講授類》
經營管理組;
限DBA",[],False
https://selcrs.nsysu.edu.tw/menu5/showoutline.asp?SYEAR=114&SEM=2&CrsDat=BM805&Crsname=企業與創新專題研討,,,False,企管博,BM805,0,不分班,"企業與創新專題研討
SEMINAR IN BUSINESS AND INNOVATION",3,期,False,50,6,0,50,彭聖翔,"四C,D,E(管CM 1030)","['', '', '', 'CDE', '', '', '']","《研討類》
企業管理組;",[],True
https://selcrs.nsysu.edu.tw/menu5/showoutline.asp?SYEAR=114&SEM=2&CrsDat=BM820&Crsname=企業管理專題研討（二）,,,False,企管博,BM820,0,不分班,"企業管理專題研討（二）
SEMINAR IN BUSINESS MANAGEMENT (II)",2,期,False,50,0,0,50,黃鋒樟,"三6,7(管CM 3035)","['', '', '67', '', '', '', '']","《研討類》
企業管理組;",[],True
https://selcrs.nsysu.edu.tw/menu5/showoutline.asp?SYEAR=114&SEM=2&CrsDat=BM821&Crsname=企業管理專題研討（四）,,,False,企管博,BM821,0,不分班,"企業管理專題研討（四）
SEMINAR IN BUSINESS MANAGEMENT (Ⅳ)",2,期,False,50,6,0,50,黃鋒樟,"三B,5(管CM 3035)","['', '', 'B5', '', '', '', '']","《研討類》
企業管理組;",[],True
https://selcrs.nsysu.edu.tw/menu5/showoutline.asp?SYEAR=114&SEM=2&CrsDat=BM830&Crsname=國際企業理論與研究,新增,1/20,False,企管博,BM830,0,不分班,"國際企業理論與研究
INTERNATIONAL BUSINESS STUDY",3,期,False,50,2,0,50,林晉禾,"五2,3,4(管CM 3019)","['', '', '', '', '234', '', '']","《講授類》
企業管理組;",[],True
https://selcrs.nsysu.edu.tw/menu5/showoutline.asp?SYEAR=114&SEM=2&CrsDat=BM836&Crsname=組織學習專題研討,新增,1/5,False,企管博,BM836,0,不分班,"組織學習專題研討
SEMINAR IN ORGANIZATIONAL LEARNING",3,期,False,50,6,0,50,王致遠,"二C,D,E(管CM 1030)","['', 'CDE', '', '', '', '', '']","《研討類》
企業管理組;",[],False
https://selcrs.nsysu.edu.tw/menu5/showoutline.asp?SYEAR=114&SEM=2&CrsDat=BM837&Crsname=組織理論專題研討,,,False,企管博,BM837,0,不分班,"組織理論專題研討
INDEPENDENT STUDIES IN ORGANIZATION THEORY",3,期,False,50,3,0,50,林豪傑,"一2,3,4(管CM  2021)","['234', '', '', '', '', '', '']","《研討類》
企業管理組;",[],True
https://selcrs.nsysu.edu.tw/menu5/showoutline.asp?SYEAR=114&SEM=2&CrsDat=BM847&Crsname=產業經濟學專題研討,,,False,企管博,BM847,0,不分班,"產業經濟學專題研討
SPECIAL TOPICS IN INDUSTRIAL ECONOMICS",3,期,False,50,3,0,50,吳基逞,"五8,6,7(管CM 2021)","['', '', '', '', '678', '', '']","《研討類》
企業管理組;",[],False
https://selcrs.nsysu.edu.tw/menu5/showoutline.asp?SYEAR=114&SEM=2&CrsDat=BM851&Crsname=社會創業與社會企業議題研討,,,False,企管博,BM851,0,不分班,"社會創業與社會企業議題研討
SPECIAL TOPIC IN SOCIAL ENTREPRENEURSHIP RESEARCH",3,期,False,50,2,0,50,林杏娥,"四C,D,E(管CM 1026)","['', '', '', 'CDE', '', '', '']","《研討類》
企業管理組;",[],False
https://selcrs.nsysu.edu.tw/menu5/showoutline.asp?SYEAR=114&SEM=2&CrsDat=MIS701&Crsname=管理資訊系統研究,異動,更換授課方式1/8,False,資管博,MIS701,0,不分班,"管理資訊系統研究
MANAGEMENT INFORMATION SYSTEMS RESEARCH",3,期,False,50,4,0,50,徐士傑,"三2,3,4(管CM 2016)","['', '', '234', '', '', '', '']",《講授類》,[],True
https://selcrs.nsysu.edu.tw/menu5/showoutline.asp?SYEAR=114&SEM=2&CrsDat=MIS703&Crsname=研究方法（二）,異動,更換授課方式1/8,False,資管博,MIS703,1,不分班,"研究方法（二）
RESEARCH METHODOLOGY(II)",3,期,True,50,0,5,45,邱兆民,"一8,6,7(管CM 2016)","['678', '', '', '', '', '', '']",《講授類》,[],True
https://selcrs.nsysu.edu.tw/menu5/showoutline.asp?SYEAR=114&SEM=2&CrsDat=MIS705&Crsname=高等資管專題研討（二）,,,False,資管博,MIS705,1,不分班,"高等資管專題研討（二）
SEMINAR IN ADVANCED INFORMATION SYSTEMS (II)",1,期,True,50,0,4,46,楊淯程,"四6,7(管CM 2016)","['', '', '', '67', '', '', '']",《研討類》,[],False
https://selcrs.nsysu.edu.tw/menu5/showoutline.asp?SYEAR=114&SEM=2&CrsDat=MIS707&Crsname=高等資管專題研討（四）,,,False,資管博,MIS707,2,不分班,"高等資管專題研討（四）
SEMINAR IN ADVANCED INFORMATION SYSTEMS (IV)",1,期,True,50,0,4,46,楊淯程,"四6,7(管CM 2016)","['', '', '', '67', '', '', '']",《研討類》,[],False
https://selcrs.nsysu.edu.tw/menu5/showoutline.asp?SYEAR=114&SEM=2&CrsDat=FM706&Crsname=財金專題評析（二）,,,False,財管博,FM706,1,不分班,"財金專題評析（二）
FINANCIAL STUDIES REVIEW (II)",1,期,True,20,0,2,18,封之遠,四3(管CM 2020),"['', '', '', '3', '', '', '']",《講授類》,[],True
https://selcrs.nsysu.edu.tw/menu5/showoutline.asp?SYEAR=114&SEM=2&CrsDat=FM709&Crsname=財務理論分析,,,False,財管博,FM709,0,不分班,"財務理論分析
FINANCIAL THEORY ANALYSIS",3,期,False,20,2,0,20,廖源星,"五5,6,7(管CM 2020)","['', '', '', '', '567', '', '']",《講授類》,[],False
https://selcrs.nsysu.edu.tw/menu5/showoutline.asp?SYEAR=114&SEM=2&CrsDat=FM809&Crsname=財金專題評析（四）,,,False,財管博,FM809,0,不分班,"財金專題評析（四）
FINANCIAL STUDIES REVIEW (IV)",1,期,False,20,2,0,20,封之遠,四4(管CM 2020),"['', '', '', '4', '', '', '']",《講授類》,[],True
https://selcrs.nsysu.edu.tw/menu5/showoutline.asp?SYEAR=114&SEM=2&CrsDat=FM810&Crsname=國際金融與財管分析,異動,確認教師1/30,False,財管博,FM810,0,不分班,"國際金融與財管分析
SPECIAL TOPICS IN INTERNATIONAL FINANCE",3,期,False,20,2,0,20,劉名育,"五2,3,4(管CM 2020)","['', '', '', '', '234', '', '']",《講授類》,[],True
https://selcrs.nsysu.edu.tw/menu5/showoutline.asp?SYEAR=114&SEM=2&CrsDat=FM817&Crsname=國際會計準則與權益評價,,,False,財管博,FM817,0,不分班,"國際會計準則與權益評價
INTERNATIONAL FINANCIAL REPORTING STANDARDS AND EQUITY VALUATION",3,期,False,20,1,0,20,羅勝議,"一2,3,4(管CM 2026)","['234', '', '', '', '', '', '']",《講授類》,[],True
https://selcrs.nsysu.edu.tw/menu5/showoutline.asp?SYEAR=114&SEM=2&CrsDat=PAM703&Crsname=高等公共經濟學,,,False,公事博,PAM703,2,不分班,"高等公共經濟學
ADVANCED PUBLIC ECONOMICS",3,期,False,50,1,0,50,張瓊婷,"三2,3,4(管CM 1035)","['', '', '234', '', '', '', '']",《講授類》,[],False
https://selcrs.nsysu.edu.tw/menu5/showoutline.asp?SYEAR=114&SEM=2&CrsDat=PAM708&Crsname=高等公共事務管理,,,False,公事博,PAM708,1,不分班,"高等公共事務管理
ADVANCED PUBLIC AFFAIRS MANAGEMENT",3,期,True,50,0,3,47,"張瓊婷,蔡錦昌","三5,6,7(管CM 1020)","['', '', '567', '', '', '', '']",《講授類》,[],False
https://selcrs.nsysu.edu.tw/menu5/showoutline.asp?SYEAR=114&SEM=2&CrsDat=PAM727&Crsname=倫理與衝突,,,False,公事博,PAM727,2,不分班,"倫理與衝突
ETHICS AND CONFLICT",2,期,True,50,2,5,45,林新沛,"五3,4(管M 1020)","['', '', '', '', '34', '', '']",《講授類》,[],False
https://selcrs.nsysu.edu.tw/menu5/showoutline.asp?SYEAR=114&SEM=2&CrsDat=PAM754&Crsname=第三部門經營與社會參與,,,False,公事博,PAM754,2,不分班,"第三部門經營與社會參與
THE MANAGEMENT AND SOCIAL PARTICIPATION OF THE THIRD SECTOR",3,期,False,50,1,0,50,蔡錦昌,"三D,E,F(管CM 1035)","['', '', 'DEF', '', '', '', '']",《講授類》,[],True
https://selcrs.nsysu.edu.tw/menu5/showoutline.asp?SYEAR=114&SEM=2&CrsDat=HRM701&Crsname=高等組織理論與管理,異動,調整名額1/15,False,人管博,HRM701,1,不分班,"高等組織理論與管理
ADVANCED ORGANIZATION THEORY AND MANAGEMENT",3,期,True,15,0,2,13,葉致微,"三5,6,7(管CM 4091)","['', '', '567', '', '', '', '']",《講授類》,[],True
https://selcrs.nsysu.edu.tw/menu5/showoutline.asp?SYEAR=114&SEM=2&CrsDat=HRM704&Crsname=高等研究方法（二）,異動,調整名額1/15,False,人管博,HRM704,1,不分班,"高等研究方法（二）
ADVANCED RESEARCH METHODS (II)",3,期,True,15,0,2,13,鄭怡玲,"四5,6,7(管CM 4091)","['', '', '', '567', '', '', '']",《講授類》,[],True
https://selcrs.nsysu.edu.tw/menu5/showoutline.asp?SYEAR=114&SEM=2&CrsDat=HRM725&Crsname=當代人管及工作心理學之專題研討,異動,調整名額1/15,False,人管博,HRM725,2,不分班,"當代人管及工作心理學之專題研討
SEMINAR IN CRITICAL REFLECTIONS ON CONTEMPORARY RESEARCH IN HRM AND WORK PSYCHOLOGY",3,期,False,15,0,0,15,紀乃文,"五8,6,7(管CM 4091)","['', '', '', '', '678', '', '']","《研討類》
限修過員工工作態度與行為研討者修",[],False
https://selcrs.nsysu.edu.tw/menu5/showoutline.asp?SYEAR=114&SEM=2&CrsDat=HRM755&Crsname=工作情緒專題研討,異動,調整名額1/15,False,人管博,HRM755,2,不分班,"工作情緒專題研討
SEMINAR IN MOODS AND EMOTIONS AT WORK",3,期,False,15,1,0,15,紀乃文,"五2,3,4(管CM 4091)","['', '', '', '', '234', '', '']","《研討類》
限修過員工工作態度與行為研討者修",[],False
https://selcrs.nsysu.edu.tw/menu5/showoutline.asp?SYEAR=114&SEM=2&CrsDat=HRM757&Crsname=員工工作態度與行為研討,異動,調整名額1/15,False,人管博,HRM757,1,不分班,"員工工作態度與行為研討
SEMINAR IN EMPLOYEE ATTITUDES AND BEHAVIORS AT WORK",3,期,False,30,5,0,30,紀乃文,"三2,3,4(管CM 1036)","['', '', '234', '', '', '', '']","《研討類》
限人管所學生修習",[],False
https://selcrs.nsysu.edu.tw/menu5/showoutline.asp?SYEAR=114&SEM=2&CrsDat=HRM772&Crsname=家族企業理論專題研究,異動,調整名額1/15,False,人管博,HRM772,0,不分班,"家族企業理論專題研究
SEMINAR IN FAMILY BUSINESS STUDIES",3,期,False,10,0,0,10,"段逸君,陳世哲","五2,3,4(管CM 2038)","['', '', '', '', '234', '', '']",《獨立研究》,[],False
https://selcrs.nsysu.edu.tw/menu5/showoutline.asp?SYEAR=114&SEM=2&CrsDat=HRM831&Crsname=人力資源測驗評量專題研究,,,False,人管博,HRM831,0,不分班,"人力資源測驗評量專題研究
INDEPENDENT STUDIES OF ASSESSMENT METHODS IN WORKPLACE",3,期,False,50,0,0,50,李澄賢,"三2,3,4(管CM 3044)","['', '', '234', '', '', '', '']",《獨立研究》,[],False
https://selcrs.nsysu.edu.tw/menu5/showoutline.asp?SYEAR=114&SEM=2&CrsDat=HCM701&Crsname=高等組織及管理理論,,,False,企醫管博,HCM701,1,不分班,"高等組織及管理理論
ADVANCED MANAGEMENT THEORY",3,期,True,50,0,3,47,施欣宜,"二2,3,4(管CM 3035)","['', '234', '', '', '', '', '']","《講授類》
與企管博高等管理理論併班",[],True
https://selcrs.nsysu.edu.tw/menu5/showoutline.asp?SYEAR=114&SEM=2&CrsDat=HCM703&Crsname=高等統計分析（二）,異動,確認教師及授課方式1/20,False,企醫管博,HCM703,1,不分班,"高等統計分析（二）
ADVANCED STATISTICAL ANALYSIS (II)",3,期,True,50,0,3,47,林芳伃,"一5,6,7(管CM 3035)","['567', '', '', '', '', '', '']","《講授類》
與企管博高等數量分析(二)併班",[],True
https://selcrs.nsysu.edu.tw/menu5/showoutline.asp?SYEAR=114&SEM=2&CrsDat=HCM707&Crsname=醫療暨健康產業分析,,,False,企醫管博,HCM707,0,不分班,"醫療暨健康產業分析
ANALYSIS IN MEDICAL AND HEALTH CARE INDUSTRY",3,期,False,50,5,0,50,李英俊,"二8,6,7(管CM 3035)","['', '678', '', '', '', '', '']",《講授類》,[],False
https://selcrs.nsysu.edu.tw/menu5/showoutline.asp?SYEAR=114&SEM=2&CrsDat=HCM708&Crsname=健康經濟評估,,,False,企醫管博,HCM708,0,不分班,"健康經濟評估
HEALTH ECONOMIC EVALUATION",3,期,False,50,2,0,50,黃俊智,"四2,3,4(管CM 3035)","['', '', '', '234', '', '', '']",《講授類》,[],False
https://selcrs.nsysu.edu.tw/menu5/showoutline.asp?SYEAR=114&SEM=2&CrsDat=HCM802&Crsname=醫務管理專題研討（二）,異動,更換部份時間1/20,False,企醫管博,HCM802,0,不分班,"醫務管理專題研討（二）
SEMINAR IN HEALTH CARE MANAGEMENT（II）",2,期,False,50,3,0,50,"余憲忠,黃俊智","四9,C(管CM  3035)","['', '', '', '9C', '', '', '']",《研討類》,[],False
https://selcrs.nsysu.edu.tw/menu5/showoutline.asp?SYEAR=114&SEM=2&CrsDat=HCM804&Crsname=醫務管理專題研討（四）,,,False,企醫管博,HCM804,0,不分班,"醫務管理專題研討（四）
SEMINAR IN HEALTH CARE MANAGEMENT（IV）",2,期,False,50,0,0,50,"余憲忠,黃俊智","四A,1(管CM  3035)","['', '', '', 'A1', '', '', '']",《研討類》,[],False
https://selcrs.nsysu.edu.tw/menu5/showoutline.asp?SYEAR=114&SEM=2&CrsDat=MBR702&Crsname=海洋生物科技專題研討（六）,,,True,海資博,MBR702,1,不分班,"海洋生物科技專題研討（六）
SEMINAR IN MARINE BIOTECHNOLOGY (VI)",2,期,True,50,3,0,50,張鈞涵,"一6,7(海MB 2015)","['67', '', '', '', '', '', '']","《研討類》
碩博士班併班上課。",[],False
https://selcrs.nsysu.edu.tw/menu5/showoutline.asp?SYEAR=114&SEM=2&CrsDat=MBR704&Crsname=海洋生態專題研討（六）,,,True,海資博,MBR704,1,不分班,"海洋生態專題研討（六）
SEMINAR IN MARINE ECOLOGY (VI)",2,期,True,50,0,0,50,劉商隱,"一6,7(海MB 1005)","['67', '', '', '', '', '', '']","《研討類》
碩博士班併班上課。",[],False
https://selcrs.nsysu.edu.tw/menu5/showoutline.asp?SYEAR=114&SEM=2&CrsDat=MBR708&Crsname=海洋化學資源專題研討（六）,,,True,海資博,MBR708,1,不分班,"海洋化學資源專題研討（六）
SEMINAR IN MARINE CHEMICAL RESOURCES (VI)",2,期,True,50,2,0,50,李益銘,"一6,7(海MB 2014)","['67', '', '', '', '', '', '']","《研討類》
碩博士班併班上課。",[],False
https://selcrs.nsysu.edu.tw/menu5/showoutline.asp?SYEAR=114&SEM=2&CrsDat=MBR727&Crsname=海洋化學生物學專題研究（六）,,,False,海資博,MBR727,1,不分班,"海洋化學生物學專題研究（六）
INDEPENDENT STUDIES IN MARINE CHEMICAL BIOLOGY (VI)",2,期,False,50,2,0,50,"廖志中,李益銘,翁靖如,鄭源斌","四A,1()","['', '', '', 'A1', '', '', '']",《獨立研究》,[],False
https://selcrs.nsysu.edu.tw/menu5/showoutline.asp?SYEAR=114&SEM=2&CrsDat=MBR735&Crsname=水生生態專題研究（六）,,,False,海資博,MBR735,1,不分班,"水生生態專題研究（六）
INDEPENDENT STUDIES IN AQUATIC ECOLOGY (６)",2,期,False,50,0,0,50,"劉商隱,林梅芳,林秀瑾,水晶","四A,1()","['', '', '', 'A1', '', '', '']",《獨立研究》,[],False
https://selcrs.nsysu.edu.tw/menu5/showoutline.asp?SYEAR=114&SEM=2&CrsDat=MBR738&Crsname=海洋生物科技專題研究（六）,,,False,海資博,MBR738,1,不分班,"海洋生物科技專題研究（六）
INDEPENDENT STUDIES IN MARINE BIOTECHNOLOGY(VI)",2,期,False,50,4,0,50,"廖睿妘,李景欽,李澤民,溫志宏,王亮鈞","四A,1()","['', '', '', 'A1', '', '', '']",《獨立研究》,[],False
https://selcrs.nsysu.edu.tw/menu5/showoutline.asp?SYEAR=114&SEM=2&CrsDat=MBR739&Crsname=海洋活性成分於線蟲平台：實驗設計與分析,,,False,海資博,MBR739,1,不分班,"海洋活性成分於線蟲平台：實驗設計與分析
MARINE BIOACTIVE COMPOUNDS IN NEMATODE PLATFORM: EXPERIMENTAL DESIGN AND ANALYSIS",3,期,False,50,2,0,50,張鈞涵,"三2,3,4(海MB 3013)","['', '', '234', '', '', '', '']",《講授類》,[],True
https://selcrs.nsysu.edu.tw/menu5/showoutline.asp?SYEAR=114&SEM=2&CrsDat=MBR802&Crsname=海洋生物科技專題研討（八）,,,True,海資博,MBR802,2,不分班,"海洋生物科技專題研討（八）
SEMINAR IN MARINE BIOTECHNOLOGY (VIII)",2,期,True,50,2,0,50,張鈞涵,"一6,7(海MB 2015)","['67', '', '', '', '', '', '']","《研討類》
碩博士班併班上課。",[],False
https://selcrs.nsysu.edu.tw/menu5/showoutline.asp?SYEAR=114&SEM=2&CrsDat=MBR804&Crsname=海洋生態專題研討（八）,,,True,海資博,MBR804,2,不分班,"海洋生態專題研討（八）
SEMINAR IN MARINE ECOLOGY (VIII)",2,期,True,50,0,0,50,劉商隱,"一6,7(海MB 1005)","['67', '', '', '', '', '', '']","《研討類》
碩博士班併班上課。",[],False
https://selcrs.nsysu.edu.tw/menu5/showoutline.asp?SYEAR=114&SEM=2&CrsDat=MBR808&Crsname=海洋化學資源專題研討（八）,,,True,海資博,MBR808,2,不分班,"海洋化學資源專題研討（八）
SEMINAR IN MARINE CHEMICAL RESOURCES (VIII)",2,期,True,50,0,0,50,李益銘,"一6,7(海MB 2014)","['67', '', '', '', '', '', '']","《研討類》
碩博士班併班上課。",[],False
https://selcrs.nsysu.edu.tw/menu5/showoutline.asp?SYEAR=114&SEM=2&CrsDat=MBR814&Crsname=水生生態專題研究（八）,,,False,海資博,MBR814,2,不分班,"水生生態專題研究（八）
INDEPENDENT STUDIES IN AQUATIC ECOLOGY (８)",2,期,False,50,0,0,50,"劉商隱,林梅芳,林秀瑾,水晶","五A,1()","['', '', '', '', 'A1', '', '']",《獨立研究》,[],False
https://selcrs.nsysu.edu.tw/menu5/showoutline.asp?SYEAR=114&SEM=2&CrsDat=MBR824&Crsname=海洋生物科技專題研究（八）,,,False,海資博,MBR824,2,不分班,"海洋生物科技專題研究（八）
INDEPENDENT STUDIES IN MARINE BIOTECHNOLOGY(VIII)",2,期,False,50,2,0,50,"廖睿妘,李景欽,李澤民,溫志宏,王亮鈞","五A,1()","['', '', '', '', 'A1', '', '']",《獨立研究》,[],False
https://selcrs.nsysu.edu.tw/menu5/showoutline.asp?SYEAR=114&SEM=2&CrsDat=MBR825&Crsname=海洋化學生物學專題研究（八）,,,False,海資博,MBR825,2,不分班,"海洋化學生物學專題研究（八）
INDEPENDENT STUDIES IN MARINE CHEMICAL BIOLOGY (VIII)",2,期,False,50,0,0,50,"廖志中,李益銘,翁靖如,鄭源斌","五A,1()","['', '', '', '', 'A1', '', '']",《獨立研究》,[],False
https://selcrs.nsysu.edu.tw/menu5/showoutline.asp?SYEAR=114&SEM=2&CrsDat=MAEV753&Crsname=近海海象預報理論及模擬（二）,,,False,海工博,MAEV753,0,不分班,"近海海象預報理論及模擬（二）
COASTAL OCEAN PREDICTION THEORY AND PRACTICE (II)",3,期,False,50,0,0,50,許弘莒,"二8,6,7(海ME 2001)","['', '678', '', '', '', '', '']",《講授類》,[],False
https://selcrs.nsysu.edu.tw/menu5/showoutline.asp?SYEAR=114&SEM=2&CrsDat=DO751&Crsname=海洋生物專題研究（二）,,,False,海科博,DO751,0,不分班,"海洋生物專題研究（二）
INDEPENDENT STUDIES IN MARINE BIOLOGY (II)",3,期,False,50,0,0,50,指導教授,"一C,D,E()","['CDE', '', '', '', '', '', '']",《獨立研究》,[],False
https://selcrs.nsysu.edu.tw/menu5/showoutline.asp?SYEAR=114&SEM=2&CrsDat=DO755&Crsname=海洋生物專題討論（二）,,,False,海科博,DO755,0,不分班,"海洋生物專題討論（二）
SEMINAR IN MARINE BIOLOGY (II)",1,期,False,50,1,0,50,熊寶兒,三6(),"['', '', '6', '', '', '', '']",《研討類》,[],True
https://selcrs.nsysu.edu.tw/menu5/showoutline.asp?SYEAR=114&SEM=2&CrsDat=DO757&Crsname=海洋生物專題討論（四）,,,False,海科博,DO757,0,不分班,"海洋生物專題討論（四）
SEMINAR IN MARINE BIOLOGY (IV)",1,期,False,50,0,0,50,熊寶兒,三7(),"['', '', '7', '', '', '', '']",《研討類》,[],True
https://selcrs.nsysu.edu.tw/menu5/showoutline.asp?SYEAR=114&SEM=2&CrsDat=DDMB801&Crsname=博士論文,,,False,海生科技博士學程,DDMB801,3,不分班,"博士論文
DISSERTATION",3,期,False,50,0,0,50,廖志中,"二8,9,7(各研究室)","['', '789', '', '', '', '', '']",《講授類》,[],False
https://selcrs.nsysu.edu.tw/menu5/showoutline.asp?SYEAR=114&SEM=2&CrsDat=IGPM702&Crsname=專題討論（二）,,,False,海科全英博,IGPM702,0,不分班,"專題討論（二）
SEMINAR (II)",1,期,False,50,1,0,50,王敬湧,三6(MB 1005),"['', '', '6', '', '', '', '']",《研討類》,[],True
https://selcrs.nsysu.edu.tw/menu5/showoutline.asp?SYEAR=114&SEM=2&CrsDat=IGPM704&Crsname=專題討論（四）,,,False,海科全英博,IGPM704,2,不分班,"專題討論（四）
SEMINAR (IV)",1,期,False,50,1,0,50,王敬湧,三7(MB 1005),"['', '', '7', '', '', '', '']",《研討類》,[],True
https://selcrs.nsysu.edu.tw/menu5/showoutline.asp?SYEAR=114&SEM=2&CrsDat=IGPM706&Crsname=專題研究（二）,,,False,海科全英博,IGPM706,1,不分班,"專題研究（二）
INDEPENDENT STUDY (II)",3,期,False,50,2,0,50,"張桂祥,林玉詩,王敬湧","五8,9,7(各研究室)","['', '', '', '', '789', '', '']",《獨立研究》,[],True
https://selcrs.nsysu.edu.tw/menu5/showoutline.asp?SYEAR=114&SEM=2&CrsDat=IGPM708&Crsname=進階浮游植物生態學研究（二）,,,False,海科全英博,IGPM708,0,不分班,"進階浮游植物生態學研究（二）
ADVANCED STUDIES IN PHYTOPLANKTON ECOLOGY (II)",2,期,False,50,0,0,50,張桂祥,"二6,7(MB 1005)","['', '67', '', '', '', '', '']",《講授類》,[],True
https://selcrs.nsysu.edu.tw/menu5/showoutline.asp?SYEAR=114&SEM=2&CrsDat=IPS706&Crsname=政治學數量資料分析,,,False,政治博,IPS706,0,不分班,"政治學數量資料分析
POLITICAL SCIENCE QUANTITATIVE DATA ANALYSIS",3,期,False,40,1,0,40,張晉赫,"三2,3,4(社SS 3010-2)","['', '', '234', '', '', '', '']",《講授類》,['政經大數據分析微學程'],True
https://selcrs.nsysu.edu.tw/menu5/showoutline.asp?SYEAR=114&SEM=2&CrsDat=IOE701&Crsname=教學心理學研究,,,False,教育博,IOE701,0,不分班,"教學心理學研究
STUDIES IN PSYCHOLOGY FOR TEACHING",3,期,False,30,0,0,30,楊淑晴,"三B,5,6(社SS 2002-1)","['', '', 'B56', '', '', '', '']",《講授類》,[],False
https://selcrs.nsysu.edu.tw/menu5/showoutline.asp?SYEAR=114&SEM=2&CrsDat=IOE709&Crsname=課程理論研究,異動,更換教室1/7,False,教育博,IOE709,0,不分班,"課程理論研究
STUDIES IN CURRICULUM THEORIES",3,期,False,30,1,0,30,周珮儀,"一8,6,7(社SS 2005)","['678', '', '', '', '', '', '']",《講授類》,[],False
https://selcrs.nsysu.edu.tw/menu5/showoutline.asp?SYEAR=114&SEM=2&CrsDat=IOE752&Crsname=專題研討（二）,,,False,教育博,IOE752,1,不分班,"專題研討（二）
SEMINAR IN EDUCATIONAL RESEARCH",1,期,True,30,1,11,19,謝百淇,三7(社SS 2001),"['', '', '7', '', '', '', '']",《研討類》,[],False
https://selcrs.nsysu.edu.tw/menu5/showoutline.asp?SYEAR=114&SEM=2&CrsDat=IOE764&Crsname=全球教育研究,,,False,教育博,IOE764,0,不分班,"全球教育研究
STUDIES IN GLOBAL EDUCATION",3,期,False,30,0,0,30,周珮儀,"一2,3,4(社SS 2002-1)","['234', '', '', '', '', '', '']",《講授類》,[],False
https://selcrs.nsysu.edu.tw/menu5/showoutline.asp?SYEAR=114&SEM=2&CrsDat=IOE775&Crsname=當代教育組織行為,,,False,教育博,IOE775,0,不分班,"當代教育組織行為
CONTEMPORARY ISSUES IN RESEARCH ON ORGANIZATIONAL BEHAVIOR IN EDUCATION",3,期,False,30,0,0,30,林靜慧,"一B,5,6(社SS 2002-1)","['B56', '', '', '', '', '', '']",《講授類》,[],False
https://selcrs.nsysu.edu.tw/menu5/showoutline.asp?SYEAR=114&SEM=2&CrsDat=IOE777&Crsname=Rasch測驗與量表建構,,,False,教育博,IOE777,0,不分班,"Rasch測驗與量表建構
RASCH MEASUREMENT AND SCALE DEVELOPMENT",3,期,False,10,0,0,10,陳利銘,"五2,3,4(社SS 2004-3)","['', '', '', '', '234', '', '']",《講授類》,[],False
https://selcrs.nsysu.edu.tw/menu5/showoutline.asp?SYEAR=114&SEM=2&CrsDat=IOE786&Crsname=教師專業發展研究,,,False,教育博,IOE786,0,不分班,"教師專業發展研究
STUDIES IN FACULTY PROFESSION IN HIGHER EDUCATION",3,期,False,30,2,0,30,林靜慧,"三B,5,6(社SS 2005)","['', '', 'B56', '', '', '', '']",《講授類》,[],True
https://selcrs.nsysu.edu.tw/menu5/showoutline.asp?SYEAR=114&SEM=2&CrsDat=IOE790&Crsname=全球教育領導,,,False,教育博,IOE790,0,不分班,"全球教育領導
LEADERSHIP IN GLOBAL EDUCATION",3,期,False,30,0,0,30,艾玲,"一8,6,7(社SS 2006)","['678', '', '', '', '', '', '']",《講授類》,[],True
https://selcrs.nsysu.edu.tw/menu5/showoutline.asp?SYEAR=114&SEM=2&CrsDat=IOE792&Crsname=教育測驗與評量研究,,,False,教育博,IOE792,0,不分班,"教育測驗與評量研究
STUDIES IN EDUCATIONAL TESTING AND ASSESSMENT",3,期,False,30,2,0,30,施慶麟,"三2,3,4(社SS 2004-3)","['', '', '234', '', '', '', '']",《講授類》,[],False
https://selcrs.nsysu.edu.tw/menu5/showoutline.asp?SYEAR=114&SEM=2&CrsDat=IOE803&Crsname=獨立研究（二）,,,False,教育博,IOE803,2,不分班,"獨立研究（二）
INDEPENDENT STUDIES",3,期,True,30,0,11,19,施慶麟,"六2,3,4()","['', '', '', '', '', '234', '']",《獨立研究》,[],False
https://selcrs.nsysu.edu.tw/menu5/showoutline.asp?SYEAR=114&SEM=2&CrsDat=IOE805&Crsname=專題研討（四）,,,False,教育博,IOE805,2,不分班,"專題研討（四）
SEMINAR IN EDUCATIONAL RESEARCH",1,期,True,30,1,11,19,謝百淇,三7(社SS 2001),"['', '', '7', '', '', '', '']",《研討類》,[],False
https://selcrs.nsysu.edu.tw/menu5/showoutline.asp?SYEAR=114&SEM=2&CrsDat=IOE811&Crsname=多變量分析,,,False,教育博,IOE811,0,不分班,"多變量分析
MULTIVARIATE ANALYSIS",3,期,False,30,0,0,30,艾玲,"一2,3,4(社SS 3006)","['234', '', '', '', '', '', '']",《講授類》,['政經大數據分析微學程'],True
https://selcrs.nsysu.edu.tw/menu5/showoutline.asp?SYEAR=114&SEM=2&CrsDat=IOE814&Crsname=STEM教育研究,,,False,教育博,IOE814,0,不分班,"STEM教育研究
RESEARCH ON STEM EDUCATION",3,期,False,30,0,0,30,謝百淇,"四2,3,4(社SS 2005)","['', '', '', '234', '', '', '']",《講授類》,[],True
https://selcrs.nsysu.edu.tw/menu5/showoutline.asp?SYEAR=114&SEM=2&CrsDat=IOE830&Crsname=STREAM探究與實作,,,False,教育博,IOE830,0,不分班,"STREAM探究與實作
INQUIRY AND PRACTICE ON STREAM",3,期,False,30,0,0,30,楊淑晴,"五B,5,6(社SS 2002-2)","['', '', '', '', 'B56', '', '']",《講授類》,['STREAM永續發展培力微學程'],False
https://selcrs.nsysu.edu.tw/menu5/showoutline.asp?SYEAR=114&SEM=2&CrsDat=IOE834&Crsname=質與量的混合研究法,,,False,教育博,IOE834,0,不分班,"質與量的混合研究法
MIXED-METHODS RESEARCH",3,期,False,30,0,0,30,艾玲,"二2,3,4(社SS 2004-3)","['', '234', '', '', '', '', '']",《講授類》,[],True
https://selcrs.nsysu.edu.tw/menu5/showoutline.asp?SYEAR=114&SEM=2&CrsDat=IOE836&Crsname=對外英語教學,,,False,教育博,IOE836,0,不分班,"對外英語教學
TEACHING ENGLISH TO SPEAKERS OF OTHER LANGUAGES (TESOL)",3,期,False,30,0,0,30,紀博善,"三B,5,6(社SS 2002-2)","['', '', 'B56', '', '', '', '']",《講授類》,[],True
https://selcrs.nsysu.edu.tw/menu5/showoutline.asp?SYEAR=114&SEM=2&CrsDat=IOE837&Crsname=質性資料分析,,,False,教育博,IOE837,0,不分班,"質性資料分析
ANALYSIS IN QUALITATIVE RESEARCH",3,期,False,30,0,0,30,紀博善,"二8,6,7(社SS 2002-2)","['', '678', '', '', '', '', '']",《講授類》,[],True
https://selcrs.nsysu.edu.tw/menu5/showoutline.asp?SYEAR=114&SEM=2&CrsDat=IOE844&Crsname=科技融入學習環境研究,,,False,教育博,IOE844,0,不分班,"科技融入學習環境研究
CURRENT ISSUES IN TECHNOLOGY ENHANCED LEARNING ENVIRONMENTS",3,期,False,30,1,0,30,陳菁徽,"四2,3,4(社SS 2002-1)","['', '', '', '234', '', '', '']",《講授類》,[],True
https://selcrs.nsysu.edu.tw/menu5/showoutline.asp?SYEAR=114&SEM=2&CrsDat=IOE850&Crsname=青少年心理與輔導研究,,,False,教育博,IOE850,0,不分班,"青少年心理與輔導研究
RESEARCH ON ADOLESCENT PSYCHOLOGY AND GUIDANCE",3,期,False,8,2,0,8,宋呈澔,"三2,3,4(社SS 2002-2)","['', '', '234', '', '', '', '']",《講授類》,[],True
https://selcrs.nsysu.edu.tw/menu5/showoutline.asp?SYEAR=114&SEM=2&CrsDat=IOE852&Crsname=數位媒體素養與教育研究,,,False,教育博,IOE852,0,不分班,"數位媒體素養與教育研究
STUDIES IN DIGITAL LITERACIES IN EDUCATION",3,期,False,30,0,0,30,張宇慧,"一8,9,7(社SS 3006)","['789', '', '', '', '', '', '']",《講授類》,[],True
https://selcrs.nsysu.edu.tw/menu5/showoutline.asp?SYEAR=114&SEM=2&CrsDat=IOE856&Crsname=弱勢年輕成人,,,False,教育博,IOE856,0,不分班,"弱勢年輕成人
MARGINALIZATION IN EMERGING AND YOUNG ADULTHOOD",3,期,False,30,0,0,30,陳威霖,"四8,9,7(社SS 2002-2)","['', '', '', '789', '', '', '']",《講授類》,[],True
https://selcrs.nsysu.edu.tw/menu5/showoutline.asp?SYEAR=114&SEM=2&CrsDat=IOE858&Crsname=跨領域對話教育研究,,,False,教育博,IOE858,0,不分班,"跨領域對話教育研究
RESEARCH ON INTERDISCIPLINARY DIALOGIC EDUCATION",3,期,False,30,0,0,30,張至慶,"五2,3,4(社SS 2002-1)","['', '', '', '', '234', '', '']",《講授類》,[],True
https://selcrs.nsysu.edu.tw/menu5/showoutline.asp?SYEAR=114&SEM=2&CrsDat=CAPS776&Crsname=亞太國家憲政發展,,,True,亞太博,CAPS776,1,不分班,"亞太國家憲政發展
CONSTITUTIONAL DEVELOPMENT OF ASIA-PACIFIC COUNTRIES",3,期,True,50,1,0,50,陳盈雪,"一8,6,7(社SS 2009-1)","['678', '', '', '', '', '', '']",《講授類》,['日本研究學程'],True
https://selcrs.nsysu.edu.tw/menu5/showoutline.asp?SYEAR=114&SEM=2&CrsDat=CAPS857&Crsname=亞太地區公民社會發展之比較研究,,,False,亞太博,CAPS857,2,不分班,"亞太地區公民社會發展之比較研究
COMPARATIVE STUDY ON THE DEVELOPMENT OF CIVIL SOCIETY OF ASIA PACIFIC",3,期,False,50,2,0,50,林德昌,"二2,3,4(社SS 2009-1)","['', '234', '', '', '', '', '']",《講授類》,[],False
https://selcrs.nsysu.edu.tw/menu5/showoutline.asp?SYEAR=114&SEM=2&CrsDat=CAPS870&Crsname=國際關係理論,,,True,亞太博,CAPS870,1,不分班,"國際關係理論
THEORIES OF INTERNATIONAL RELATIONS",3,期,True,50,2,0,50,郭育仁,"二C,D,E(社SS 2007)","['', 'CDE', '', '', '', '', '']",《講授類》,[],True
https://selcrs.nsysu.edu.tw/menu5/showoutline.asp?SYEAR=114&SEM=2&CrsDat=CAPS873&Crsname=亞太政經發展理論,,,True,亞太博,CAPS873,1,不分班,"亞太政經發展理論
THE THEORIES OF POLITICAL ECONOMIC DEVELOPMENT IN ASIA-PACIFIC",3,期,True,50,4,0,50,蔡書瑋,"一2,3,4(社SS 2007)","['234', '', '', '', '', '', '']",《講授類》,[],False
https://selcrs.nsysu.edu.tw/menu5/showoutline.asp?SYEAR=114&SEM=2&CrsDat=IGPE715&Crsname=對外英語教學,,,False,教人全英博,IGPE715,0,不分班,"對外英語教學
TEACHING ENGLISH TO SPEAKERS OF OTHER LANGUAGES",3,期,False,30,0,0,30,紀博善,"三B,5,6(社SS 2002-2)","['', '', 'B56', '', '', '', '']",《講授類》,[],True
https://selcrs.nsysu.edu.tw/menu5/showoutline.asp?SYEAR=114&SEM=2&CrsDat=IGPE726&Crsname=質性資料分析,,,False,教人全英博,IGPE726,0,不分班,"質性資料分析
ANALYSIS IN QUALITATIVE RESEARCH",3,期,False,30,3,0,30,紀博善,"二8,6,7(社SS 2004-3)","['', '678', '', '', '', '', '']",《講授類》,[],True
https://selcrs.nsysu.edu.tw/menu5/showoutline.asp?SYEAR=114&SEM=2&CrsDat=IGPE731&Crsname=多變量分析,,,False,教人全英博,IGPE731,0,不分班,"多變量分析
MULTIVARIATE ANALYSIS",3,期,False,30,1,0,30,艾玲,"一2,3,4(社SS 3006)","['234', '', '', '', '', '', '']",《講授類》,['政經大數據分析微學程'],True
https://selcrs.nsysu.edu.tw/menu5/showoutline.asp?SYEAR=114&SEM=2&CrsDat=IGPE743&Crsname=質與量的混合研究法,,,False,教人全英博,IGPE743,0,不分班,"質與量的混合研究法
MIXED-METHODS RESEARCH",3,期,False,20,0,0,20,艾玲,"二2,3,4(社SS 2004-3)","['', '234', '', '', '', '', '']",《講授類》,[],True
https://selcrs.nsysu.edu.tw/menu5/showoutline.asp?SYEAR=114&SEM=2&CrsDat=IGPE750&Crsname=STEM教育研究,,,False,教人全英博,IGPE750,0,不分班,"STEM教育研究
RESEARCH ON STEM EDUCATION",3,期,False,30,0,0,30,謝百淇,"四2,3,4(社SS 2005)","['', '', '', '234', '', '', '']",《講授類》,[],True
https://selcrs.nsysu.edu.tw/menu5/showoutline.asp?SYEAR=114&SEM=2&CrsDat=IGPE751&Crsname=教師專業發展研究,,,False,教人全英博,IGPE751,0,不分班,"教師專業發展研究
STUDIES IN FACULTY PROFESSION IN HIGHER EDUCATION",3,期,False,30,1,0,30,林靜慧,"三B,5,6(社SS 2005)","['', '', 'B56', '', '', '', '']",《講授類》,[],True
https://selcrs.nsysu.edu.tw/menu5/showoutline.asp?SYEAR=114&SEM=2&CrsDat=IGPE762&Crsname=青少年心理與輔導研究,,,False,教人全英博,IGPE762,0,不分班,"青少年心理與輔導研究
RESEARCH ON ADOLESCENT PSYCHOLOGY AND GUIDANCE",3,期,False,30,1,0,30,宋呈澔,"三2,3,4(社SS 2002-2)","['', '', '234', '', '', '', '']",《講授類》,[],True
https://selcrs.nsysu.edu.tw/menu5/showoutline.asp?SYEAR=114&SEM=2&CrsDat=IGPE763&Crsname=數位媒體素養與教育研究,,,False,教人全英博,IGPE763,0,不分班,"數位媒體素養與教育研究
STUDIES IN DIGITAL LITERACIES IN EDUCATION",3,期,False,30,1,0,30,張宇慧,"一8,9,7(社SS 3006)","['789', '', '', '', '', '', '']",《講授類》,[],True
https://selcrs.nsysu.edu.tw/menu5/showoutline.asp?SYEAR=114&SEM=2&CrsDat=IGPE765&Crsname=全球教育領導,,,False,教人全英博,IGPE765,0,不分班,"全球教育領導
LEADERSHIP IN GLOBAL EDUCATION",3,期,False,30,1,0,30,艾玲,"一8,6,7(社SS 2006)","['678', '', '', '', '', '', '']",《講授類》,[],True
https://selcrs.nsysu.edu.tw/menu5/showoutline.asp?SYEAR=114&SEM=2&CrsDat=IGPE767&Crsname=弱勢年輕成人,,,False,教人全英博,IGPE767,0,不分班,"弱勢年輕成人
MARGINALIZATION IN EMERGING AND YOUNG ADULTHOOD",3,期,False,20,0,0,20,陳威霖,"四8,9,7(社SS 2002-2)","['', '', '', '789', '', '', '']",《講授類》,[],True
https://selcrs.nsysu.edu.tw/menu5/showoutline.asp?SYEAR=114&SEM=2&CrsDat=IGPE768&Crsname=跨領域對話教育研究,,,False,教人全英博,IGPE768,0,不分班,"跨領域對話教育研究
RESEARCH ON INTERDISCIPLINARY DIALOGIC EDUCATION",3,期,False,30,1,0,30,張至慶,"五2,3,4(社SS 2002-1)","['', '', '', '', '234', '', '']",《講授類》,[],True
https://selcrs.nsysu.edu.tw/menu5/showoutline.asp?SYEAR=114&SEM=2&CrsDat=IGPE801&Crsname=獨立研究,,,False,教人全英博,IGPE801,2,不分班,"獨立研究
INDEPENDENT STUDIES",3,期,True,50,0,6,44,鄭雯,一A() 二A() 三A(),"['A', 'A', 'A', '', '', '', '']",《獨立研究》,[],True
https://selcrs.nsysu.edu.tw/menu5/showoutline.asp?SYEAR=114&SEM=2&CrsDat=IBMS704&Crsname=書報討論（二）,,,False,生醫博,IBMS704,1,不分班,"書報討論（二）
SEMINAR (II)",1,期,True,10,0,2,8,張玉泉,一5(國IR 5005),"['5', '', '', '', '', '', '']",《講授類》,[],True
https://selcrs.nsysu.edu.tw/menu5/showoutline.asp?SYEAR=114&SEM=2&CrsDat=IBMS804&Crsname=書報討論（四）,,,False,生醫博,IBMS804,2,不分班,"書報討論（四）
SEMINAR (IV)",1,期,True,10,0,13,-3,"戴明泓,許晉銓",一6(國IR 5005),"['6', '', '', '', '', '', '']",《講授類》,[],True
https://selcrs.nsysu.edu.tw/menu5/showoutline.asp?SYEAR=114&SEM=2&CrsDat=IBMS806&Crsname=生物醫學專題研究（二）,異動,更換時間及教室1/29,False,生醫博,IBMS806,2,不分班,"生物醫學專題研究（二）
INDEPENDENT STUDIES IN BIOMEDICAL RESEARCH(II)",3,期,True,10,0,13,-3,"戴明泓,楊仁豪,薛佑玲,許晉銓,鄭光宏","四2,3,4(國IR 5004)","['', '', '', '234', '', '', '']",《獨立研究》,[],False
https://selcrs.nsysu.edu.tw/menu5/showoutline.asp?SYEAR=114&SEM=2&CrsDat=IMST702&Crsname=書報討論（二）,,,False,醫科博,IMST702,1,不分班,"書報討論（二）
SEMINAR (II)",1,期,True,10,0,4,6,廖子嫻,三B(國 IR5002),"['', '', 'B', '', '', '', '']",《研討類》,[],False
https://selcrs.nsysu.edu.tw/menu5/showoutline.asp?SYEAR=114&SEM=2&CrsDat=IMST704&Crsname=書報討論（四）,,,False,醫科博,IMST704,2,不分班,"書報討論（四）
SEMINAR (IV)",1,期,True,10,0,4,6,廖子嫻,三5(國IR 5002),"['', '', '5', '', '', '', '']",《研討類》,[],False
https://selcrs.nsysu.edu.tw/menu5/showoutline.asp?SYEAR=114&SEM=2&CrsDat=IBPS702&Crsname=書報討論（二）,,,False,生技醫藥博,IBPS702,1,不分班,"書報討論（二）
SEMINAR (II)",1,期,True,50,0,6,44,余靈珊,三A(國IR 5001),"['', '', 'A', '', '', '', '']",《研討類》,[],True
https://selcrs.nsysu.edu.tw/menu5/showoutline.asp?SYEAR=114&SEM=2&CrsDat=IBPS704&Crsname=書報討論（四）,,,False,生技醫藥博,IBPS704,2,不分班,"書報討論（四）
SEMINAR (IV)",1,期,True,50,0,5,45,余靈珊,三1(國IR 5001),"['', '', '1', '', '', '', '']",《研討類》,[],True
https://selcrs.nsysu.edu.tw/menu5/showoutline.asp?SYEAR=114&SEM=2&CrsDat=IBPS705&Crsname=進階生技醫藥研發特論,,,False,生技醫藥博,IBPS705,1,不分班,"進階生技醫藥研發特論
ADVANCED RESEARCH IN THE DEVELOPMENT OF BIOPHARMACEUTICALS",2,期,True,50,0,6,44,"余靈珊,孫羽佑,徐志文,施柏漳,賴至人,黃建智","一8,9(國IR 6017-1)","['89', '', '', '', '', '', '']",《講授類》,[],True
https://selcrs.nsysu.edu.tw/menu5/showoutline.asp?SYEAR=114&SEM=2&CrsDat=IPM702&Crsname=書報討論（二）,,,False,精準醫學博,IPM702,1,不分班,"書報討論（二）
SEMINAR(II)",1,期,True,50,0,4,46,"李豪嶧,陳俊朝",三6(國IR 5003),"['', '', '6', '', '', '', '']",《講授類》,[],True
https://selcrs.nsysu.edu.tw/menu5/showoutline.asp?SYEAR=114&SEM=2&CrsDat=IPM802&Crsname=書報討論（四）,,,False,精準醫學博,IPM802,2,不分班,"書報討論（四）
SEMINAR(IV)",1,期,True,50,0,3,47,"李豪嶧,陳俊朝",三7(國IR 5003),"['', '', '7', '', '', '', '']",《講授類》,[],True
https://selcrs.nsysu.edu.tw/menu5/showoutline.asp?SYEAR=114&SEM=2&CrsDat=IPM804&Crsname=精準醫學專題研究（二）,,,False,精準醫學博,IPM804,2,不分班,"精準醫學專題研究（二）
INDEPENDENT STUDIES IN BIOMEDICAL RESEARCH(II)",3,期,True,50,0,3,47,"楊佳寧,馮已榕","五2,3,4(國IR 6017-2)","['', '', '', '', '234', '', '']",《獨立研究》,[],True
https://selcrs.nsysu.edu.tw/menu5/showoutline.asp?SYEAR=114&SEM=2&CrsDat=DCEM702&Crsname=書報討論（二）,異動,更換教師1/21,False,臨床醫博學程,DCEM702,1,不分班,"書報討論（二）
SEMINAR（II）",1,期,True,50,0,9,41,楊仁豪,三5(國IR 5004),"['', '', '5', '', '', '', '']",《講授類》,[],True
https://selcrs.nsysu.edu.tw/menu5/showoutline.asp?SYEAR=114&SEM=2&CrsDat=DCEM704&Crsname=書報討論（四）,異動,更換時間及教師1/21,False,臨床醫博學程,DCEM704,2,不分班,"書報討論（四）
SEMINAR（IV）",1,期,True,50,0,5,45,簡志彦,三B(國IR 4005),"['', '', 'B', '', '', '', '']",《講授類》,[],True
https://selcrs.nsysu.edu.tw/menu5/showoutline.asp?SYEAR=114&SEM=2&CrsDat=DCEM707&Crsname=專題研究（二）,,,False,臨床醫博學程,DCEM707,2,不分班,"專題研究（二）
INDEPENDENT STUDIES（II）",3,期,True,50,0,5,45,"楊仁豪,簡志彦","三2,3,4(國IR 5003)","['', '', '234', '', '', '', '']",《獨立研究》,[],True
https://selcrs.nsysu.edu.tw/menu5/showoutline.asp?SYEAR=114&SEM=2&CrsDat=DCEM708&Crsname=臨床試驗概論,,,False,臨床醫博學程,DCEM708,0,不分班,"臨床試驗概論
INTRODUCTION OF CLINICAL TRIALS",2,期,False,50,3,0,50,簡志彦,"三6,7(國IR 5004)","['', '', '67', '', '', '', '']",《講授類》,[],False
https://selcrs.nsysu.edu.tw/menu5/showoutline.asp?SYEAR=114&SEM=2&CrsDat=DCEM718&Crsname=論文寫作,,,False,臨床醫博學程,DCEM718,0,不分班,"論文寫作
DISSERTATION WRITING",3,期,False,50,2,0,50,楊仁豪,"四8,6,7(國IR 6017-1)","['', '', '', '678', '', '', '']",《講授類》,[],True
https://selcrs.nsysu.edu.tw/menu5/showoutline.asp?SYEAR=114&SEM=2&CrsDat=DCEM719&Crsname=臨床醫學研究方法學及原理,異動,更換時間及教室1/21,False,臨床醫博學程,DCEM719,0,不分班,"臨床醫學研究方法學及原理
EXPERIMENTAL METHODOLOGY IN CLINICAL MEDICINE",3,期,False,50,1,0,50,"孫羽佑,李佶珉,楊仁豪","二5,6,7(國IR 5005)","['', '567', '', '', '', '', '']",《講授類》,[],False
https://selcrs.nsysu.edu.tw/menu5/showoutline.asp?SYEAR=114&SEM=2&CrsDat=ISM756&Crsname=積層陶瓷元件,,,False,半導體製造博,ISM756,1,不分班,"積層陶瓷元件
MULTILAYER CERAMIC DEVICES",3,期,False,5,0,0,5,李英杰,"一5,6,7(國IR 6002J)","['567', '', '', '', '', '', '']","《講授類》
網路選課期間先以創新半導體製造所學生修課為優先，外院、電子零組件所及半導體封測所的學生於選課異常處理期間進行紙本加簽選修。",[],True
https://selcrs.nsysu.edu.tw/menu5/showoutline.asp?SYEAR=114&SEM=2&CrsDat=ISM771&Crsname=微感測晶片設計,,,False,半導體製造博,ISM771,1,不分班,"微感測晶片設計
MICROSENSOR CHIP DESIGN",3,期,False,5,0,0,5,謝佳旭,"二8,6,7(國IR 6002K)","['', '678', '', '', '', '', '']","《講授類》
網路選課期間先以創新半導體製造所學生修課為優先，外院、電子零組件所及半導體封測所的學生於選課異常處理期間進行紙本加簽選修。",[],True
https://selcrs.nsysu.edu.tw/menu5/showoutline.asp?SYEAR=114&SEM=2&CrsDat=ISM785&Crsname=半導體特殊技術專論,,,False,半導體製造博,ISM785,1,不分班,"半導體特殊技術專論
SEMICONDUCTOR SPECIALTY TECHNOLOGIES",3,期,False,5,0,0,5,黃義佑,"一8,6,7(國IR 1001)","['678', '', '', '', '', '', '']","《講授類》
網路選課期間先以創新半導體製造所學生修課為優先，外院、電子零組件所及半導體封測所的學生於選課異常處理期間進行紙本加簽選修。",[],False
https://selcrs.nsysu.edu.tw/menu5/showoutline.asp?SYEAR=114&SEM=2&CrsDat=ISM792&Crsname=專題研究（一）,,,False,半導體製造博,ISM792,1,不分班,"專題研究（一）
INDEPENDENT STUDIES(I)",3,期,False,5,0,0,5,謝佳旭,"五5,6,7(國IR 6002J)","['', '', '', '', '567', '', '']","《獨立研究》
網路選課期間先以創新半導體製造所學生修課為優先，外院、電子零組件所及半導體封測所的學生於選課異常處理期間進行紙本加簽選修。",[],True
https://selcrs.nsysu.edu.tw/menu5/showoutline.asp?SYEAR=114&SEM=2&CrsDat=PHYS119&Crsname=基礎物理數學,,,False,物理系,PHYS119,1,全英班,"基礎物理數學
MATHEMATICS FOR FUNDAMENTAL PHYSICS",3,期,False,50,4,0,50,朱家誼,"三2,3,4(理PH 1009)","['', '', '234', '', '', '', '']",《講授類》,[],False
https://selcrs.nsysu.edu.tw/menu5/showoutline.asp?SYEAR=114&SEM=2&CrsDat=PHYS120&Crsname=物理發展史,,,False,物理系,PHYS120,1,全英班,"物理發展史
HISTORY OF PHYSICS",3,期,False,30,16,0,30,邱奎霖,"二5,6,7(理SC 1001)","['', '567', '', '', '', '', '']","《講授類》
物理系學生優先選課，與跨院選修GEAI1225 課程併班上課",[],False
https://selcrs.nsysu.edu.tw/menu5/showoutline.asp?SYEAR=114&SEM=2&CrsDat=PHYS202&Crsname=應用數學（二）,,,False,物理系,PHYS202,2,全英班,"應用數學（二）
APPLIED MATHEMATICS (II)",3,期,True,50,1,23,27,陳宗緯,"三6(理PH 1008) 四3,4(理PH 1008)","['', '', '6', '34', '', '', '']","《講授類》
此為一般組必修課程，提供全英組學生做為選修課程","['半導體製程模組學程', '半導體元件學程']",False
https://selcrs.nsysu.edu.tw/menu5/showoutline.asp?SYEAR=114&SEM=2&CrsDat=PHYS204&Crsname=力學（二）,,,False,物理系,PHYS204,2,全英班,"力學（二）
MACHANICS(II)",3,期,True,50,2,23,27,黃旭明,"一2,3,4(理PH 1008)","['234', '', '', '', '', '', '']","《講授類》
此為一般組必修課程，提供全英組學生做為選修課程",[],False
https://selcrs.nsysu.edu.tw/menu5/showoutline.asp?SYEAR=114&SEM=2&CrsDat=PHYS213&Crsname=科技專題演講（一）,,,False,物理系,PHYS213,2,全英班,"科技專題演講（一）
COLLOQUIUM ON SCIENCE AND TECHNOLOGY (I)",1,期,False,50,3,0,50,朱家誼,四5(理PH 2006),"['', '', '', '5', '', '', '']",《演講/參訪》,[],False
https://selcrs.nsysu.edu.tw/menu5/showoutline.asp?SYEAR=114&SEM=2&CrsDat=PHYS214&Crsname=近代物理,,,False,物理系,PHYS214,2,全英班,"近代物理
MODERN PHYSICS",3,期,False,50,5,0,50,張鼎張,"五2,3,4(理PH 2006)","['', '', '', '', '234', '', '']",《講授類》,"['量子材料微學程', '矽光子暨半導體學程', '半導體製程模組學程', '半導體元件學程', '半導體物理與先進元件分析微學程']",False
https://selcrs.nsysu.edu.tw/menu5/showoutline.asp?SYEAR=114&SEM=2&CrsDat=PHYS215&Crsname=相對論,異動,更換時間1/27,False,物理系,PHYS215,3,全英班,"相對論
RELATIVITY",3,期,False,50,2,0,50,狄米契,"四8,9(理PH 5009) 五9(理PH 5009)","['', '', '', '89', '9', '', '']",《講授類》,[],True
https://selcrs.nsysu.edu.tw/menu5/showoutline.asp?SYEAR=114&SEM=2&CrsDat=PHYS227&Crsname=實用光電物理,,,False,物理系,PHYS227,3,全英班,"實用光電物理
APPLIED OPTOELECTRONIC PHYSICS",2,期,False,50,1,0,50,"嚴祖強,洪昇廷,陳易馨","二C,D(理SC 2006)","['', 'CD', '', '', '', '', '']",《講授類》,[],False
https://selcrs.nsysu.edu.tw/menu5/showoutline.asp?SYEAR=114&SEM=2&CrsDat=PHYS304&Crsname=量子物理（二）,,,False,物理系,PHYS304,3,全英班,"量子物理（二）
QUANTUM PHYSICS (II)",3,期,True,50,2,25,25,呂浩宇,"三7(理PH 1009) 五3,4(理PH 1009)","['', '', '7', '', '34', '', '']","《講授類》
此為一般組必修課程，提供全英組學生做為選修課程","['量子材料微學程', '半導體製程模組學程', '半導體元件學程']",False
https://selcrs.nsysu.edu.tw/menu5/showoutline.asp?SYEAR=114&SEM=2&CrsDat=PHYS306&Crsname=實驗物理學（四）,,,False,物理系,PHYS306,3,全英班,"實驗物理學（四）
EXPERIMENTAL PHYSICS (IV)",2,期,False,50,0,0,50,黃旭明,"五6(理SC 2009, 理SC 2010) 五8,7(理SC 2009, 理SC 2010)(實驗)","['', '', '', '', '678', '', '']",《講授類》,[],False
https://selcrs.nsysu.edu.tw/menu5/showoutline.asp?SYEAR=114&SEM=2&CrsDat=PHYS328&Crsname=電動力學導論,,,False,物理系,PHYS328,2,全英班,"電動力學導論
INTRODUCTION TO ELECTRODYNAMICS",3,期,True,50,2,20,30,黃信銘,"一6,7(理PH 1008) 三3(理PH 1008)","['67', '', '3', '', '', '', '']","《講授類》
此為一般組必修課程，提供全英組學生做為選修課程",[],False
https://selcrs.nsysu.edu.tw/menu5/showoutline.asp?SYEAR=114&SEM=2&CrsDat=PHYS329&Crsname=熱統計物理,,,False,物理系,PHYS329,3,全英班,"熱統計物理
STATISTICAL PHYSICS",3,期,True,50,6,24,26,林德鴻,"三5,6(理PH 1009) 五5(理PH 1009)","['', '', '56', '', '5', '', '']","《講授類》
此為一般組必修課程，提供全英組學生做為選修課程","['半導體製程模組學程', '半導體設備工程學程']",False
https://selcrs.nsysu.edu.tw/menu5/showoutline.asp?SYEAR=114&SEM=2&CrsDat=PHYS415&Crsname=天文學導論,,,False,物理系,PHYS415,4,全英班,"天文學導論
INTRODUCTION TO ASTRONOMY",3,期,False,45,17,0,45,郭政育,"三2,3,4(理PH 2006)","['', '', '234', '', '', '', '']","《講授類》
物理系學生優先選課，與跨院選修GEAI1222 課程併班上課",[],False
https://selcrs.nsysu.edu.tw/menu5/showoutline.asp?SYEAR=114&SEM=2&CrsDat=MIS206&Crsname=商事法,,,True,資管系,MIS206,2,,"商事法
BUSINESS LAW",2,期,True,50,15,0,50,薛西全,"四C,D(管CM 4078)","['', '', '', 'CD', '', '', '']",《講授類》,[],False
https://selcrs.nsysu.edu.tw/menu5/showoutline.asp?SYEAR=114&SEM=2&CrsDat=MIS206&Crsname=商事法,,,True,資管系,MIS206,2,,"商事法
BUSINESS LAW",2,期,True,50,15,0,50,薛西全,"四C,D(管CM 4078)","['', '', '', 'CD', '', '', '']",《講授類》,[],False
https://selcrs.nsysu.edu.tw/menu5/showoutline.asp?SYEAR=114&SEM=2&CrsDat=MIS206&Crsname=商事法,,,True,資管系,MIS206,2,,"商事法
BUSINESS LAW",2,期,True,50,15,0,50,薛西全,"四C,D(管CM 4078)","['', '', '', 'CD', '', '', '']",《講授類》,[],False
https://selcrs.nsysu.edu.tw/menu5/showoutline.asp?SYEAR=114&SEM=2&CrsDat=CM411&Crsname=倫理與社會責任的理論與實務,,,False,管理學院,CM411,0,,"倫理與社會責任的理論與實務
THEORY AND PRACTICE OF ETHICS AND SOCIAL",1,期,False,200,14,0,200,"王致遠,謝慧賢,鄭安授,陳世哲",一9(網路大學),"['9', '', '', '', '', '', '']","《講授類》
限管理學院大學部學生修習(含雙主修、輔系)。 CM411與CM412為同系列課程，學生只能夠就此課程當中選擇一門課進行修習，已經修習過上述任何一個課程者均不得選課。 網大進行之非同步線上課程。","['公共事務與企業社會責任微學程', '人力資源管理學程', '企業社會責任學程']",False
https://selcrs.nsysu.edu.tw/menu5/showoutline.asp?SYEAR=114&SEM=2&CrsDat=CM411&Crsname=倫理與社會責任的理論與實務,,,False,管理學院,CM411,0,,"倫理與社會責任的理論與實務
THEORY AND PRACTICE OF ETHICS AND SOCIAL",1,期,False,200,14,0,200,"王致遠,謝慧賢,鄭安授,陳世哲",一9(網路大學),"['9', '', '', '', '', '', '']","《講授類》
限管理學院大學部學生修習(含雙主修、輔系)。 CM411與CM412為同系列課程，學生只能夠就此課程當中選擇一門課進行修習，已經修習過上述任何一個課程者均不得選課。 網大進行之非同步線上課程。","['公共事務與企業社會責任微學程', '人力資源管理學程', '企業社會責任學程']",False
https://selcrs.nsysu.edu.tw/menu5/showoutline.asp?SYEAR=114&SEM=2&CrsDat=CM411&Crsname=倫理與社會責任的理論與實務,,,False,管理學院,CM411,0,,"倫理與社會責任的理論與實務
THEORY AND PRACTICE OF ETHICS AND SOCIAL",1,期,False,200,14,0,200,"王致遠,謝慧賢,鄭安授,陳世哲",一9(網路大學),"['9', '', '', '', '', '', '']","《講授類》
限管理學院大學部學生修習(含雙主修、輔系)。 CM411與CM412為同系列課程，學生只能夠就此課程當中選擇一門課進行修習，已經修習過上述任何一個課程者均不得選課。 網大進行之非同步線上課程。","['公共事務與企業社會責任微學程', '人力資源管理學程', '企業社會責任學程']",False
https://selcrs.nsysu.edu.tw/menu5/showoutline.asp?SYEAR=114&SEM=2&CrsDat=CM412&Crsname=國際商管倫理觀的理論與實務,,,False,管理學院,CM412,0,,"國際商管倫理觀的理論與實務
THE THEORY AND PRACTICE OF ETHICS IN INTERNATIONAL BUSINESS MANAGEMENT",1,期,False,60,7,0,60,"王致遠,王豫萱,鄭安授",三A(網路大學),"['', '', 'A', '', '', '', '']","《講授類》
限管理學院大學部學生修習(含雙主修、輔系)。 CM411與CM412為同系列課程，學生只能夠就此課程當中選擇一門課進行修習，已經修習過上述任何一個課程者均不得選課。 網大進行之非同步線上課程。",[],True
https://selcrs.nsysu.edu.tw/menu5/showoutline.asp?SYEAR=114&SEM=2&CrsDat=CM412&Crsname=國際商管倫理觀的理論與實務,,,False,管理學院,CM412,0,,"國際商管倫理觀的理論與實務
THE THEORY AND PRACTICE OF ETHICS IN INTERNATIONAL BUSINESS MANAGEMENT",1,期,False,60,7,0,60,"王致遠,王豫萱,鄭安授",三A(網路大學),"['', '', 'A', '', '', '', '']","《講授類》
限管理學院大學部學生修習(含雙主修、輔系)。 CM411與CM412為同系列課程，學生只能夠就此課程當中選擇一門課進行修習，已經修習過上述任何一個課程者均不得選課。 網大進行之非同步線上課程。",[],True
https://selcrs.nsysu.edu.tw/menu5/showoutline.asp?SYEAR=114&SEM=2&CrsDat=CM412&Crsname=國際商管倫理觀的理論與實務,,,False,管理學院,CM412,0,,"國際商管倫理觀的理論與實務
THE THEORY AND PRACTICE OF ETHICS IN INTERNATIONAL BUSINESS MANAGEMENT",1,期,False,60,7,0,60,"王致遠,王豫萱,鄭安授",三A(網路大學),"['', '', 'A', '', '', '', '']","《講授類》
限管理學院大學部學生修習(含雙主修、輔系)。 CM411與CM412為同系列課程，學生只能夠就此課程當中選擇一門課進行修習，已經修習過上述任何一個課程者均不得選課。 網大進行之非同步線上課程。",[],True
https://selcrs.nsysu.edu.tw/menu5/showoutline.asp?SYEAR=114&SEM=2&CrsDat=CM412&Crsname=國際商管倫理觀的理論與實務,,,False,管理學院,CM412,0,,"國際商管倫理觀的理論與實務
THE THEORY AND PRACTICE OF ETHICS IN INTERNATIONAL BUSINESS MANAGEMENT",1,期,False,60,7,0,60,"王致遠,王豫萱,鄭安授",三A(網路大學),"['', '', 'A', '', '', '', '']","《講授類》
限管理學院大學部學生修習(含雙主修、輔系)。 CM411與CM412為同系列課程，學生只能夠就此課程當中選擇一門課進行修習，已經修習過上述任何一個課程者均不得選課。 網大進行之非同步線上課程。",[],True
https://selcrs.nsysu.edu.tw/menu5/showoutline.asp?SYEAR=114&SEM=2&CrsDat=MBR221&Crsname=礦物學,,,False,海資系,MBR221,2,,"礦物學
MINERALOGY",2,期,False,50,5,0,50,蕭炎宏,"一3,4(海MB 2009)","['34', '', '', '', '', '', '']",《講授類》,"['看見臺灣海岸微學程', '氣候變遷與調適學分學程']",False
https://selcrs.nsysu.edu.tw/menu5/showoutline.asp?SYEAR=114&SEM=2&CrsDat=MRSC115&Crsname=海洋應用科學,異動,更換部份教師1/28,False,海科院（學）,MRSC115,1,,"海洋應用科學
APPLIED MARINE SCIENCES",2,期,False,150,39,0,150,"劉子銘,方力行,李世緯,樊同雲,歐雅森,邱永盛,鄭源斌,陳信宏","一6,7(海MA 3021)","['67', '', '', '', '', '', '']","《講授類》
海資系、海工系及海科系大一必修 。","['海洋生物資源與實務應用微學程', '生物資訊與演化生態微學程', '探索海洋國家公園微學程', '看見臺灣海岸微學程', '海洋永續發展產業科技微學程', '自然生物資產微學程', '擁海學程']",True
https://selcrs.nsysu.edu.tw/menu5/showoutline.asp?SYEAR=114&SEM=2&CrsDat=MRSC115&Crsname=海洋應用科學,異動,更換部份教師1/28,False,海科院（學）,MRSC115,1,,"海洋應用科學
APPLIED MARINE SCIENCES",2,期,False,150,39,0,150,"劉子銘,方力行,李世緯,樊同雲,歐雅森,邱永盛,鄭源斌,陳信宏","一6,7(海MA 3021)","['67', '', '', '', '', '', '']","《講授類》
海資系、海工系及海科系大一必修 。","['海洋生物資源與實務應用微學程', '生物資訊與演化生態微學程', '探索海洋國家公園微學程', '看見臺灣海岸微學程', '海洋永續發展產業科技微學程', '自然生物資產微學程', '擁海學程']",True
https://selcrs.nsysu.edu.tw/menu5/showoutline.asp?SYEAR=114&SEM=2&CrsDat=MRSC115&Crsname=海洋應用科學,異動,更換部份教師1/28,False,海科院（學）,MRSC115,1,,"海洋應用科學
APPLIED MARINE SCIENCES",2,期,False,150,39,0,150,"劉子銘,方力行,李世緯,樊同雲,歐雅森,邱永盛,鄭源斌,陳信宏","一6,7(海MA 3021)","['67', '', '', '', '', '', '']","《講授類》
海資系、海工系及海科系大一必修 。","['海洋生物資源與實務應用微學程', '生物資訊與演化生態微學程', '探索海洋國家公園微學程', '看見臺灣海岸微學程', '海洋永續發展產業科技微學程', '自然生物資產微學程', '擁海學程']",True
https://selcrs.nsysu.edu.tw/menu5/showoutline.asp?SYEAR=114&SEM=2&CrsDat=BIOS527&Crsname=現代生物醫學新知,,,False,生科碩,BIOS527,1,,"現代生物醫學新知
TRENDS IN CONTEMPORARY BIOMEDICAL SCIENCES",1,期,False,50,2,0,50,康宏佑,三7(理BI 3001),"['', '', '7', '', '', '', '']",《講授類》,[],False
https://selcrs.nsysu.edu.tw/menu5/showoutline.asp?SYEAR=114&SEM=2&CrsDat=BIOS527&Crsname=現代生物醫學新知,,,False,生科碩,BIOS527,1,,"現代生物醫學新知
TRENDS IN CONTEMPORARY BIOMEDICAL SCIENCES",1,期,False,50,2,0,50,康宏佑,三7(理BI 3001),"['', '', '7', '', '', '', '']",《講授類》,[],False
https://selcrs.nsysu.edu.tw/menu5/showoutline.asp?SYEAR=114&SEM=2&CrsDat=BIOS539&Crsname=分子病毒學,,,False,生科碩,BIOS539,1,,"分子病毒學
MOLECULAR VIROLOGY",3,期,False,50,0,0,50,李哲欣,"五2,3,4(理BI 3001)","['', '', '', '', '234', '', '']","《講授類》
限生科系",[],False
https://selcrs.nsysu.edu.tw/menu5/showoutline.asp?SYEAR=114&SEM=2&CrsDat=BIOS544&Crsname=細胞動力學,,,False,生科碩,BIOS544,1,,"細胞動力學
CELL DYNAMICS",3,期,False,50,1,0,50,陳俊霖,"六9,C,D(理BI 3001)","['', '', '', '', '', '9CD', '']","《講授類》
限生科系",[],False
https://selcrs.nsysu.edu.tw/menu5/showoutline.asp?SYEAR=114&SEM=2&CrsDat=BIOS666&Crsname=親緣基因體學,,,False,生科碩,BIOS666,1,,"親緣基因體學
PHYLOGENOMICS",2,期,False,50,1,0,50,劉世慧,"二C,D(理BI 3001)","['', 'CD', '', '', '', '', '']",《講授類》,[],True
https://selcrs.nsysu.edu.tw/menu5/showoutline.asp?SYEAR=114&SEM=2&CrsDat=BIOS668&Crsname=生物地理學概論,,,False,生科碩,BIOS668,1,,"生物地理學概論
INTRODUCTION TO BIOGEOGRAPHY",3,期,False,50,1,0,50,費卡契,"三2,3,4(理BI 6005)","['', '', '234', '', '', '', '']",《講授類》,[],True
https://selcrs.nsysu.edu.tw/menu5/showoutline.asp?SYEAR=114&SEM=2&CrsDat=PHYS511&Crsname=計算物理（一）,,,False,物理碩,PHYS511,1,全英班,"計算物理（一）
COMPUTATIONAL PHYSICS (I)",3,期,False,50,1,0,50,"莊豐權,黃志權","一8,6,7(理PH 5008)","['678', '', '', '', '', '', '']",《講授類》,['計算物理及人工智慧微學程'],True
https://selcrs.nsysu.edu.tw/menu5/showoutline.asp?SYEAR=114&SEM=2&CrsDat=PHYS511&Crsname=計算物理（一）,,,False,物理碩,PHYS511,1,不分班,"計算物理（一）
COMPUTATIONAL PHYSICS (I)",3,期,False,50,1,0,50,"莊豐權,黃志權","一8,6,7(理PH 5008)","['678', '', '', '', '', '', '']",《講授類》,['計算物理及人工智慧微學程'],True
https://selcrs.nsysu.edu.tw/menu5/showoutline.asp?SYEAR=114&SEM=2&CrsDat=PHYS525A&Crsname=半導體材料與物理,,,False,物理碩,PHYS525A,1,不分班,"半導體材料與物理
SEMICONDUCTOR MATERIALS AND PHYSICS",3,期,False,50,8,0,50,余健文,"二8,6,7(理PH 5008)","['', '678', '', '', '', '', '']",《講授類》,[],True
https://selcrs.nsysu.edu.tw/menu5/showoutline.asp?SYEAR=114&SEM=2&CrsDat=PHYS525A&Crsname=半導體材料與物理,,,False,物理碩,PHYS525A,1,全英班,"半導體材料與物理
SEMICONDUCTOR MATERIALS AND PHYSICS",3,期,False,50,8,0,50,余健文,"二8,6,7(理PH 5008)","['', '678', '', '', '', '', '']",《講授類》,[],True
https://selcrs.nsysu.edu.tw/menu5/showoutline.asp?SYEAR=114&SEM=2&CrsDat=MOES505&Crsname=材料變形與破壞,,,False,材光碩,MOES505,0,,"材料變形與破壞
DEFORMATION AND FRACTURE OF MATERIALS",3,期,False,50,6,0,50,郭哲男,"一5,6,7(工MS 4023)","['567', '', '', '', '', '', '']",《講授類》,['半導體製程模組學程'],False
https://selcrs.nsysu.edu.tw/menu5/showoutline.asp?SYEAR=114&SEM=2&CrsDat=MOES506&Crsname=固態相變化,,,False,材光碩,MOES506,0,,"固態相變化
PHASE TRANSFORMATION IN SOLIDS",3,期,False,50,4,0,50,李廣輝,"四2,3,4(工MS 2004)","['', '', '', '234', '', '', '']",《講授類》,['半導體製程模組學程'],True
https://selcrs.nsysu.edu.tw/menu5/showoutline.asp?SYEAR=114&SEM=2&CrsDat=MOES507&Crsname=電子顯微鏡,,,False,材光碩,MOES507,0,,"電子顯微鏡
ELECTRON MICROSCOPY",3,期,False,40,12,0,40,張志溥,"四7(工MS 4019) 五3,4(工MS 4019)","['', '', '', '7', '34', '', '']",《講授類》,"['半導體製程模組學程', '半導體元件學程']",False
https://selcrs.nsysu.edu.tw/menu5/showoutline.asp?SYEAR=114&SEM=2&CrsDat=MOES511&Crsname=高分子流變學與加工原理,,,False,材光碩,MOES511,0,,"高分子流變學與加工原理
PRINCIPLES OF POLYMER RHEOLOGY AND PROCESSING",3,期,False,50,1,0,50,陳致光,"二2,3,4(工MS 4019)","['', '234', '', '', '', '', '']",《講授類》,[],True
https://selcrs.nsysu.edu.tw/menu5/showoutline.asp?SYEAR=114&SEM=2&CrsDat=MOES514&Crsname=高分子物性,,,False,材光碩,MOES514,0,,"高分子物性
PHYSICAL PROPERTIES OF POLYMERS",3,期,False,50,5,0,50,陳致光,"三2,3,4(工MS 4023)","['', '', '234', '', '', '', '']",《講授類》,[],True
https://selcrs.nsysu.edu.tw/menu5/showoutline.asp?SYEAR=114&SEM=2&CrsDat=MOES522&Crsname=材料集合組織與非等向性,,,False,材光碩,MOES522,0,,"材料集合組織與非等向性
TEXTURE AND ANISOTROPY OF MATERIALS",3,期,False,50,9,0,50,張六文,"三3,4(工MS 2004) 四8(工MS 4019)","['', '', '34', '8', '', '', '']",《講授類》,[],False
https://selcrs.nsysu.edu.tw/menu5/showoutline.asp?SYEAR=114&SEM=2&CrsDat=MOES523&Crsname=固態離子導體,,,False,材光碩,MOES523,0,,"固態離子導體
SOLID STATE IONICS",3,期,False,50,2,0,50,王致傑,"二2,3,4(工MS 4025)","['', '234', '', '', '', '', '']",《講授類》,[],True
https://selcrs.nsysu.edu.tw/menu5/showoutline.asp?SYEAR=114&SEM=2&CrsDat=MOES534&Crsname=鋼鐵製程,,,False,材光碩,MOES534,0,,"鋼鐵製程
STEEL PROCESSING",3,期,False,50,4,0,50,郭哲男,"五8,6,7(工MS 4022)","['', '', '', '', '678', '', '']",《講授類》,[],False
https://selcrs.nsysu.edu.tw/menu5/showoutline.asp?SYEAR=114&SEM=2&CrsDat=MOES536&Crsname=小角度X光與中子散射在軟物質材料之應用,,,False,材光碩,MOES536,0,,"小角度X光與中子散射在軟物質材料之應用
APPLICATIONS OF SMALL ANGLE X-RAY AND NEUTRON SCATTERING IN SOFT MATERIALS",3,期,False,50,3,0,50,蔣酉旺,"二5,6,7(工MS 2004 )","['', '567', '', '', '', '', '']",《講授類》,[],True
https://selcrs.nsysu.edu.tw/menu5/showoutline.asp?SYEAR=114&SEM=2&CrsDat=MOES537&Crsname=光電高分子,,,False,材光碩,MOES537,0,,"光電高分子
POLYMERS IN OPTOELECTRONIC APPLICATIONS",3,期,False,50,2,0,50,曼哈迪,"五C,D,E(工MS 4023)","['', '', '', '', 'CDE', '', '']",《講授類》,[],True
https://selcrs.nsysu.edu.tw/menu5/showoutline.asp?SYEAR=114&SEM=2&CrsDat=MOES538&Crsname=高分子光譜學,,,False,材光碩,MOES538,0,,"高分子光譜學
POLYMER SPECTROSCOPY",3,期,False,50,18,0,50,郭紹偉,"二8,6,7(工MS 4023)","['', '678', '', '', '', '', '']",《講授類》,[],True
https://selcrs.nsysu.edu.tw/menu5/showoutline.asp?SYEAR=114&SEM=2&CrsDat=MOES542&Crsname=高分子黏土奈米複合材料,,,False,材光碩,MOES542,0,,"高分子黏土奈米複合材料
POLYMER/CLAY NANOCOMPOSITES",3,期,False,50,24,0,50,葉昀昇,"一5,6,7(工MS 4019)","['567', '', '', '', '', '', '']",《講授類》,[],True
https://selcrs.nsysu.edu.tw/menu5/showoutline.asp?SYEAR=114&SEM=2&CrsDat=MOES548&Crsname=半導體材料測試與分析,,,False,材光碩,MOES548,0,,"半導體材料測試與分析
CHARACTERIZATION OF SEMICONDUCTOR MATERIALS",3,期,False,50,0,0,50,徐瑞鴻,"二2,3,4(工MS 2004)","['', '234', '', '', '', '', '']",《講授類》,"['半導體製程模組學程', '半導體元件學程']",False
https://selcrs.nsysu.edu.tw/menu5/showoutline.asp?SYEAR=114&SEM=2&CrsDat=MOES558&Crsname=固態電子性質與結構,,,False,材光碩,MOES558,0,,"固態電子性質與結構
ELECTRONIC PROPERTIES AND STRUCTURES IN SOLIDS",3,期,False,50,2,0,50,杭大任,"四C,D,E(工MS 4025)","['', '', '', 'CDE', '', '', '']",《講授類》,[],False
https://selcrs.nsysu.edu.tw/menu5/showoutline.asp?SYEAR=114&SEM=2&CrsDat=MOES560&Crsname=傅氏光學,,,False,材光碩,MOES560,0,,"傅氏光學
FOURIER OPTICS",3,期,False,50,4,0,50,蘇威宏,"一4(工MS 2001) 四3,4(工MS 2001)","['4', '', '', '34', '', '', '']",《講授類》,"['半導體製程模組學程', '半導體設備工程學程']",True
https://selcrs.nsysu.edu.tw/menu5/showoutline.asp?SYEAR=114&SEM=2&CrsDat=MOES572&Crsname=專題研究（二）,,,False,材光碩,MOES572,1,,"專題研究（二）
INDEPENDENT STUDIES(II)",3,期,False,50,1,0,50,林仕鑫,"一C,D,E()","['CDE', '', '', '', '', '', '']","《獨立研究》
金屬3D列印、先進金屬材料相關專題。學生選課前請先與指導教授洽談。",[],True
https://selcrs.nsysu.edu.tw/menu5/showoutline.asp?SYEAR=114&SEM=2&CrsDat=MOES574&Crsname=專題研究（四）,,,False,材光碩,MOES574,2,,"專題研究（四）
INDEPENDENT STUDIES(IV)",3,期,False,50,0,0,50,林仕鑫,"二C,D,E()","['', 'CDE', '', '', '', '', '']","《獨立研究》
材料計算模擬相關專題。學生選課前請先與指導教授洽談。",[],True
https://selcrs.nsysu.edu.tw/menu5/showoutline.asp?SYEAR=114&SEM=2&CrsDat=MOES582&Crsname=高分子材料於產業研發應用之案例分析,,,False,材光碩,MOES582,0,,"高分子材料於產業研發應用之案例分析
CASE STUDIES FOR POLYMER MATERIALS IN APPLICATIONS OF INDUSTRY",3,期,False,60,25,0,60,李明旭,"五8,6,7(工MS 4019)","['', '', '', '', '678', '', '']",《講授類》,[],False
https://selcrs.nsysu.edu.tw/menu5/showoutline.asp?SYEAR=114&SEM=2&CrsDat=MOES584&Crsname=半導體製程原理,,,False,材光碩,MOES584,0,,"半導體製程原理
PRINCIPLES OF SEMICONDUCTOR MANUFACTURING TECHNOLOGY",3,期,False,50,2,0,50,蔡宗鳴,"四C,D,E(工MS 2004)","['', '', '', 'CDE', '', '', '']",《講授類》,"['矽光子暨半導體學程', '半導體製程模組學程', '半導體設備工程學程', '半導體元件學程']",False
https://selcrs.nsysu.edu.tw/menu5/showoutline.asp?SYEAR=114&SEM=2&CrsDat=MOES586&Crsname=材料之模擬與計算,,,False,材光碩,MOES586,0,,"材料之模擬與計算
MATERIALS SIMULATION AND COMPUTATION",3,期,False,50,2,0,50,林仕鑫,"五1,2,3(工MS 2001)","['', '', '', '', '123', '', '']",《講授類》,[],True
https://selcrs.nsysu.edu.tw/menu5/showoutline.asp?SYEAR=114&SEM=2&CrsDat=MOES587&Crsname=分析電化學,,,False,材光碩,MOES587,0,,"分析電化學
ANALYTICAL ELECTROCHEMISTRY",3,期,False,50,1,0,50,王致傑,"一8,6,7(工MS 4025)","['678', '', '', '', '', '', '']",《講授類》,['半導體製程模組學程'],False
https://selcrs.nsysu.edu.tw/menu5/showoutline.asp?SYEAR=114&SEM=2&CrsDat=MOES593&Crsname=有機半導體材料,,,False,材光碩,MOES593,0,,"有機半導體材料
ORGANIC SEMICONDUCTOR MATERIALS",3,期,False,50,6,0,50,王映樵,"一2,3,4(工MS 4025)","['234', '', '', '', '', '', '']",《講授類》,"['半導體製程模組學程', '半導體設備工程學程', '半導體元件學程']",True
https://selcrs.nsysu.edu.tw/menu5/showoutline.asp?SYEAR=114&SEM=2&CrsDat=MOES594&Crsname=工程英文寫作,,,False,材光碩,MOES594,0,,"工程英文寫作
ENGLISH TECHNICAL WRITING",3,期,False,50,4,0,50,邱政維,"一5,6,7(工MS 2004)","['567', '', '', '', '', '', '']",《講授類》,[],True
https://selcrs.nsysu.edu.tw/menu5/showoutline.asp?SYEAR=114&SEM=2&CrsDat=MOES596&Crsname=統計熱力學,,,False,材光碩,MOES596,0,,"統計熱力學
STATISTICAL THERMODYNAMICS",3,期,False,50,2,0,50,林仕鑫,"二2,3,4(工MS 2001)","['', '234', '', '', '', '', '']",《講授類》,[],True
https://selcrs.nsysu.edu.tw/menu5/showoutline.asp?SYEAR=114&SEM=2&CrsDat=MOES597&Crsname=生物與仿生材料,異動,確認教師2/3,False,材光碩,MOES597,0,,"生物與仿生材料
BIOLOGICAL AND BIO-INSPIRED MATERIALS",3,期,False,21,1,0,21,張尹,"一5,6,7(國IL PC05)","['567', '', '', '', '', '', '']",《講授類》,[],False
https://selcrs.nsysu.edu.tw/menu5/showoutline.asp?SYEAR=114&SEM=2&CrsDat=MOES671&Crsname=進階材料模擬設計,,,False,材光碩,MOES671,0,,"進階材料模擬設計
ADVANCED AB INITIO MATERIALS DESIGN",3,期,False,50,1,0,50,呂德,"四5,6(工MS 2004) 五5(工MS 2004)","['', '', '', '56', '5', '', '']",《講授類》,[],True
https://selcrs.nsysu.edu.tw/menu5/showoutline.asp?SYEAR=114&SEM=2&CrsDat=MIS503&Crsname=資訊科技研究,,,True,資管碩,MIS503,1,,"資訊科技研究
SPECIAL ISSUES IN INFORMATION TECHNOLOGY",3,期,True,50,13,0,50,韓毅,"一8,6,7(管CM 4078)","['678', '', '', '', '', '', '']",《講授類》,['巨量資料分析學程'],False
https://selcrs.nsysu.edu.tw/menu5/showoutline.asp?SYEAR=114&SEM=2&CrsDat=MIS513&Crsname=計算機網路,,,False,資管碩,MIS513,0,,"計算機網路
COMPUTER NETWORKS",3,期,False,50,14,0,50,林耕霈,"三2,3,4(管CM 4069)","['', '', '234', '', '', '', '']",《講授類》,"['軟體工程學程', '永續能源學程']",True
https://selcrs.nsysu.edu.tw/menu5/showoutline.asp?SYEAR=114&SEM=2&CrsDat=MIS513&Crsname=計算機網路,,,False,資管碩,MIS513,0,,"計算機網路
COMPUTER NETWORKS",3,期,False,50,14,0,50,林耕霈,"三2,3,4(管CM 4069)","['', '', '234', '', '', '', '']",《講授類》,"['軟體工程學程', '永續能源學程']",True
https://selcrs.nsysu.edu.tw/menu5/showoutline.asp?SYEAR=114&SEM=2&CrsDat=MIS514&Crsname=生產與作業管理,,,False,資管碩,MIS514,0,,"生產與作業管理
PRODUCTION/OPERATION MANAGEMENT",3,期,False,50,2,0,50,劉賓陽,"二2,3,4(管CM 2016)","['', '234', '', '', '', '', '']",《講授類》,[],False
https://selcrs.nsysu.edu.tw/menu5/showoutline.asp?SYEAR=114&SEM=2&CrsDat=MIS514&Crsname=生產與作業管理,,,False,資管碩,MIS514,0,,"生產與作業管理
PRODUCTION/OPERATION MANAGEMENT",3,期,False,50,2,0,50,劉賓陽,"二2,3,4(管CM 2016)","['', '234', '', '', '', '', '']",《講授類》,[],False
https://selcrs.nsysu.edu.tw/menu5/showoutline.asp?SYEAR=114&SEM=2&CrsDat=MIS535&Crsname=服務品質管理,,,False,資管碩,MIS535,0,,"服務品質管理
SERVICE QUALITY MANAGEMENT",3,期,False,50,3,0,50,劉賓陽,"三D,E,F(管CM 2016)","['', '', 'DEF', '', '', '', '']",《講授類》,['科技創新與服務業管理學程'],False
https://selcrs.nsysu.edu.tw/menu5/showoutline.asp?SYEAR=114&SEM=2&CrsDat=MIS535&Crsname=服務品質管理,,,False,資管碩,MIS535,0,,"服務品質管理
SERVICE QUALITY MANAGEMENT",3,期,False,50,3,0,50,劉賓陽,"三D,E,F(管CM 2016)","['', '', 'DEF', '', '', '', '']",《講授類》,['科技創新與服務業管理學程'],False
https://selcrs.nsysu.edu.tw/menu5/showoutline.asp?SYEAR=114&SEM=2&CrsDat=MIS535&Crsname=服務品質管理,,,False,資管碩,MIS535,0,,"服務品質管理
SERVICE QUALITY MANAGEMENT",3,期,False,50,3,0,50,劉賓陽,"三D,E,F(管CM 2016)","['', '', 'DEF', '', '', '', '']",《講授類》,['科技創新與服務業管理學程'],False
https://selcrs.nsysu.edu.tw/menu5/showoutline.asp?SYEAR=114&SEM=2&CrsDat=MIS537&Crsname=專案管理,,,False,資管碩,MIS537,0,,"專案管理
PROJECT MANAGEMENT",3,期,False,50,14,0,50,李捷,"四C,D,E(管CM 4069)","['', '', '', 'CDE', '', '', '']",《講授類》,['非營利事業及社會創新微學程'],True
https://selcrs.nsysu.edu.tw/menu5/showoutline.asp?SYEAR=114&SEM=2&CrsDat=MIS537&Crsname=專案管理,,,False,資管碩,MIS537,0,,"專案管理
PROJECT MANAGEMENT",3,期,False,50,14,0,50,李捷,"四C,D,E(管CM 4069)","['', '', '', 'CDE', '', '', '']",《講授類》,['非營利事業及社會創新微學程'],True
https://selcrs.nsysu.edu.tw/menu5/showoutline.asp?SYEAR=114&SEM=2&CrsDat=MIS537&Crsname=專案管理,,,False,資管碩,MIS537,0,,"專案管理
PROJECT MANAGEMENT",3,期,False,50,14,0,50,李捷,"四C,D,E(管CM 4069)","['', '', '', 'CDE', '', '', '']",《講授類》,['非營利事業及社會創新微學程'],True
https://selcrs.nsysu.edu.tw/menu5/showoutline.asp?SYEAR=114&SEM=2&CrsDat=MIS537&Crsname=專案管理,,,False,資管碩,MIS537,0,,"專案管理
PROJECT MANAGEMENT",3,期,False,50,14,0,50,李捷,"四C,D,E(管CM 4069)","['', '', '', 'CDE', '', '', '']",《講授類》,['非營利事業及社會創新微學程'],True
https://selcrs.nsysu.edu.tw/menu5/showoutline.asp?SYEAR=114&SEM=2&CrsDat=MIS537&Crsname=專案管理,,,False,資管碩,MIS537,0,,"專案管理
PROJECT MANAGEMENT",3,期,False,50,14,0,50,李捷,"四C,D,E(管CM 4069)","['', '', '', 'CDE', '', '', '']",《講授類》,['非營利事業及社會創新微學程'],True
https://selcrs.nsysu.edu.tw/menu5/showoutline.asp?SYEAR=114&SEM=2&CrsDat=MIS538&Crsname=網路安全,異動,更換教室1/12,False,資管碩,MIS538,0,,"網路安全
NETWORK SECURITY",3,期,False,50,3,0,50,陳嘉玫,"六2,3,4(管CM 2023)","['', '', '', '', '', '234', '']",《講授類》,"['金融科技學程', '無人載具學程', '永續能源學程', '資通安全學程']",False
https://selcrs.nsysu.edu.tw/menu5/showoutline.asp?SYEAR=114&SEM=2&CrsDat=MIS538&Crsname=網路安全,異動,更換教室1/12,False,資管碩,MIS538,0,,"網路安全
NETWORK SECURITY",3,期,False,50,3,0,50,陳嘉玫,"六2,3,4(管CM 2023)","['', '', '', '', '', '234', '']",《講授類》,"['金融科技學程', '無人載具學程', '永續能源學程', '資通安全學程']",False
https://selcrs.nsysu.edu.tw/menu5/showoutline.asp?SYEAR=114&SEM=2&CrsDat=MIS545&Crsname=資料探勘與知識發現,,,False,資管碩,MIS545,0,,"資料探勘與知識發現
DATA MINING AND KNOWLEDGE DISCOVERY",3,期,False,50,6,0,50,李偉柏,"四8,6,7(管CM 2025)","['', '', '', '678', '', '', '']",《講授類》,"['巨量資料分析學程', '金融科技學程']",False
https://selcrs.nsysu.edu.tw/menu5/showoutline.asp?SYEAR=114&SEM=2&CrsDat=MIS545&Crsname=資料探勘與知識發現,,,False,資管碩,MIS545,0,,"資料探勘與知識發現
DATA MINING AND KNOWLEDGE DISCOVERY",3,期,False,50,6,0,50,李偉柏,"四8,6,7(管CM 2025)","['', '', '', '678', '', '', '']",《講授類》,"['巨量資料分析學程', '金融科技學程']",False
https://selcrs.nsysu.edu.tw/menu5/showoutline.asp?SYEAR=114&SEM=2&CrsDat=MIS567&Crsname=資訊科技策略,,,False,資管碩,MIS567,0,,"資訊科技策略
INFORMATION TECHNOLOGY STRATEGY",3,期,False,50,4,0,50,吳仁和,"一C,D,E(管CM 4078)","['CDE', '', '', '', '', '', '']",《講授類》,[],False
https://selcrs.nsysu.edu.tw/menu5/showoutline.asp?SYEAR=114&SEM=2&CrsDat=MIS567&Crsname=資訊科技策略,,,False,資管碩,MIS567,0,,"資訊科技策略
INFORMATION TECHNOLOGY STRATEGY",3,期,False,50,4,0,50,吳仁和,"一C,D,E(管CM 4078)","['CDE', '', '', '', '', '', '']",《講授類》,[],False
https://selcrs.nsysu.edu.tw/menu5/showoutline.asp?SYEAR=114&SEM=2&CrsDat=MIS567&Crsname=資訊科技策略,,,False,資管碩,MIS567,0,,"資訊科技策略
INFORMATION TECHNOLOGY STRATEGY",3,期,False,50,4,0,50,吳仁和,"一C,D,E(管CM 4078)","['CDE', '', '', '', '', '', '']",《講授類》,[],False
https://selcrs.nsysu.edu.tw/menu5/showoutline.asp?SYEAR=114&SEM=2&CrsDat=MIS567&Crsname=資訊科技策略,,,False,資管碩,MIS567,0,,"資訊科技策略
INFORMATION TECHNOLOGY STRATEGY",3,期,False,50,4,0,50,吳仁和,"一C,D,E(管CM 4078)","['CDE', '', '', '', '', '', '']",《講授類》,[],False
https://selcrs.nsysu.edu.tw/menu5/showoutline.asp?SYEAR=114&SEM=2&CrsDat=MIS571&Crsname=商業智慧,,,False,資管碩,MIS571,0,,"商業智慧
BUSINESS INTELLIGENCE",3,期,False,50,21,0,50,林耕霈,"五2,3,4(管CM 4069)","['', '', '', '', '234', '', '']",《講授類》,"['巨量資料分析學程', '金融科技學程', '碳流資訊盤查與低碳設計微學程']",False
https://selcrs.nsysu.edu.tw/menu5/showoutline.asp?SYEAR=114&SEM=2&CrsDat=MIS571&Crsname=商業智慧,,,False,資管碩,MIS571,0,,"商業智慧
BUSINESS INTELLIGENCE",3,期,False,50,21,0,50,林耕霈,"五2,3,4(管CM 4069)","['', '', '', '', '234', '', '']",《講授類》,"['巨量資料分析學程', '金融科技學程', '碳流資訊盤查與低碳設計微學程']",False
https://selcrs.nsysu.edu.tw/menu5/showoutline.asp?SYEAR=114&SEM=2&CrsDat=MIS575&Crsname=教育機器人與物聯網,,,False,資管碩,MIS575,0,,"教育機器人與物聯網
EDUCATIONAL ROBOTICS AND IOTS",3,期,False,50,0,0,50,魏春旺,"四2,3,4(管CM 2016)","['', '', '', '234', '', '', '']","《講授類》
需自備筆電",[],False
https://selcrs.nsysu.edu.tw/menu5/showoutline.asp?SYEAR=114&SEM=2&CrsDat=MIS575&Crsname=教育機器人與物聯網,,,False,資管碩,MIS575,0,,"教育機器人與物聯網
EDUCATIONAL ROBOTICS AND IOTS",3,期,False,50,0,0,50,魏春旺,"四2,3,4(管CM 2016)","['', '', '', '234', '', '', '']","《講授類》
需自備筆電",[],False
https://selcrs.nsysu.edu.tw/menu5/showoutline.asp?SYEAR=114&SEM=2&CrsDat=MIS581&Crsname=社群媒體分析,,,False,資管碩,MIS581,0,,"社群媒體分析
SOCIAL MEDIA ANALYSIS",3,期,False,50,14,0,50,黃三益,"二C,D,E(管CM 4069)","['', 'CDE', '', '', '', '', '']",《講授類》,['政經大數據分析微學程'],False
https://selcrs.nsysu.edu.tw/menu5/showoutline.asp?SYEAR=114&SEM=2&CrsDat=MIS581&Crsname=社群媒體分析,,,False,資管碩,MIS581,0,,"社群媒體分析
SOCIAL MEDIA ANALYSIS",3,期,False,50,14,0,50,黃三益,"二C,D,E(管CM 4069)","['', 'CDE', '', '', '', '', '']",《講授類》,['政經大數據分析微學程'],False
https://selcrs.nsysu.edu.tw/menu5/showoutline.asp?SYEAR=114&SEM=2&CrsDat=MIS581&Crsname=社群媒體分析,,,False,資管碩,MIS581,0,,"社群媒體分析
SOCIAL MEDIA ANALYSIS",3,期,False,50,14,0,50,黃三益,"二C,D,E(管CM 4069)","['', 'CDE', '', '', '', '', '']",《講授類》,['政經大數據分析微學程'],False
https://selcrs.nsysu.edu.tw/menu5/showoutline.asp?SYEAR=114&SEM=2&CrsDat=MIS581&Crsname=社群媒體分析,,,False,資管碩,MIS581,0,,"社群媒體分析
SOCIAL MEDIA ANALYSIS",3,期,False,50,14,0,50,黃三益,"二C,D,E(管CM 4069)","['', 'CDE', '', '', '', '', '']",《講授類》,['政經大數據分析微學程'],False
https://selcrs.nsysu.edu.tw/menu5/showoutline.asp?SYEAR=114&SEM=2&CrsDat=MIS586&Crsname=數位科技趨勢與應用,,,False,資管碩,MIS586,1,,"數位科技趨勢與應用
DIGITAL TECHNOLOGY TRENDS AND APPLICATIONS",2,期,True,50,2,58,-8,楊淯程,"三6,7(管CM 2037)","['', '', '67', '', '', '', '']",《講授類》,[],False
https://selcrs.nsysu.edu.tw/menu5/showoutline.asp?SYEAR=114&SEM=2&CrsDat=MIS586&Crsname=數位科技趨勢與應用,,,False,資管碩,MIS586,1,,"數位科技趨勢與應用
DIGITAL TECHNOLOGY TRENDS AND APPLICATIONS",2,期,True,50,2,58,-8,楊淯程,"三6,7(管CM 2037)","['', '', '67', '', '', '', '']",《講授類》,[],False
https://selcrs.nsysu.edu.tw/menu5/showoutline.asp?SYEAR=114&SEM=2&CrsDat=MIS588&Crsname=資料視覺化,,,False,資管碩,MIS588,0,,"資料視覺化
DATA VISUALIZATION",3,期,False,50,7,0,50,韓毅,"二8,6,7(管CM 4078)","['', '678', '', '', '', '', '']",《講授類》,[],True
https://selcrs.nsysu.edu.tw/menu5/showoutline.asp?SYEAR=114&SEM=2&CrsDat=MIS588&Crsname=資料視覺化,,,False,資管碩,MIS588,0,,"資料視覺化
DATA VISUALIZATION",3,期,False,50,7,0,50,韓毅,"二8,6,7(管CM 4078)","['', '678', '', '', '', '', '']",《講授類》,[],True
https://selcrs.nsysu.edu.tw/menu5/showoutline.asp?SYEAR=114&SEM=2&CrsDat=MIS591&Crsname=ESG與企業永續發展,,,False,資管碩,MIS591,0,,"ESG與企業永續發展
ESG AND CORPORATE SUSTAINABLE DEVELOPMENT",3,期,False,50,4,0,50,張德民,"五8,6,7(管CM 4069)","['', '', '', '', '678', '', '']",《講授類》,[],False
https://selcrs.nsysu.edu.tw/menu5/showoutline.asp?SYEAR=114&SEM=2&CrsDat=MIS591&Crsname=ESG與企業永續發展,,,False,資管碩,MIS591,0,,"ESG與企業永續發展
ESG AND CORPORATE SUSTAINABLE DEVELOPMENT",3,期,False,50,4,0,50,張德民,"五8,6,7(管CM 4069)","['', '', '', '', '678', '', '']",《講授類》,[],False
https://selcrs.nsysu.edu.tw/menu5/showoutline.asp?SYEAR=114&SEM=2&CrsDat=HRM613&Crsname=績效管理與人才發展,異動,調整名額1/6,False,人管碩,HRM613,0,,"績效管理與人才發展
PERFORMANCE MANAGEMENT AND TALENT DEVELOPMENT",3,期,False,30,20,0,30,王豫萱,"五A,1,B(管CM 4112)","['', '', '', '', 'A1B', '', '']","《講授類》
限修人管所修習",['人力資源管理學程'],False
https://selcrs.nsysu.edu.tw/menu5/showoutline.asp?SYEAR=114&SEM=2&CrsDat=HRM613&Crsname=績效管理與人才發展,異動,調整名額1/6,False,人管碩,HRM613,0,,"績效管理與人才發展
PERFORMANCE MANAGEMENT AND TALENT DEVELOPMENT",3,期,False,30,20,0,30,王豫萱,"五A,1,B(管CM 4112)","['', '', '', '', 'A1B', '', '']","《講授類》
限修人管所修習",['人力資源管理學程'],False
https://selcrs.nsysu.edu.tw/menu5/showoutline.asp?SYEAR=114&SEM=2&CrsDat=CM507&Crsname=倫理與社會責任,,,False,管理學院(碩),CM507,0,,"倫理與社會責任
ETHICS AND SOCIAL RESPONSIBILITY",1,期,False,200,106,0,200,"王致遠,謝慧賢,鄭安授,陳世哲",一A(網路大學),"['A', '', '', '', '', '', '']","《講授類》
網大進行之非同步線上課程(二年級優先選課) 限管理學院研究所學生修習。 CM507與CM511為同系列課程，學生只能夠就此課程當中選擇一門課進行修習，已經修習過上述任何一個課程者均不得選課。","['公共事務與企業社會責任微學程', '人力資源管理學程', '企業社會責任學程']",False
https://selcrs.nsysu.edu.tw/menu5/showoutline.asp?SYEAR=114&SEM=2&CrsDat=CM507&Crsname=倫理與社會責任,,,False,管理學院(碩),CM507,0,,"倫理與社會責任
ETHICS AND SOCIAL RESPONSIBILITY",1,期,False,200,106,0,200,"王致遠,謝慧賢,鄭安授,陳世哲",一A(網路大學),"['A', '', '', '', '', '', '']","《講授類》
網大進行之非同步線上課程(二年級優先選課) 限管理學院研究所學生修習。 CM507與CM511為同系列課程，學生只能夠就此課程當中選擇一門課進行修習，已經修習過上述任何一個課程者均不得選課。","['公共事務與企業社會責任微學程', '人力資源管理學程', '企業社會責任學程']",False
https://selcrs.nsysu.edu.tw/menu5/showoutline.asp?SYEAR=114&SEM=2&CrsDat=CM507&Crsname=倫理與社會責任,,,False,管理學院(碩),CM507,0,,"倫理與社會責任
ETHICS AND SOCIAL RESPONSIBILITY",1,期,False,200,106,0,200,"王致遠,謝慧賢,鄭安授,陳世哲",一A(網路大學),"['A', '', '', '', '', '', '']","《講授類》
網大進行之非同步線上課程(二年級優先選課) 限管理學院研究所學生修習。 CM507與CM511為同系列課程，學生只能夠就此課程當中選擇一門課進行修習，已經修習過上述任何一個課程者均不得選課。","['公共事務與企業社會責任微學程', '人力資源管理學程', '企業社會責任學程']",False
https://selcrs.nsysu.edu.tw/menu5/showoutline.asp?SYEAR=114&SEM=2&CrsDat=CM507&Crsname=倫理與社會責任,,,False,管理學院(碩),CM507,0,,"倫理與社會責任
ETHICS AND SOCIAL RESPONSIBILITY",1,期,False,200,106,0,200,"王致遠,謝慧賢,鄭安授,陳世哲",一A(網路大學),"['A', '', '', '', '', '', '']","《講授類》
網大進行之非同步線上課程(二年級優先選課) 限管理學院研究所學生修習。 CM507與CM511為同系列課程，學生只能夠就此課程當中選擇一門課進行修習，已經修習過上述任何一個課程者均不得選課。","['公共事務與企業社會責任微學程', '人力資源管理學程', '企業社會責任學程']",False
https://selcrs.nsysu.edu.tw/menu5/showoutline.asp?SYEAR=114&SEM=2&CrsDat=CM507&Crsname=倫理與社會責任,,,False,管理學院(碩),CM507,0,,"倫理與社會責任
ETHICS AND SOCIAL RESPONSIBILITY",1,期,False,200,106,0,200,"王致遠,謝慧賢,鄭安授,陳世哲",一A(網路大學),"['A', '', '', '', '', '', '']","《講授類》
企業管理組;
網大進行之非同步線上課程(二年級優先選課) 限管理學院研究所學生修習。 CM507與CM511為同系列課程，學生只能夠就此課程當中選擇一門課進行修習，已經修習過上述任何一個課程者均不得選課。","['公共事務與企業社會責任微學程', '人力資源管理學程', '企業社會責任學程']",False
https://selcrs.nsysu.edu.tw/menu5/showoutline.asp?SYEAR=114&SEM=2&CrsDat=CM507&Crsname=倫理與社會責任,,,False,管理學院(碩),CM507,0,,"倫理與社會責任
ETHICS AND SOCIAL RESPONSIBILITY",1,期,False,200,106,0,200,"王致遠,謝慧賢,鄭安授,陳世哲",一A(網路大學),"['A', '', '', '', '', '', '']","《講授類》
網大進行之非同步線上課程(二年級優先選課) 限管理學院研究所學生修習。 CM507與CM511為同系列課程，學生只能夠就此課程當中選擇一門課進行修習，已經修習過上述任何一個課程者均不得選課。","['公共事務與企業社會責任微學程', '人力資源管理學程', '企業社會責任學程']",False
https://selcrs.nsysu.edu.tw/menu5/showoutline.asp?SYEAR=114&SEM=2&CrsDat=CM507&Crsname=倫理與社會責任,,,False,管理學院(碩),CM507,0,,"倫理與社會責任
ETHICS AND SOCIAL RESPONSIBILITY",1,期,False,200,106,0,200,"王致遠,謝慧賢,鄭安授,陳世哲",一A(網路大學),"['A', '', '', '', '', '', '']","《講授類》
網大進行之非同步線上課程(二年級優先選課) 限管理學院研究所學生修習。 CM507與CM511為同系列課程，學生只能夠就此課程當中選擇一門課進行修習，已經修習過上述任何一個課程者均不得選課。","['公共事務與企業社會責任微學程', '人力資源管理學程', '企業社會責任學程']",False
https://selcrs.nsysu.edu.tw/menu5/showoutline.asp?SYEAR=114&SEM=2&CrsDat=CM507&Crsname=倫理與社會責任,,,False,管理學院(碩),CM507,0,,"倫理與社會責任
ETHICS AND SOCIAL RESPONSIBILITY",1,期,False,200,106,0,200,"王致遠,謝慧賢,鄭安授,陳世哲",一A(網路大學),"['A', '', '', '', '', '', '']","《講授類》
網大進行之非同步線上課程(二年級優先選課) 限管理學院研究所學生修習。 CM507與CM511為同系列課程，學生只能夠就此課程當中選擇一門課進行修習，已經修習過上述任何一個課程者均不得選課。","['公共事務與企業社會責任微學程', '人力資源管理學程', '企業社會責任學程']",False
https://selcrs.nsysu.edu.tw/menu5/showoutline.asp?SYEAR=114&SEM=2&CrsDat=CM507&Crsname=倫理與社會責任,,,False,管理學院(碩),CM507,0,,"倫理與社會責任
ETHICS AND SOCIAL RESPONSIBILITY",1,期,False,200,106,0,200,"王致遠,謝慧賢,鄭安授,陳世哲",一A(網路大學),"['A', '', '', '', '', '', '']","《講授類》
網大進行之非同步線上課程(二年級優先選課) 限管理學院研究所學生修習。 CM507與CM511為同系列課程，學生只能夠就此課程當中選擇一門課進行修習，已經修習過上述任何一個課程者均不得選課。","['公共事務與企業社會責任微學程', '人力資源管理學程', '企業社會責任學程']",False
https://selcrs.nsysu.edu.tw/menu5/showoutline.asp?SYEAR=114&SEM=2&CrsDat=CM507&Crsname=倫理與社會責任,,,False,管理學院(碩),CM507,0,,"倫理與社會責任
ETHICS AND SOCIAL RESPONSIBILITY",1,期,False,200,106,0,200,"王致遠,謝慧賢,鄭安授,陳世哲",一A(網路大學),"['A', '', '', '', '', '', '']","《講授類》
網大進行之非同步線上課程(二年級優先選課) 限管理學院研究所學生修習。 CM507與CM511為同系列課程，學生只能夠就此課程當中選擇一門課進行修習，已經修習過上述任何一個課程者均不得選課。","['公共事務與企業社會責任微學程', '人力資源管理學程', '企業社會責任學程']",False
https://selcrs.nsysu.edu.tw/menu5/showoutline.asp?SYEAR=114&SEM=2&CrsDat=CM507&Crsname=倫理與社會責任,,,False,管理學院(碩),CM507,0,,"倫理與社會責任
ETHICS AND SOCIAL RESPONSIBILITY",1,期,False,200,106,0,200,"王致遠,謝慧賢,鄭安授,陳世哲",一A(網路大學),"['A', '', '', '', '', '', '']","《講授類》
網大進行之非同步線上課程(二年級優先選課) 限管理學院研究所學生修習。 CM507與CM511為同系列課程，學生只能夠就此課程當中選擇一門課進行修習，已經修習過上述任何一個課程者均不得選課。","['公共事務與企業社會責任微學程', '人力資源管理學程', '企業社會責任學程']",False
https://selcrs.nsysu.edu.tw/menu5/showoutline.asp?SYEAR=114&SEM=2&CrsDat=CM507&Crsname=倫理與社會責任,,,False,管理學院(碩),CM507,0,,"倫理與社會責任
ETHICS AND SOCIAL RESPONSIBILITY",1,期,False,200,106,0,200,"王致遠,謝慧賢,鄭安授,陳世哲",一A(網路大學),"['A', '', '', '', '', '', '']","《講授類》
網大進行之非同步線上課程(二年級優先選課) 限管理學院研究所學生修習。 CM507與CM511為同系列課程，學生只能夠就此課程當中選擇一門課進行修習，已經修習過上述任何一個課程者均不得選課。","['公共事務與企業社會責任微學程', '人力資源管理學程', '企業社會責任學程']",False
https://selcrs.nsysu.edu.tw/menu5/showoutline.asp?SYEAR=114&SEM=2&CrsDat=CM507&Crsname=倫理與社會責任,,,False,管理學院(碩),CM507,0,,"倫理與社會責任
ETHICS AND SOCIAL RESPONSIBILITY",1,期,False,200,106,0,200,"王致遠,謝慧賢,鄭安授,陳世哲",一A(網路大學),"['A', '', '', '', '', '', '']","《講授類》
網大進行之非同步線上課程(二年級優先選課) 限管理學院研究所學生修習。 CM507與CM511為同系列課程，學生只能夠就此課程當中選擇一門課進行修習，已經修習過上述任何一個課程者均不得選課。","['公共事務與企業社會責任微學程', '人力資源管理學程', '企業社會責任學程']",False
https://selcrs.nsysu.edu.tw/menu5/showoutline.asp?SYEAR=114&SEM=2&CrsDat=CM507&Crsname=倫理與社會責任,,,False,管理學院(碩),CM507,0,,"倫理與社會責任
ETHICS AND SOCIAL RESPONSIBILITY",1,期,False,200,106,0,200,"王致遠,謝慧賢,鄭安授,陳世哲",一A(網路大學),"['A', '', '', '', '', '', '']","《講授類》
網大進行之非同步線上課程(二年級優先選課) 限管理學院研究所學生修習。 CM507與CM511為同系列課程，學生只能夠就此課程當中選擇一門課進行修習，已經修習過上述任何一個課程者均不得選課。","['公共事務與企業社會責任微學程', '人力資源管理學程', '企業社會責任學程']",False
https://selcrs.nsysu.edu.tw/menu5/showoutline.asp?SYEAR=114&SEM=2&CrsDat=CM511&Crsname=國際商管倫理觀,,,False,管理學院(碩),CM511,0,,"國際商管倫理觀
ETHICS IN INTERNATIONAL BUSINESS MANAGEMENT",1,期,False,60,6,0,60,"王致遠,王豫萱,鄭安授",二A(網路大學),"['', 'A', '', '', '', '', '']","《講授類》
網大進行之非同步線上課程(二年級優先選課) 限管理學院研究所學生修習。 CM507與CM511為同系列課程，學生只能夠就此課程當中選擇一門課進行修習，已經修習過上述任何一個課程者均不得選課。",[],True
https://selcrs.nsysu.edu.tw/menu5/showoutline.asp?SYEAR=114&SEM=2&CrsDat=CM511&Crsname=國際商管倫理觀,,,False,管理學院(碩),CM511,0,,"國際商管倫理觀
ETHICS IN INTERNATIONAL BUSINESS MANAGEMENT",1,期,False,60,6,0,60,"王致遠,王豫萱,鄭安授",二A(網路大學),"['', 'A', '', '', '', '', '']","《講授類》
企業管理組;
網大進行之非同步線上課程(二年級優先選課) 限管理學院研究所學生修習。 CM507與CM511為同系列課程，學生只能夠就此課程當中選擇一門課進行修習，已經修習過上述任何一個課程者均不得選課。",[],True
https://selcrs.nsysu.edu.tw/menu5/showoutline.asp?SYEAR=114&SEM=2&CrsDat=CM511&Crsname=國際商管倫理觀,,,False,管理學院(碩),CM511,0,,"國際商管倫理觀
ETHICS IN INTERNATIONAL BUSINESS MANAGEMENT",1,期,False,60,6,0,60,"王致遠,王豫萱,鄭安授",二A(網路大學),"['', 'A', '', '', '', '', '']","《講授類》
網大進行之非同步線上課程(二年級優先選課) 限管理學院研究所學生修習。 CM507與CM511為同系列課程，學生只能夠就此課程當中選擇一門課進行修習，已經修習過上述任何一個課程者均不得選課。",[],True
https://selcrs.nsysu.edu.tw/menu5/showoutline.asp?SYEAR=114&SEM=2&CrsDat=CM511&Crsname=國際商管倫理觀,,,False,管理學院(碩),CM511,0,,"國際商管倫理觀
ETHICS IN INTERNATIONAL BUSINESS MANAGEMENT",1,期,False,60,6,0,60,"王致遠,王豫萱,鄭安授",二A(網路大學),"['', 'A', '', '', '', '', '']","《講授類》
網大進行之非同步線上課程(二年級優先選課) 限管理學院研究所學生修習。 CM507與CM511為同系列課程，學生只能夠就此課程當中選擇一門課進行修習，已經修習過上述任何一個課程者均不得選課。",[],True
https://selcrs.nsysu.edu.tw/menu5/showoutline.asp?SYEAR=114&SEM=2&CrsDat=CM511&Crsname=國際商管倫理觀,,,False,管理學院(碩),CM511,0,,"國際商管倫理觀
ETHICS IN INTERNATIONAL BUSINESS MANAGEMENT",1,期,False,60,6,0,60,"王致遠,王豫萱,鄭安授",二A(網路大學),"['', 'A', '', '', '', '', '']","《講授類》
網大進行之非同步線上課程(二年級優先選課) 限管理學院研究所學生修習。 CM507與CM511為同系列課程，學生只能夠就此課程當中選擇一門課進行修習，已經修習過上述任何一個課程者均不得選課。",[],True
https://selcrs.nsysu.edu.tw/menu5/showoutline.asp?SYEAR=114&SEM=2&CrsDat=CM511&Crsname=國際商管倫理觀,,,False,管理學院(碩),CM511,0,,"國際商管倫理觀
ETHICS IN INTERNATIONAL BUSINESS MANAGEMENT",1,期,False,60,6,0,60,"王致遠,王豫萱,鄭安授",二A(網路大學),"['', 'A', '', '', '', '', '']","《講授類》
網大進行之非同步線上課程(二年級優先選課) 限管理學院研究所學生修習。 CM507與CM511為同系列課程，學生只能夠就此課程當中選擇一門課進行修習，已經修習過上述任何一個課程者均不得選課。",[],True
https://selcrs.nsysu.edu.tw/menu5/showoutline.asp?SYEAR=114&SEM=2&CrsDat=CM511&Crsname=國際商管倫理觀,,,False,管理學院(碩),CM511,0,,"國際商管倫理觀
ETHICS IN INTERNATIONAL BUSINESS MANAGEMENT",1,期,False,60,6,0,60,"王致遠,王豫萱,鄭安授",二A(網路大學),"['', 'A', '', '', '', '', '']","《講授類》
網大進行之非同步線上課程(二年級優先選課) 限管理學院研究所學生修習。 CM507與CM511為同系列課程，學生只能夠就此課程當中選擇一門課進行修習，已經修習過上述任何一個課程者均不得選課。",[],True
https://selcrs.nsysu.edu.tw/menu5/showoutline.asp?SYEAR=114&SEM=2&CrsDat=CM511&Crsname=國際商管倫理觀,,,False,管理學院(碩),CM511,0,,"國際商管倫理觀
ETHICS IN INTERNATIONAL BUSINESS MANAGEMENT",1,期,False,60,6,0,60,"王致遠,王豫萱,鄭安授",二A(網路大學),"['', 'A', '', '', '', '', '']","《講授類》
網大進行之非同步線上課程(二年級優先選課) 限管理學院研究所學生修習。 CM507與CM511為同系列課程，學生只能夠就此課程當中選擇一門課進行修習，已經修習過上述任何一個課程者均不得選課。",[],True
https://selcrs.nsysu.edu.tw/menu5/showoutline.asp?SYEAR=114&SEM=2&CrsDat=CM511&Crsname=國際商管倫理觀,,,False,管理學院(碩),CM511,0,,"國際商管倫理觀
ETHICS IN INTERNATIONAL BUSINESS MANAGEMENT",1,期,False,60,6,0,60,"王致遠,王豫萱,鄭安授",二A(網路大學),"['', 'A', '', '', '', '', '']","《講授類》
網大進行之非同步線上課程(二年級優先選課) 限管理學院研究所學生修習。 CM507與CM511為同系列課程，學生只能夠就此課程當中選擇一門課進行修習，已經修習過上述任何一個課程者均不得選課。",[],True
https://selcrs.nsysu.edu.tw/menu5/showoutline.asp?SYEAR=114&SEM=2&CrsDat=CM511&Crsname=國際商管倫理觀,,,False,管理學院(碩),CM511,0,,"國際商管倫理觀
ETHICS IN INTERNATIONAL BUSINESS MANAGEMENT",1,期,False,60,6,0,60,"王致遠,王豫萱,鄭安授",二A(網路大學),"['', 'A', '', '', '', '', '']","《講授類》
網大進行之非同步線上課程(二年級優先選課) 限管理學院研究所學生修習。 CM507與CM511為同系列課程，學生只能夠就此課程當中選擇一門課進行修習，已經修習過上述任何一個課程者均不得選課。",[],True
https://selcrs.nsysu.edu.tw/menu5/showoutline.asp?SYEAR=114&SEM=2&CrsDat=BM503&Crsname=生產與作業管理,,,False,企企管碩,BM503,0,,"生產與作業管理
PRODUCTIONS AND OPERATIONS MANAGEMENT",3,期,False,50,56,0,50,彭聖翔,"五C,D,E(管CM 4069)","['', '', '', '', 'CDE', '', '']",《講授類》,['科技創新與服務業管理學程'],False
https://selcrs.nsysu.edu.tw/menu5/showoutline.asp?SYEAR=114&SEM=2&CrsDat=BM503&Crsname=生產與作業管理,,,False,企企管碩,BM503,0,,"生產與作業管理
PRODUCTIONS AND OPERATIONS MANAGEMENT",3,期,False,50,56,0,50,彭聖翔,"五C,D,E(管CM 4069)","['', '', '', '', 'CDE', '', '']",《講授類》,['科技創新與服務業管理學程'],False
https://selcrs.nsysu.edu.tw/menu5/showoutline.asp?SYEAR=114&SEM=2&CrsDat=BM503&Crsname=生產與作業管理,,,False,企企管碩,BM503,0,,"生產與作業管理
PRODUCTIONS AND OPERATIONS MANAGEMENT",3,期,False,50,56,0,50,彭聖翔,"五C,D,E(管CM 4069)","['', '', '', '', 'CDE', '', '']","《講授類》
企業管理組;",['科技創新與服務業管理學程'],False
https://selcrs.nsysu.edu.tw/menu5/showoutline.asp?SYEAR=114&SEM=2&CrsDat=BM504&Crsname=行銷管理與研究,,,False,企企管碩,BM504,0,,"行銷管理與研究
MARKETING MANAGEMENT AND RESEARCH",3,期,False,50,7,0,50,張純端,"四2,3,4(管CM 3022)","['', '', '', '234', '', '', '']",《講授類》,"['智慧城市與智慧運輸學程', '城市行銷微學程']",True
https://selcrs.nsysu.edu.tw/menu5/showoutline.asp?SYEAR=114&SEM=2&CrsDat=BM504&Crsname=行銷管理與研究,,,False,企企管碩,BM504,0,,"行銷管理與研究
MARKETING MANAGEMENT AND RESEARCH",3,期,False,50,7,0,50,張純端,"四2,3,4(管CM 3022)","['', '', '', '234', '', '', '']","《講授類》
企業管理組;","['智慧城市與智慧運輸學程', '城市行銷微學程']",True
https://selcrs.nsysu.edu.tw/menu5/showoutline.asp?SYEAR=114&SEM=2&CrsDat=BM504&Crsname=行銷管理與研究,,,False,企企管碩,BM504,0,,"行銷管理與研究
MARKETING MANAGEMENT AND RESEARCH",3,期,False,50,7,0,50,張純端,"四2,3,4(管CM 3022)","['', '', '', '234', '', '', '']",《講授類》,"['智慧城市與智慧運輸學程', '城市行銷微學程']",True
https://selcrs.nsysu.edu.tw/menu5/showoutline.asp?SYEAR=114&SEM=2&CrsDat=BM505&Crsname=財務管理與研究,異動,更換時間1/22,False,企企管碩,BM505,0,,"財務管理與研究
FINANCIAL MANAGEMENT & RESEARCH",3,期,False,50,5,0,50,彭聰敏,"一C,D,E(管CM 1032)","['CDE', '', '', '', '', '', '']","《講授類》
企業管理組;",[],True
https://selcrs.nsysu.edu.tw/menu5/showoutline.asp?SYEAR=114&SEM=2&CrsDat=BM505&Crsname=財務管理與研究,異動,更換時間1/22,False,企企管碩,BM505,0,,"財務管理與研究
FINANCIAL MANAGEMENT & RESEARCH",3,期,False,50,5,0,50,彭聰敏,"一C,D,E(管CM 1032)","['CDE', '', '', '', '', '', '']",《講授類》,[],True
https://selcrs.nsysu.edu.tw/menu5/showoutline.asp?SYEAR=114&SEM=2&CrsDat=BM505&Crsname=財務管理與研究,異動,更換時間1/22,False,企企管碩,BM505,0,,"財務管理與研究
FINANCIAL MANAGEMENT & RESEARCH",3,期,False,50,5,0,50,彭聰敏,"一C,D,E(管CM 1032)","['CDE', '', '', '', '', '', '']",《講授類》,[],True
https://selcrs.nsysu.edu.tw/menu5/showoutline.asp?SYEAR=114&SEM=2&CrsDat=BM519&Crsname=孫子兵法策略原理,新增,更換時間1/30,False,企企管碩,BM519,0,,"孫子兵法策略原理
STRATEGIC PRINCIPLES IN THE ART OF WAR OF SUN-ZI",3,期,False,50,6,0,50,莊旺川,"四C,D,E(管CM 3017)","['', '', '', 'CDE', '', '', '']",《講授類》,[],False
https://selcrs.nsysu.edu.tw/menu5/showoutline.asp?SYEAR=114&SEM=2&CrsDat=IB508&Crsname=國際人力資源管理,,,False,國際經營學程,IB508,0,,"國際人力資源管理
INTERNATIONAL HUMAN RESOURCE MANAGEMENT",3,期,False,35,8,0,35,林帆,"四8,6,7(管CM 4078)","['', '', '', '678', '', '', '']","《講授類》
限IBMBA及GHRM MBA學程學生修習，欲加選學生請於異常處理時加選。",[],True
https://selcrs.nsysu.edu.tw/menu5/showoutline.asp?SYEAR=114&SEM=2&CrsDat=IB508&Crsname=國際人力資源管理,,,False,國際經營學程,IB508,0,,"國際人力資源管理
INTERNATIONAL HUMAN RESOURCE MANAGEMENT",3,期,False,35,8,0,35,林帆,"四8,6,7(管CM 4078)","['', '', '', '678', '', '', '']","《講授類》
限IBMBA及GHRM MBA學程學生修習，欲加選學生請於異常處理時加選。",[],True
https://selcrs.nsysu.edu.tw/menu5/showoutline.asp?SYEAR=114&SEM=2&CrsDat=GHRM528&Crsname=組織政治學,,,False,人管英語碩程,GHRM528,0,,"組織政治學
ORGANIZATIONAL POLITICS",3,期,False,30,2,0,30,華明儀,"一8,6,7(管CM 1023)","['678', '', '', '', '', '', '']","《講授類》
限IBMBA學程及GHRM MBA學程學生修習，欲加選學生請於異常處理階段辦理加選",[],True
https://selcrs.nsysu.edu.tw/menu5/showoutline.asp?SYEAR=114&SEM=2&CrsDat=GHRM528&Crsname=組織政治學,,,False,人管英語碩程,GHRM528,0,,"組織政治學
ORGANIZATIONAL POLITICS",3,期,False,30,2,0,30,華明儀,"一8,6,7(管CM 1023)","['678', '', '', '', '', '', '']","《講授類》
限IBMBA學程及GHRM MBA學程學生修習，欲加選學生請於異常處理階段辦理加選",[],True
https://selcrs.nsysu.edu.tw/menu5/showoutline.asp?SYEAR=114&SEM=2&CrsDat=GHRM536&Crsname=組織設計與數位轉型,,,False,人管英語碩程,GHRM536,0,,"組織設計與數位轉型
ORGANIZATIONAL DESIGN AND DIGITAL TRANSFORMATION",3,期,False,20,6,0,20,李捷,"四8,6,7(管CM 1019)","['', '', '', '678', '', '', '']","《講授類》
限IBMBA學程及GHRM MBA學程學生修習，欲加選學生請於異常處理階段辦理加選",[],True
https://selcrs.nsysu.edu.tw/menu5/showoutline.asp?SYEAR=114&SEM=2&CrsDat=GHRM536&Crsname=組織設計與數位轉型,,,False,人管英語碩程,GHRM536,0,,"組織設計與數位轉型
ORGANIZATIONAL DESIGN AND DIGITAL TRANSFORMATION",3,期,False,20,6,0,20,李捷,"四8,6,7(管CM 1019)","['', '', '', '678', '', '', '']","《講授類》
限IBMBA學程及GHRM MBA學程學生修習，欲加選學生請於異常處理階段辦理加選",[],True
https://selcrs.nsysu.edu.tw/menu5/showoutline.asp?SYEAR=114&SEM=2&CrsDat=GHRM651&Crsname=策略管理,異動,更換時間及教室1/29,False,人管英語碩程,GHRM651,0,,"策略管理
STRATEGIC MANAGEMENT",3,期,False,30,5,0,30,蔡宗霖,"五5,6,7(管CM 1023)","['', '', '', '', '567', '', '']","《講授類》
限IBMBA學程及GHRM MBA學程學生修習，欲加選學生請於異常處理階段辦理加選",[],True
https://selcrs.nsysu.edu.tw/menu5/showoutline.asp?SYEAR=114&SEM=2&CrsDat=GHRM651&Crsname=策略管理,異動,更換時間及教室1/29,False,人管英語碩程,GHRM651,0,,"策略管理
STRATEGIC MANAGEMENT",3,期,False,30,5,0,30,蔡宗霖,"五5,6,7(管CM 1023)","['', '', '', '', '567', '', '']","《講授類》
限IBMBA學程及GHRM MBA學程學生修習，欲加選學生請於異常處理階段辦理加選",[],True
https://selcrs.nsysu.edu.tw/menu5/showoutline.asp?SYEAR=114&SEM=2&CrsDat=MBR556&Crsname=海洋總體基因體學,,,False,海資碩,MBR556,1,,"海洋總體基因體學
MARINE METAGENOMICS",2,期,False,50,3,0,50,"劉勃佑,林梅芳","三3,4(海MB 2009)","['', '', '34', '', '', '', '']",《講授類》,['生物資訊與演化生態微學程'],True
https://selcrs.nsysu.edu.tw/menu5/showoutline.asp?SYEAR=114&SEM=2&CrsDat=MBR561&Crsname=物種和生態系統對氣候變遷反應的動態,,,False,海資碩,MBR561,1,,"物種和生態系統對氣候變遷反應的動態
DYNAMICS OF SPECIES AND ECOSYSTEM RESPONSE TO CLIMATE CHANGE",2,期,False,50,6,0,50,水晶,"四3,4(海MB 2009)","['', '', '', '34', '', '', '']",《講授類》,[],True
https://selcrs.nsysu.edu.tw/menu5/showoutline.asp?SYEAR=114&SEM=2&CrsDat=MBR574&Crsname=海洋分子生態學,,,False,海資碩,MBR574,1,,"海洋分子生態學
MARINE MOLECULAR ECOLOGY",3,期,False,50,4,0,50,"塗子萱,林梅芳,林秀瑾","五2,3,4(海MB 2016)","['', '', '', '', '234', '', '']",《講授類》,['海洋生物資源開發學程'],True
https://selcrs.nsysu.edu.tw/menu5/showoutline.asp?SYEAR=114&SEM=2&CrsDat=MBR593&Crsname=海洋生物多樣性與保育（二）,,,True,海資碩,MBR593,1,,"海洋生物多樣性與保育（二）
MARINE BIODIVERSITY AND CONSERVATION （2）",2,期,True,50,1,0,50,"劉商隱,水晶","二3,4(海MB 2009)","['', '34', '', '', '', '', '']",《講授類》,[],True
https://selcrs.nsysu.edu.tw/menu5/showoutline.asp?SYEAR=114&SEM=2&CrsDat=MBR598&Crsname=海洋天然物與化學分析（二）,,,True,海資碩,MBR598,1,,"海洋天然物與化學分析（二）
MARINE NATURAL PRODUCTS AND CHEMICAL ANALYSIS II",2,期,True,50,5,0,50,廖志中,"五3,4(海MB 3013)","['', '', '', '', '34', '', '']",《講授類》,[],True
https://selcrs.nsysu.edu.tw/menu5/showoutline.asp?SYEAR=114&SEM=2&CrsDat=MAEV523&Crsname=海洋系統模擬（二）,,,False,海工碩,MAEV523,1,,"海洋系統模擬（二）
MARINE SYSTEM MODELING (II)",3,期,False,50,2,0,50,歐雅森,"三5,6,7(海ME 2002)","['', '', '567', '', '', '', '']",《講授類》,[],True
https://selcrs.nsysu.edu.tw/menu5/showoutline.asp?SYEAR=114&SEM=2&CrsDat=MAEV542&Crsname=海洋結構動力學,,,False,海工碩,MAEV542,1,,"海洋結構動力學
STRUCTURE DYNAMICS IN OCEAN ENGINEERING",3,期,False,50,1,0,50,詹鵬台,"三2,3,4(海ME 2002)","['', '', '234', '', '', '', '']",《講授類》,['海事工程學程'],True
https://selcrs.nsysu.edu.tw/menu5/showoutline.asp?SYEAR=114&SEM=2&CrsDat=MAEV557&Crsname=廢水生物處理方法,,,False,海工碩,MAEV557,1,,"廢水生物處理方法
BIOLOGICAL TREATMENT FOR WASTEWATER",3,期,False,50,2,0,50,卓宴琳,"三5,6,7(海ME 3005)","['', '', '567', '', '', '', '']",《講授類》,['環境科技與管理學程'],True
https://selcrs.nsysu.edu.tw/menu5/showoutline.asp?SYEAR=114&SEM=2&CrsDat=MAEV572&Crsname=海洋流體力學,異動,更換時間及教室1/30,False,海工碩,MAEV572,1,,"海洋流體力學
OCEAN FLUID MECHANICS",3,期,False,50,0,0,50,歐雅森,"四2,3,4(海ME 2002)","['', '', '', '234', '', '', '']",《講授類》,['南星產業樞紐學程'],True
https://selcrs.nsysu.edu.tw/menu5/showoutline.asp?SYEAR=114&SEM=2&CrsDat=MAEV628&Crsname=紊流學,,,False,海工碩,MAEV628,1,,"紊流學
TURBULENCE",3,期,False,50,1,0,50,歐雅森,"二8,6,7(海ME 2002)","['', '678', '', '', '', '', '']",《講授類》,[],True
https://selcrs.nsysu.edu.tw/menu5/showoutline.asp?SYEAR=114&SEM=2&CrsDat=MAEV661&Crsname=類神經網路,,,False,海工碩,MAEV661,1,,"類神經網路
ARTIFICIAL NEURAL NETWORKS",3,期,False,50,5,0,50,鍾秉宸,"二5,6,7(海ME 3005)","['', '567', '', '', '', '', '']",《講授類》,[],True
https://selcrs.nsysu.edu.tw/menu5/showoutline.asp?SYEAR=114&SEM=2&CrsDat=MAEV663&Crsname=機器學習於海洋環境管理之應用,,,False,海工碩,MAEV663,1,,"機器學習於海洋環境管理之應用
APPLIED MACHINE LEARNING FOR MARINE ENVIRONMENTAL MANAGEMENT",3,期,False,50,8,0,50,夏沛亞,"五2,3,4(海ME 2002)","['', '', '', '', '234', '', '']",《講授類》,['海洋永續發展產業科技微學程'],True
https://selcrs.nsysu.edu.tw/menu5/showoutline.asp?SYEAR=114&SEM=2&CrsDat=MA583&Crsname=海洋法,,,False,海事碩,MA583,0,,"海洋法
LAW OF THE SEA",3,期,False,50,1,0,50,高世明,"五D,E,F(海MA 2034)","['', '', '', '', 'DEF', '', '']",《講授類》,['環境教育學程'],True
https://selcrs.nsysu.edu.tw/menu5/showoutline.asp?SYEAR=114&SEM=2&CrsDat=MA628&Crsname=海洋政策與資源之經濟分析,,,False,海事碩,MA628,0,,"海洋政策與資源之經濟分析
ECONOMIC ANALYSIS FOR MARINE POLICY AND NATURAL RESOURCE",3,期,False,50,0,0,50,劉子銘,"二B,5,6(海MA 1020)","['', 'B56', '', '', '', '', '']",《講授類》,[],True
https://selcrs.nsysu.edu.tw/menu5/showoutline.asp?SYEAR=114&SEM=2&CrsDat=MA633&Crsname=整合性海洋與海岸管理（二）：實務面向,,,False,海事碩,MA633,0,,"整合性海洋與海岸管理（二）：實務面向
INTEGRATED OCEAN AND COASTAL MANAGEMENT (Ⅱ): PRACTICAL DIMENSION",3,期,False,50,2,0,50,張懿,"四5,6,7(海MA 2034)","['', '', '', '567', '', '', '']",《講授類》,['看見臺灣海岸微學程'],True
https://selcrs.nsysu.edu.tw/menu5/showoutline.asp?SYEAR=114&SEM=2&CrsDat=DO627&Crsname=高等古海洋學,,,False,海科碩,DO627,0,,"高等古海洋學
ADVANCED PALEOCEANOGRAPHY",3,期,False,50,3,0,50,張詠斌,"五8,6,7(海MA 2009)","['', '', '', '', '678', '', '']",《講授類》,['環境教育學程'],True
https://selcrs.nsysu.edu.tw/menu5/showoutline.asp?SYEAR=114&SEM=2&CrsDat=DO685&Crsname=海洋生物專題討論（二）,,,True,海科碩,DO685,1,,"海洋生物專題討論（二）
SEMINAR IN MARINE BIOLOGY (II)",1,期,True,50,1,0,50,托星豪,三6(海MA 2009),"['', '', '6', '', '', '', '']",《研討類》,[],True
https://selcrs.nsysu.edu.tw/menu5/showoutline.asp?SYEAR=114&SEM=2&CrsDat=DO687&Crsname=海洋生物專題討論（四）,,,False,海科碩,DO687,0,,"海洋生物專題討論（四）
SEMINAR IN MARINE BIOLOGY (IV)",1,期,False,50,0,0,50,陳慶能,三7(海MA 2009),"['', '', '7', '', '', '', '']",《研討類》,[],True
https://selcrs.nsysu.edu.tw/menu5/showoutline.asp?SYEAR=114&SEM=2&CrsDat=DO701&Crsname=進階科學英文,,,False,海科碩,DO701,0,,"進階科學英文
ADVANCED SCIENTIFIC ENGLISH",3,期,False,50,3,0,50,王敬湧,"四2,3,4(海MA 2009)","['', '', '', '234', '', '', '']","《講授類》
與DO405併班上課。",[],True
https://selcrs.nsysu.edu.tw/menu5/showoutline.asp?SYEAR=114&SEM=2&CrsDat=DO715&Crsname=海洋無脊椎生物學,,,False,海科碩,DO715,0,,"海洋無脊椎生物學
MARINE INVERTEBRATE BIOLOGY",3,期,False,50,2,0,50,熊寶兒,"四5,6,7(海MA 2022)","['', '', '', '567', '', '', '']",《講授類》,[],True
https://selcrs.nsysu.edu.tw/menu5/showoutline.asp?SYEAR=114&SEM=2&CrsDat=DO724&Crsname=科學倫理導論,,,False,海科碩,DO724,0,,"科學倫理導論
INTRODUCTION TO SCIENCE ETHICS",2,期,False,50,0,0,50,熊寶兒,"五6,7(海MA 2022)","['', '', '', '', '67', '', '']","《講授類》
與DO409併班上課。",[],True
https://selcrs.nsysu.edu.tw/menu5/showoutline.asp?SYEAR=114&SEM=2&CrsDat=UT532&Crsname=工程機率與統計,,,False,海下科技碩,UT532,0,,"工程機率與統計
PROBABILITY AND STATISTICS IN ENGINEERING",3,期,False,50,3,0,50,周佑誠,"四2,3,4(海MA 2052)","['', '', '', '234', '', '', '']",《講授類》,['南星產業樞紐學程'],True
https://selcrs.nsysu.edu.tw/menu5/showoutline.asp?SYEAR=114&SEM=2&CrsDat=UT539&Crsname=基礎水中聲學,,,False,海下科技碩,UT539,0,,"基礎水中聲學
FUNDAMENTAL UNDERWATER ACOUSTICS",3,期,False,50,6,0,50,邱永盛,"四8,6,7(海MA 2052)","['', '', '', '678', '', '', '']",《講授類》,"['無人載具學程', '海洋永續發展產業科技微學程']",True
https://selcrs.nsysu.edu.tw/menu5/showoutline.asp?SYEAR=114&SEM=2&CrsDat=UT541&Crsname=電子電路與控制,,,False,海下科技碩,UT541,0,,"電子電路與控制
ELECTRONICS AND CONTROLS",3,期,False,50,6,0,50,謝孟璋,"五2,3,4(海MA 2052)","['', '', '', '', '234', '', '']",《講授類》,['海事工程學程'],True
https://selcrs.nsysu.edu.tw/menu5/showoutline.asp?SYEAR=114&SEM=2&CrsDat=MEC521&Crsname=水產資源概論,,,False,海生保育碩,MEC521,0,,"水產資源概論
INTRODUCTION TO FISHERIES RESOURCES",2,期,False,30,3,0,30,林裕䕒,"五3,4(海MA 2003)","['', '', '', '', '34', '', '']",《講授類》,['印象海味微學程'],False
https://selcrs.nsysu.edu.tw/menu5/showoutline.asp?SYEAR=114&SEM=2&CrsDat=IPS510&Crsname=探索式資料分析,,,False,政治碩,IPS510,0,,"探索式資料分析
EXPLORATORY DATA ANALYSIS",3,期,False,20,3,0,20,劉正山,"四5,6,7(社SS 3010-2)","['', '', '', '567', '', '', '']","《講授類》
限修習過至少一門R相關課程之學生選修",['政經大數據分析微學程'],False
https://selcrs.nsysu.edu.tw/menu5/showoutline.asp?SYEAR=114&SEM=2&CrsDat=IPS517&Crsname=國際政治思想,新增,1/5,False,政治碩,IPS517,0,,"國際政治思想
INTERNATIONAL POLITICAL THOUGHT",3,期,False,20,0,0,20,楊尚儒,"二5,6,7(社SS 3010-1)","['', '567', '', '', '', '', '']",《研討類》,[],False
https://selcrs.nsysu.edu.tw/menu5/showoutline.asp?SYEAR=114&SEM=2&CrsDat=IPS519&Crsname=實用主義的議題與實踐,,,False,政治碩,IPS519,0,,"實用主義的議題與實踐
PRAGMATISM: ISSUES AND PRACTICES",3,期,False,15,0,0,15,劉正山,"五5,6,7(社SS 3010-1)","['', '', '', '', '567', '', '']",《講授類》,[],False
https://selcrs.nsysu.edu.tw/menu5/showoutline.asp?SYEAR=114&SEM=2&CrsDat=IPS558&Crsname=比較政治,,,True,政治碩,IPS558,1,,"比較政治
COMPARATIVE POLITICS",3,期,True,40,12,0,40,張晉赫,"三5,6,7(社SS 3010-2)","['', '', '567', '', '', '', '']",《講授類》,[],True
https://selcrs.nsysu.edu.tw/menu5/showoutline.asp?SYEAR=114&SEM=2&CrsDat=IPS560&Crsname=比較威權,,,False,政治碩,IPS560,0,,"比較威權
COMPARATIVE AUTHORITARIANISM",3,期,False,40,7,0,40,黃韋豪,"二2,3,4(社SS 3010-2)","['', '234', '', '', '', '', '']",《講授類》,[],False
https://selcrs.nsysu.edu.tw/menu5/showoutline.asp?SYEAR=114&SEM=2&CrsDat=IPS562&Crsname=中國政治經濟發展,,,False,政治碩,IPS562,0,,"中國政治經濟發展
POLITICAL AND ECONOMIC DEVELOPMENT IN CHINA",3,期,False,10,4,0,10,陳若蘭,"二5,6,7(社SS 1006)","['', '567', '', '', '', '', '']",《講授類》,[],False
https://selcrs.nsysu.edu.tw/menu5/showoutline.asp?SYEAR=114&SEM=2&CrsDat=IPS603&Crsname=專題研究（二）,,,False,政治碩,IPS603,0,,"專題研究（二）
INDEPENDENT STUDIES(II)",3,期,False,50,1,0,50,陳宗巖,"五2,3,4()","['', '', '', '', '234', '', '']","《獨立研究》
限政治所博碩士生經所屬指導教授同意後選修",[],False
https://selcrs.nsysu.edu.tw/menu5/showoutline.asp?SYEAR=114&SEM=2&CrsDat=IPS603A&Crsname=專題研究（二）,,,False,政治碩,IPS603A,0,,"專題研究（二）
INDEPENDENT STUDIES(II)",3,期,False,50,1,0,50,張晉赫,"五2,3,4()","['', '', '', '', '234', '', '']","《獨立研究》
限政治所博碩士生經所屬指導教授同意後選修",[],False
https://selcrs.nsysu.edu.tw/menu5/showoutline.asp?SYEAR=114&SEM=2&CrsDat=IPS603B&Crsname=專題研究（二）,,,False,政治碩,IPS603B,0,,"專題研究（二）
INDEPENDENT STUDIES(II)",3,期,False,50,0,0,50,黃韋豪,"五2,3,4()","['', '', '', '', '234', '', '']","《獨立研究》
限政治所博碩士生經所屬指導教授同意後選修",[],False
https://selcrs.nsysu.edu.tw/menu5/showoutline.asp?SYEAR=114&SEM=2&CrsDat=IPS630&Crsname=國際政治經濟學,,,False,政治碩,IPS630,1,,"國際政治經濟學
INTERNATIONAL POLITICAL ECONOMY",3,期,False,40,2,0,40,陳宗巖,"一2,3,4(社SS 3010-2)","['234', '', '', '', '', '', '']",《講授類》,[],False
https://selcrs.nsysu.edu.tw/menu5/showoutline.asp?SYEAR=114&SEM=2&CrsDat=IPS635&Crsname=國際安全,,,False,政治碩,IPS635,0,,"國際安全
INTERNATIONAL SECURITY",3,期,False,40,3,0,40,黃韋豪,"四2,3,4(社SS  3010-2)","['', '', '', '234', '', '', '']",《講授類》,[],False
https://selcrs.nsysu.edu.tw/menu5/showoutline.asp?SYEAR=114&SEM=2&CrsDat=IPS643&Crsname=後實證國際關係理論研究,異動,更換時間1/21,False,政治碩,IPS643,0,,"後實證國際關係理論研究
POST-POSITIVIST INTERNATIONAL RELATIONS THORIES",3,期,False,20,2,0,20,林婉萍,"一5,6,7(社SS 3008)","['567', '', '', '', '', '', '']",《講授類》,[],True
https://selcrs.nsysu.edu.tw/menu5/showoutline.asp?SYEAR=114&SEM=2&CrsDat=HRM947&Crsname=研發管理,,,False,人管碩專,HRM947,0,,"研發管理
R&D MANAGEMENT",3,期,False,28,11,0,28,陳旻男,"四C,D,E(管CM 3043)","['', '', '', 'CDE', '', '', '']",《講授類》,[],False
https://selcrs.nsysu.edu.tw/menu5/showoutline.asp?SYEAR=114&SEM=2&CrsDat=HRM948&Crsname=服務創新,異動,更換時間1/15,False,人管碩專,HRM948,0,,"服務創新
SERVICE INNOVATION",3,期,False,50,0,0,50,陳旻男,"日A,B,5(管CM 3044)","['', '', '', '', '', '', 'AB5']",《講授類》,[],True
https://selcrs.nsysu.edu.tw/menu5/showoutline.asp?SYEAR=114&SEM=2&CrsDat=HRM969&Crsname=商業個案研究,,,False,人管碩專,HRM969,0,,"商業個案研究
BUSINESS CASE STUDIES",3,期,False,28,9,0,28,葉致微,"五C,D,E(管CM 3043)","['', '', '', '', 'CDE', '', '']",《講授類》,[],False
https://selcrs.nsysu.edu.tw/menu5/showoutline.asp?SYEAR=114&SEM=2&CrsDat=HRM976&Crsname=人工智慧在測驗下的相關應用與發展,,,False,人管碩專,HRM976,0,,"人工智慧在測驗下的相關應用與發展
RELEVANT APPLICATIONS AND DEVELOPMENT OF ARTIFICIAL INTELLIGENCE IN MEASUREMENT",3,期,False,15,12,0,15,鄭怡玲,"日8,6,7(管CM 1036)","['', '', '', '', '', '', '678']",《研討類》,[],False
https://selcrs.nsysu.edu.tw/menu5/showoutline.asp?SYEAR=114&SEM=2&CrsDat=HRM983&Crsname=策略管理,,,False,人管碩專,HRM983,0,,"策略管理
STRATEGIC MANAGEMENT",3,期,False,28,24,0,28,陳寶蓮,"六8,6,7(管CM 3043)","['', '', '', '', '', '678', '']",《講授類》,[],False
https://selcrs.nsysu.edu.tw/menu5/showoutline.asp?SYEAR=114&SEM=2&CrsDat=HRM995&Crsname=雇主品牌行銷管理,,,False,人管碩專,HRM995,0,,"雇主品牌行銷管理
EMPLOYER BRANDING AND MARKETING MANAGEMENT",3,期,False,28,4,0,28,楊文芬,"日C,D,E(管CM 3043)","['', '', '', '', '', '', 'CDE']",《講授類》,[],False
https://selcrs.nsysu.edu.tw/menu5/showoutline.asp?SYEAR=114&SEM=2&CrsDat=HRMA913&Crsname=人力資源管理,異動,調整名額1/15,False,人亞碩專,HRMA913,0,,"人力資源管理
HUMAN RESOURCE MANAGEMENT",3,期,False,30,7,0,30,謝慧賢,"一C,D,E(管CM 1036)","['CDE', '', '', '', '', '', '']",《講授類》,[],False
https://selcrs.nsysu.edu.tw/menu5/showoutline.asp?SYEAR=114&SEM=2&CrsDat=HRMA916&Crsname=量化研究方法,,,False,人亞碩專,HRMA916,0,,"量化研究方法
QUANTITATIVE RESEARCH METHODS",3,期,False,50,20,0,50,"李澄賢,王豫萱,陳旻男","六C,D,E(管CM 3051)","['', '', '', '', '', 'CDE', '']",《講授類》,[],False
https://selcrs.nsysu.edu.tw/menu5/showoutline.asp?SYEAR=114&SEM=2&CrsDat=HRMA955&Crsname=永續轉型與變革管理,,,False,人亞碩專,HRMA955,0,,"永續轉型與變革管理
SUSTAINABILITY TRANSITION AND ORGANIZATIONAL CHANGE",3,期,False,50,10,0,50,何佳澔,"六8,6,7(管CM 1037)","['', '', '', '', '', '678', '']",《講授類》,[],False
https://selcrs.nsysu.edu.tw/menu5/showoutline.asp?SYEAR=114&SEM=2&CrsDat=HRMA971&Crsname=策略性人力資源管理,,,False,人亞碩專,HRMA971,0,,"策略性人力資源管理
STRATEGIC HUMAN RESOURCE MANAGEMENT",3,期,False,50,15,0,50,陳寶蓮,"日2,3,4(管CM 2037)","['', '', '', '', '', '', '234']","《講授類》
限修過策略管理相關課程選修",[],False
https://selcrs.nsysu.edu.tw/menu5/showoutline.asp?SYEAR=114&SEM=2&CrsDat=MIS703&Crsname=研究方法（二）,異動,更換授課方式1/8,False,資管博,MIS703,1,,"研究方法（二）
RESEARCH METHODOLOGY(II)",3,期,True,50,0,5,45,邱兆民,"一8,6,7(管CM 2016)","['678', '', '', '', '', '', '']",《講授類》,[],True
https://selcrs.nsysu.edu.tw/menu5/showoutline.asp?SYEAR=114&SEM=2&CrsDat=IPS706&Crsname=政治學數量資料分析,,,False,政治博,IPS706,0,,"政治學數量資料分析
POLITICAL SCIENCE QUANTITATIVE DATA ANALYSIS",3,期,False,40,1,0,40,張晉赫,"三2,3,4(社SS 3010-2)","['', '', '234', '', '', '', '']",《講授類》,['政經大數據分析微學程'],True
